Pedestrian 0.0 0 -1.9667969942092896 440.87908935546875 163.43667602539062 482.59033203125 239.2086181640625 0.92542404 1.6596627 0.61715156 -3.210291 1.2652367 16.287527 -2.1614036560058594 0.9024049043655396
Pedestrian 0.0 0 1.4444705247879028 678.5968627929688 159.48460388183594 710.7633666992188 236.73948669433594 0.9227271 1.7868497 0.643675 2.1713526 1.278857 17.073376 1.5709691047668457 0.8383986949920654
Pedestrian 0.0 0 1.8309123516082764 0.0 151.05885314941406 39.77021026611328 228.64064025878906 1.132065 1.8428853 0.738224 -14.521532 1.1209831 17.728775 1.1446367502212524 0.6091192960739136
Pedestrian 0.0 0 -1.7471987009048462 653.3300170898438 164.92013549804688 685.9810791015625 242.3480682373047 0.9516308 1.7627214 0.6014295 1.5551127 1.3864769 16.850437 -1.655170202255249 0.5225586295127869
Pedestrian 0.0 0 -0.9188976287841797 725.46875 164.59620666503906 745.6072998046875 204.6050567626953 0.70331687 1.6998034 0.53659564 5.764454 0.9826056 30.951181 -0.7347638607025146 0.5028868317604065
Pedestrian 0.0 0 1.096289873123169 714.4599609375 160.82342529296875 739.476806640625 207.21340942382812 0.85588515 1.8546829 0.6863336 5.085559 1.0290303 29.227295 1.2685654163360596 0.39507609605789185
Pedestrian 0.0 0 -1.6710991859436035 845.7528686523438 195.00241088867188 920.0087890625 363.99957275390625 0.63066334 1.7525599 0.6962998 3.0297651 1.9099953 7.905617 -1.3051222562789917 0.3614441454410553
Pedestrian 0.0 0 -1.5688989162445068 387.4521179199219 163.32911682128906 405.6646423339844 215.53427124023438 0.52823377 1.7639427 0.59398514 -7.0411243 1.1510502 24.604202 -1.8476251363754272 0.35741713643074036
Pedestrian 0.0 0 0.29437148571014404 530.1109008789062 168.64187622070312 549.8483276367188 207.58946228027344 0.75551635 1.7501266 0.59085774 -2.8022876 1.173283 32.643383 0.20873594284057617 0.3159549832344055
Pedestrian 0.0 0 -1.7320477962493896 696.7438354492188 170.41256713867188 714.935546875 206.7646484375 0.6244967 1.6979221 0.7573276 4.9085126 1.1809735 33.86793 -1.5881190299987793 0.2854858636856079
Pedestrian 0.0 0 0.2728455364704132 392.8450012207031 187.0842742919922 438.5947570800781 260.6095886230469 0.968564 1.7725409 0.58525264 -4.5919886 1.9133941 17.662165 0.018486738204956055 0.2643073797225952
Pedestrian 0.0 0 1.6787211894989014 226.73887634277344 177.6481475830078 246.83799743652344 223.6376495361328 0.76222605 1.5933176 0.5549604 -12.880607 1.4609357 25.339 1.2084307670593262 0.24966289103031158
Pedestrian 0.0 0 0.2475307285785675 419.87841796875 156.27381896972656 472.4711608886719 211.45591735839844 1.6244743 1.8159318 0.57112694 -5.192416 0.9868771 23.949377 0.034027099609375 0.10429134219884872
Cyclist 0.0 0 1.1203410625457764 566.7716064453125 167.9970245361328 591.1549072265625 201.80166625976562 1.7094798 1.769729 0.62199515 -1.2187408 1.0636766 38.50494 1.0887000560760498 0.6258808970451355
Cyclist 0.0 0 1.775612711906433 600.2738037109375 163.38497924804688 622.179443359375 207.6385040283203 1.863997 1.8281238 0.5698587 0.41552338 1.0807734 30.643555 1.789171814918518 0.5656201243400574
Cyclist 0.0 0 1.1445320844650269 556.8069458007812 165.92320251464844 582.2001342773438 201.76979064941406 1.7732456 1.7887149 0.6182997 -1.6524166 1.0123261 36.772068 1.099625587463379 0.42459869384765625
Cyclist 0.0 0 2.2248966693878174 0.0 174.94967651367188 158.65744018554688 374.0 1.720638 1.7539173 0.55650127 -4.9595747 1.7026246 6.6386676 1.5832709074020386 0.38361185789108276
Cyclist 0.0 0 0.36374539136886597 424.5231018066406 149.43943786621094 477.5787048339844 205.20977783203125 1.6332119 1.8245063 0.56899 -5.0245337 0.7767471 23.905819 0.15658044815063477 0.2670878469944
Cyclist 0.0 0 -1.760743260383606 652.478271484375 162.55242919921875 687.405517578125 238.37188720703125 0.9913966 1.726793 0.6379021 1.5638407 1.2964727 16.881926 -1.6683728694915771 0.13791684806346893
Car 0.0 0 1.5560110807418823 576.678955078125 170.6510467529297 598.3040161132812 192.16859436035156 3.9057405 1.6173654 1.621055 -1.0937172 0.8024757 55.970573 1.5364726781845093 0.33365771174430847
