Pedestrian 0.0 0 0.45782479643821716 0.0 146.24171447753906 51.760108947753906 249.45277404785156 0.61758703 1.8280447 0.5375234 -10.523232 1.2048334 13.050191 -0.22078588604927063 0.47919705510139465
Pedestrian 0.0 0 -1.778836965560913 597.772216796875 173.35263061523438 618.5562133789062 222.62322998046875 1.0475873 1.6838171 0.5189867 0.20537885 1.4064546 25.111284 -1.7706583738327026 0.4594879150390625
Pedestrian 0.0 0 1.65244460105896 421.6091003417969 165.24176025390625 472.6236267089844 291.4801330566406 0.9345963 1.7994952 0.6757872 -2.334949 1.5690538 10.74486 1.4384629726409912 0.39829519391059875
Pedestrian 0.0 0 -1.6199524402618408 768.1946411132812 200.66075134277344 819.0567626953125 316.0254821777344 0.6921429 1.6057376 0.6834241 2.761901 1.8991728 10.540437 -1.3636846542358398 0.25637269020080566
Pedestrian 0.0 0 1.136347770690918 1024.3485107421875 238.17420959472656 1137.24267578125 374.0 0.63701 1.2206423 0.46773663 3.4790237 1.670259 5.3297915 1.7146540880203247 0.1783345341682434
Pedestrian 0.0 0 0.7767941355705261 1094.474365234375 184.90548706054688 1238.0 374.0 0.6787122 1.7091416 0.7423191 3.5370204 1.7329289 4.3395596 1.4606534242630005 0.17720629274845123
Pedestrian 0.0 0 0.028247416019439697 1173.2994384765625 72.78076934814453 1238.0 273.5442199707031 0.60280144 1.8301915 0.6326955 5.919711 0.840468 6.9825892 0.731452226638794 0.14028705656528473
Pedestrian 0.0 0 -1.6209348440170288 759.881103515625 156.79454040527344 777.5938110351562 209.22666931152344 1.7221676 1.6093879 0.4600138 5.3048263 0.8521767 22.93459 -1.393629789352417 0.13085658848285675
Cyclist 0.0 0 -1.8606171607971191 753.2687377929688 156.45852661132812 783.4916381835938 210.1974639892578 1.766596 1.6514286 0.4499748 5.293937 0.88300407 22.967997 -1.6340816020965576 0.4702773094177246
Cyclist 0.0 0 1.246097207069397 737.8213500976562 192.00784301757812 808.2286987304688 312.08648681640625 1.7842656 1.7656437 0.55645 2.6948025 1.9505341 11.634668 1.473702073097229 0.4089253544807434
Cyclist 0.0 0 -1.9797039031982422 593.9049682617188 173.44046020507812 629.1165161132812 228.4874725341797 1.8641434 1.797812 0.49106753 0.29949328 1.535682 24.412466 -1.96743643283844 0.3762940764427185
Cyclist 0.0 0 0.8846447467803955 1115.3212890625 57.189308166503906 1238.0 277.0682678222656 1.6732429 1.8952835 0.6661511 5.906644 0.8251509 7.0299554 1.583428144454956 0.17214277386665344
Car 0.0 0 2.024993896484375 710.1705322265625 160.2256622314453 752.2781982421875 187.3602752685547 3.5142007 1.996458 1.8027573 9.947535 0.43176708 54.799297 2.2045652866363525 0.4040360152721405
Car 0.0 0 -0.05720612406730652 393.062255859375 180.8636016845703 478.8337097167969 214.05848693847656 3.7405808 1.4604543 1.6021322 -7.6052966 1.4334073 32.89518 -0.2844119369983673 0.16342614591121674
Car 0.0 0 -1.5084495544433594 828.6972045898438 147.26307678222656 891.8040161132812 202.10313415527344 3.8140752 1.5760682 1.6420296 8.222059 0.5932597 22.71813 -1.161198616027832 0.15359704196453094
