Pedestrian 0.0 0 -1.5329961776733398 1018.9883422851562 175.71945190429688 1044.2108154296875 227.508056640625 0.65418893 1.7819738 0.7419042 14.771858 1.8849089 25.351845 -1.0054138898849487 0.2974931001663208
Pedestrian 0.0 0 -2.4469826221466064 583.6134643554688 153.55770874023438 602.7005615234375 195.8892364501953 0.5374071 1.9326319 0.7353998 -0.8174315 1.0520238 33.393887 -2.471456289291382 0.288875937461853
Pedestrian 0.0 0 -1.391593098640442 438.4331359863281 155.65655517578125 450.81524658203125 188.21194458007812 0.68534535 1.9060467 0.6008692 -9.794843 0.8995318 42.59807 -1.6176010370254517 0.26197054982185364
Pedestrian 0.0 0 1.4660141468048096 418.2615966796875 142.85243225097656 438.6997985839844 192.0980682373047 0.66810006 1.9164194 0.71627605 -7.2190294 0.7492506 28.513483 1.2180452346801758 0.256441593170166
Pedestrian 0.0 0 0.9989212155342102 1120.5970458984375 165.01686096191406 1156.4957275390625 229.74237060546875 0.5153641 1.9112376 0.69808275 15.756984 1.6801778 21.58082 1.6295892000198364 0.2359185367822647
Pedestrian 0.0 0 -3.736837387084961 1087.72900390625 187.48716735839844 1204.3072509765625 334.308837890625 1.0768267 1.7936882 0.5289274 6.7249966 1.9855247 9.153838 -3.1032238006591797 0.22772842645645142
Pedestrian 0.0 0 -1.6707758903503418 590.7557373046875 169.62158203125 606.6954956054688 210.3004608154297 0.6819621 1.7541904 0.6294214 -0.535999 1.6151576 31.487432 -1.6877968311309814 0.19721023738384247
Pedestrian 0.0 0 2.188427448272705 824.1077880859375 177.97933959960938 860.9922485351562 245.6558837890625 0.66138387 1.6730257 0.6260171 5.8654575 1.8069465 18.351154 2.497788667678833 0.1795852929353714
Pedestrian 0.0 0 -0.2918626070022583 1077.524169921875 139.27561950683594 1108.7796630859375 194.8539581298828 0.73468435 1.8826451 0.6614423 16.596014 0.7455786 24.862097 0.29673242568969727 0.1765722781419754
Pedestrian 0.0 0 0.9480195045471191 976.48095703125 176.6073455810547 1045.33349609375 291.0514831542969 0.68503284 1.7109789 0.6560078 6.150942 1.7715266 11.188727 1.4506665468215942 0.1216607466340065
Pedestrian 0.0 0 0.9678940773010254 1068.049560546875 143.28707885742188 1117.103515625 228.3564910888672 0.749216 1.7825432 0.5460373 10.302393 1.1633562 15.495309 1.5546530485153198 0.11567147076129913
Pedestrian 0.0 0 -1.9289414882659912 1117.8302001953125 129.3029327392578 1149.5650634765625 187.8114471435547 0.6866678 1.917214 0.65640944 17.40966 0.49048546 24.058733 -1.3025307655334473 0.1079297885298729
Pedestrian 0.0 0 -0.4363058805465698 1160.6607666015625 103.21229553222656 1242.0 241.79161071777344 0.744327 1.7608641 0.48334596 7.7416162 0.87631655 9.491113 0.24791717529296875 0.10555574297904968
Pedestrian 0.0 0 -2.158588171005249 510.9375305175781 141.84359741210938 532.6181030273438 188.75390625 0.6101267 1.933479 0.67526233 -3.7329845 0.6556965 30.187986 -2.2816214561462402 0.10076022893190384
Car 0.0 0 -1.8017961978912354 685.4002685546875 179.92160034179688 805.436767578125 259.2149963378906 3.9800591 1.4283845 1.5995048 2.6773283 1.5994471 15.391056 -1.6295660734176636 0.9813965559005737
