Pedestrian 0.0 0 -1.6619186401367188 47.45183181762695 176.90931701660156 73.6341781616211 239.95692443847656 0.5872212 1.6477253 0.50339884 -14.641168 1.4317725 19.169746 -2.3141708374023438 0.2214512825012207
Pedestrian 0.0 0 2.1401350498199463 335.79254150390625 152.7044677734375 380.3364562988281 213.08660888671875 1.4255615 1.7310473 0.57483524 -7.4459643 0.80014026 21.364515 1.8047791719436646 0.14723365008831024
Pedestrian 0.0 0 1.8307881355285645 364.30206298828125 167.17079162597656 390.461669921875 217.75714111328125 1.2390096 1.7381848 0.581011 -8.147428 1.11928 25.330208 1.5195903778076172 0.10987511277198792
Cyclist 0.0 0 2.1544671058654785 335.0788879394531 151.70545959472656 380.6036376953125 213.2945098876953 1.4892758 1.7669572 0.5537444 -7.466966 0.80669755 21.409641 1.8188916444778442 0.40028828382492065
Cyclist 0.0 0 -1.7827949523925781 690.3467407226562 171.843994140625 719.5259399414062 225.7026824951172 1.685122 1.6637397 0.5813797 3.060226 1.251808 23.065397 -1.650889277458191 0.2500910460948944
Cyclist 0.0 0 2.1765084266662598 391.9856872558594 160.78500366210938 433.8105163574219 217.69998168945312 1.3279718 1.6691352 0.57174206 -5.9374967 0.95379186 21.799274 1.9105876684188843 0.20086009800434113
Car 0.0 0 -1.7743840217590332 514.8341674804688 165.8997039794922 561.9020385742188 198.19142150878906 3.860045 1.5392503 1.6113272 -3.5924497 0.6196457 36.344284 -1.8729089498519897 0.9466219544410706
Car 0.0 0 -1.6942464113235474 439.05181884765625 165.72694396972656 477.73846435546875 194.86228942871094 3.5936928 1.47155 1.5775379 -8.018954 0.4883561 38.25925 -1.9008508920669556 0.9371607303619385
Car 0.0 0 -1.761867880821228 359.0224609375 164.54835510253906 401.7079772949219 192.62367248535156 4.060569 1.5774668 1.6617594 -13.533812 0.4173634 42.56692 -2.0697028636932373 0.12279652804136276
Car 0.0 0 3.0519003868103027 392.61541748046875 164.38088989257812 457.4730224609375 186.85012817382812 4.3088913 1.5403227 1.6462891 -12.92763 0.113175765 50.76839 2.8025600910186768 0.11970043182373047
