Pedestrian 0.0 0 0.633883535861969 974.7549438476562 148.70797729492188 1124.21484375 337.5857849121094 1.0576973 1.8335449 0.8316201 4.6695266 1.516585 7.6173377 1.1838164329528809 0.844062864780426
Pedestrian 0.0 0 -1.6463680267333984 685.6232299804688 172.7446746826172 709.5051879882812 224.64002990722656 0.97297394 1.7208287 0.7275587 3.2225754 1.4315908 24.323223 -1.5146455764770508 0.7209950089454651
Pedestrian 0.0 0 -1.8385231494903564 535.9651489257812 169.5054168701172 561.684326171875 226.97486877441406 1.0028522 1.8248808 0.58835137 -1.74482 1.4451078 23.378408 -1.913018822669983 0.606419026851654
Pedestrian 0.0 0 -0.4783603549003601 1101.6986083984375 131.9962615966797 1162.3341064453125 244.40306091308594 0.6137892 1.7759106 0.5332741 8.55627 0.99509954 11.657102 0.15481948852539062 0.5868676900863647
Pedestrian 0.0 0 1.4488054513931274 666.8343505859375 171.62086486816406 688.6676025390625 227.12843322753906 0.95308703 1.8372036 0.61931217 2.5455124 1.5113074 24.254887 1.5533710718154907 0.5659225583076477
Pedestrian 0.0 0 -3.5261590480804443 964.3458862304688 135.76707458496094 1018.8611450195312 256.2597961425781 0.5646831 1.6996096 0.44704112 5.586655 1.0558413 10.382784 -3.032521963119507 0.42640450596809387
Pedestrian 0.0 0 1.2136019468307495 753.5222778320312 186.8003387451172 808.2597045898438 282.40447998046875 0.6293817 1.5898703 0.73667705 3.030807 1.6848209 12.337715 1.4544858932495117 0.37795716524124146
Pedestrian 0.0 0 1.0009387731552124 9.8411226272583 188.86582946777344 55.413368225097656 254.0272216796875 0.7812734 1.6201497 0.58357173 -14.561762 1.8136522 18.351374 0.33017563819885254 0.37144431471824646
Pedestrian 0.0 0 2.968259811401367 609.812255859375 173.56063842773438 625.9891967773438 203.24407958984375 0.8559498 1.6662519 0.4075246 0.9281611 1.221388 40.58608 2.9911248683929443 0.3673591613769531
Pedestrian 0.0 0 1.3270667791366577 727.173095703125 168.3702850341797 776.9440307617188 262.7406005859375 0.6253777 1.7483245 0.79501075 2.809195 1.5063442 13.633951 1.5302671194076538 0.36502784490585327
Pedestrian 0.0 0 0.04441910982131958 925.0113525390625 176.04736328125 987.1814575195312 277.6420593261719 0.9535989 1.7125555 0.6056354 6.182758 1.6219258 12.600668 0.5005741119384766 0.29727575182914734
Pedestrian 0.0 0 -1.3204336166381836 848.40087890625 173.61773681640625 940.216552734375 363.9132385253906 0.5737486 1.681985 0.6843783 2.7174187 1.6136968 6.7801747 -0.9392473697662354 0.2964584529399872
Cyclist 0.0 0 -2.5300168991088867 512.5559692382812 158.5792236328125 543.3739624023438 190.43051147460938 1.7346743 1.7787609 0.55684817 -4.1753716 0.49953982 40.77951 -2.6320502758026123 0.6014304757118225
Cyclist 0.0 0 0.04441910982131958 925.0113525390625 176.04736328125 987.1814575195312 277.6420593261719 0.9535989 1.7125555 0.6056354 6.182758 1.6219258 12.600668 0.5005741119384766 0.14350856840610504
Car 0.0 0 2.2447783946990967 0.0 195.67218017578125 404.7986755371094 374.0 3.9940066 1.4980681 1.6120017 -2.7437987 1.6243603 4.2600603 1.6725795269012451 0.8247230648994446
Car 0.0 0 -1.5915554761886597 705.1531982421875 176.28219604492188 770.2128295898438 235.38552856445312 3.7863872 1.4812937 1.6137581 3.7065108 1.3517051 19.99964 -1.4083057641983032 0.44149091839790344
Car 0.0 0 1.2523616552352905 589.22119140625 179.64114379882812 626.5442504882812 202.48773193359375 3.5939806 1.5597569 1.5991242 0.43410188 1.4335072 50.99399 1.2608742713928223 0.3555258810520172
Car 0.0 0 1.7192187309265137 46.45439529418945 199.49388122558594 103.15043640136719 236.0865936279297 3.5992155 1.5754709 1.7068217 -25.497118 2.4997418 34.870712 1.0878651142120361 0.3373119831085205
Car 0.0 0 3.0599441528320312 208.54824829101562 155.01882934570312 322.2325439453125 198.61582946777344 3.875843 1.590534 1.6678005 -13.048708 0.62547517 27.889797 2.6223320960998535 0.32110217213630676
