Pedestrian 0.0 0 1.012784481048584 311.4285888671875 177.0317840576172 344.5615234375 240.0124053955078 0.66287166 1.6024846 0.53466463 -7.405759 1.7142315 18.822933 0.6379430294036865 0.35837113857269287
Pedestrian 0.0 0 1.2238366603851318 842.378662109375 149.80455017089844 866.76953125 198.498046875 0.7137514 1.8633233 0.69313926 9.43378 0.98166275 27.972181 1.5491132736206055 0.12331471592187881
Cyclist 0.0 0 -1.5564911365509033 1073.267822265625 181.5432891845703 1093.1165771484375 249.4849395751953 1.7578586 1.6706518 0.41050985 12.290289 1.907589 18.798729 -0.9774610996246338 0.154856339097023
Cyclist 0.0 0 1.4440706968307495 975.3134765625 172.5123291015625 993.7799682617188 210.8021240234375 1.2947446 1.5969204 0.53786856 15.934457 1.5830282 30.790186 1.9216338396072388 0.12939004600048065
Car 0.0 0 2.3354625701904297 0.0 162.26483154296875 147.74559020996094 293.6388244628906 3.9489534 1.5701381 1.6229 -9.032155 1.4439377 10.64101 1.631662130355835 0.6064379215240479
Car 0.0 0 -0.9042124152183533 118.76204681396484 206.1968536376953 271.90069580078125 273.4521789550781 3.8835187 1.4870561 1.6204466 -11.361556 2.506822 20.015991 -1.4204857349395752 0.26315727829933167
Car 0.0 0 1.5049679279327393 1004.6954956054688 168.8541717529297 1087.80126953125 233.14308166503906 3.5848138 1.439663 1.5271988 10.783628 1.3504505 18.09879 2.0423085689544678 0.19459371268749237
Car 0.0 0 1.8941373825073242 406.1634216308594 184.09689331054688 452.3364562988281 211.10479736328125 3.9419787 1.5096453 1.5628887 -11.00548 2.2278688 44.041748 1.6492646932601929 0.15155847370624542
Car 0.0 0 -1.366347074508667 345.533447265625 194.5607147216797 400.22113037109375 232.46755981445312 3.7775729 1.5209904 1.6555523 -10.867916 2.5786808 33.17376 -1.682934045791626 0.1088005006313324
Car 0.0 0 1.4140195846557617 806.6708374023438 181.29440307617188 853.7760009765625 214.90882873535156 3.9447255 1.5066595 1.604411 10.711267 1.9457254 35.437378 1.7075475454330444 0.10459568351507187
