Pedestrian 0.0 0 -2.8003435134887695 706.5772094726562 173.78768920898438 716.3809204101562 195.13973999023438 0.57752436 1.7050699 0.71115017 8.149131 1.781199 58.103718 -2.661000967025757 0.38455191254615784
Pedestrian 0.0 0 -0.45098674297332764 567.7621459960938 175.1629180908203 578.9940795898438 199.50880432128906 0.52533495 1.72757 0.7597953 -2.6562595 1.8949853 51.743702 -0.5022766590118408 0.3507263958454132
Pedestrian 0.0 0 1.1850460767745972 1051.194091796875 129.97181701660156 1113.03466796875 246.7403564453125 0.58005255 1.6666938 0.58609724 6.893253 1.0549735 10.636096 1.7600843906402588 0.20548608899116516
Pedestrian 0.0 0 0.9036287665367126 714.2106323242188 123.85672760009766 748.416748046875 193.78688049316406 0.74503887 1.9094805 0.6129618 3.340491 0.5719417 20.173353 1.0677289962768555 0.1258668601512909
Cyclist 0.0 0 -1.9937024116516113 711.6215209960938 165.88026428222656 734.4779052734375 202.83258056640625 1.6636184 1.7190342 0.42962965 5.343075 1.394972 34.422424 -1.8397104740142822 0.16427238285541534
Cyclist 0.0 0 2.4543557167053223 1038.0594482421875 119.72288513183594 1134.8310546875 248.13523864746094 1.0872964 1.8167384 0.5348725 6.887537 1.0654136 10.529818 3.033606767654419 0.13388147950172424
Cyclist 0.0 0 0.3283712863922119 699.7376708984375 117.74786376953125 757.174560546875 183.4457244873047 1.4985732 1.79176 0.53791124 3.275334 0.28922316 20.264755 0.48861265182495117 0.13167735934257507
Car 0.0 0 1.6996588706970215 575.4702758789062 178.5883026123047 615.7916870117188 210.18826293945312 4.136921 1.6136496 1.7052993 -0.77279586 1.9471889 39.771744 1.6802304983139038 0.8973469138145447
Car 0.0 0 0.7784942984580994 93.1870346069336 185.6259765625 227.7692413330078 226.92214965820312 4.4782157 1.4287761 1.5393175 -16.82344 1.9285583 26.970335 0.22077584266662598 0.3062654733657837
Car 0.0 0 -0.8607073426246643 713.3316040039062 164.75584411621094 791.4887084960938 197.81442260742188 3.8701591 1.5362641 1.6307217 6.9722457 1.1602931 35.36457 -0.666050374507904 0.1957937479019165
Car 0.0 0 -1.3534467220306396 668.9505004882812 154.18283081054688 712.9588012695312 182.2746124267578 4.1153517 1.5343094 1.675627 4.687107 0.51489073 41.62408 -1.2413134574890137 0.1439594030380249
