Pedestrian 0.0 0 0.24797526001930237 346.2628173828125 182.71742248535156 422.243896484375 330.524169921875 0.7493529 1.7398645 0.6994716 -2.8238037 1.867152 8.911348 -0.05889246240258217 0.22774489223957062
Pedestrian 0.0 0 -2.998278856277466 687.141357421875 168.9917755126953 726.1868286132812 207.3155517578125 1.8345068 1.8562231 0.6198329 4.7184806 1.6695136 35.492874 -2.866112232208252 0.11034776270389557
Cyclist 0.0 0 -3.0030362606048584 684.9070434570312 173.0403289794922 724.2202758789062 210.1378936767578 1.8520755 1.7964109 0.59930164 4.612856 1.8060688 35.476383 -2.8737356662750244 0.4376981854438782
Car 0.0 0 -1.7513599395751953 877.6266479492188 185.45005798339844 981.753662109375 254.4197540283203 4.420402 1.4763546 1.6502835 8.040942 1.842927 18.635914 -1.3440172672271729 0.9687577486038208
Car 0.0 0 -2.4992127418518066 251.8050537109375 182.33126831054688 522.7363891601562 290.4215393066406 3.991246 1.4917752 1.6369193 -3.6284823 1.6640085 11.645086 -2.801267623901367 0.8041419982910156
Car 0.0 0 1.6063311100006104 711.1184692382812 167.7805938720703 739.288330078125 197.52857971191406 4.0930123 1.9450103 1.760136 7.8862267 1.6136539 49.35126 1.7647892236709595 0.28737083077430725
Car 0.0 0 1.4620397090911865 677.0015869140625 178.45159912109375 705.7802734375 202.59323120117188 3.8632135 1.5904313 1.5789493 5.6135554 1.9965079 50.36157 1.5730465650558472 0.26462534070014954
Car 0.0 0 -2.805290460586548 661.7935180664062 170.79640197753906 715.6102905273438 191.9208221435547 3.758492 1.5731966 1.6737928 6.0036783 1.4203186 55.295853 -2.6971404552459717 0.2313239574432373
Car 0.0 0 -1.6070518493652344 647.3585815429688 170.60191345214844 675.656982421875 197.27581787109375 3.7237458 1.5837051 1.6078665 3.1233711 1.4503503 44.72472 -1.5373295545578003 0.17017972469329834
Car 0.0 0 -2.889685869216919 626.9263305664062 176.67880249023438 715.7476806640625 209.87440490722656 4.2001762 1.6015725 1.7271067 3.087103 1.8042885 36.663883 -2.8056838512420654 0.15969188511371613
