Pedestrian 0.0 0 1.9045048952102661 704.009765625 173.15042114257812 721.0653076171875 217.27467346191406 0.38918626 1.9109932 0.6473858 4.446775 1.9244547 31.571716 2.044431209564209 0.3581521511077881
Pedestrian 0.0 0 -3.051238775253296 668.6773071289062 181.65814208984375 677.1073608398438 202.04234313964844 0.6481196 1.6790552 0.60345685 5.2162457 2.4169858 60.090527 -2.9646494388580322 0.21293698251247406
Pedestrian 0.0 0 2.012716770172119 288.01239013671875 195.14974975585938 380.24566650390625 331.0315856933594 1.6898218 1.7113903 0.5536664 -3.914164 2.054685 10.231813 1.6473448276519775 0.16567151248455048
Pedestrian 0.0 0 -1.5116726160049438 689.3660278320312 170.48245239257812 701.3801879882812 203.16505432128906 0.7108319 1.7022699 0.5880362 4.4599767 1.5791061 37.979877 -1.3947780132293701 0.1575189083814621
Pedestrian 0.0 0 1.9128142595291138 422.4666748046875 194.51629638671875 468.2350158691406 279.2933044433594 1.0253549 1.770908 0.681049 -3.6637208 2.2651212 15.898291 1.6863209009170532 0.1487656980752945
Pedestrian 0.0 0 2.965350866317749 673.8189086914062 177.3213653564453 684.9461669921875 202.3789825439453 0.68448186 1.7500309 0.60406595 4.8576703 2.0671873 50.835583 3.0606181621551514 0.13225118815898895
Pedestrian 0.0 0 -0.500752329826355 547.9340209960938 188.06234741210938 572.678466796875 222.64976501464844 1.1017425 1.7772902 0.708717 -2.6671836 2.5952926 38.193447 -0.5704726576805115 0.12799377739429474
Pedestrian 0.0 0 -0.0076483748853206635 561.1565551757812 191.5419921875 569.7136840820312 217.445068359375 0.561366 1.6895615 0.6680817 -2.9924796 2.9403303 47.922447 -0.07001161575317383 0.11200980842113495
Pedestrian 0.0 0 0.64992356300354 112.18411254882812 189.10806274414062 224.2179412841797 375.0 0.59297603 1.6730245 0.6492977 -4.028413 1.8283 6.522489 0.0966496467590332 0.11108347028493881
Cyclist 0.0 0 2.0864179134368896 65.37565612792969 190.7664337158203 238.61912536621094 375.0 1.6465288 1.6731359 0.53821206 -3.9789658 1.8515587 6.3353753 1.5256246328353882 0.22493869066238403
Cyclist 0.0 0 2.02021861076355 291.2970886230469 197.247314453125 378.0867004394531 329.8360595703125 1.5332618 1.6818769 0.5387125 -3.911814 2.0546277 10.225845 1.6548523902893066 0.208128422498703
Cyclist 0.0 0 -1.059259057044983 548.3986206054688 186.23321533203125 571.4503173828125 220.2047576904297 1.6269244 1.7274019 0.48430583 -2.6767793 2.4514375 38.186096 -1.1292428970336914 0.13764311373233795
Cyclist 0.0 0 1.957545518875122 409.56219482421875 186.8040313720703 462.25091552734375 273.72650146484375 1.5641338 1.7051181 0.5331451 -3.6979525 2.0156047 15.225147 1.719274878501892 0.12916676700115204
Car 0.0 0 -1.7222051620483398 655.7501220703125 191.09251403808594 700.9906005859375 225.4402313232422 3.8527458 1.4521346 1.5824627 3.177929 2.37606 34.56452 -1.6305210590362549 0.9007760882377625
Car 0.0 0 -0.1147279366850853 667.5138549804688 175.76809692382812 710.7371215820312 194.55577087402344 3.4497774 1.5530152 1.6355886 6.6127405 1.8019862 60.726147 -0.006260871887207031 0.2298969328403473
Car 0.0 0 -1.8168154954910278 802.3240356445312 177.9117431640625 1004.7229614257812 347.7749938964844 3.2025664 1.6556445 1.4734923 3.2931063 1.7294605 8.803251 -1.458853006362915 0.2245720773935318
Car 0.0 0 1.5079984664916992 573.4664306640625 189.04525756835938 596.4881591796875 210.81727600097656 3.9299068 1.6618392 1.6687809 -2.1387122 3.057498 60.139275 1.4724507331848145 0.16605333983898163
Car 0.0 0 2.4430527687072754 0.0 185.57879638671875 195.54013061523438 375.0 4.0348344 1.5145043 1.6312488 -4.9091725 1.6363579 4.8123436 1.647694706916809 0.13391268253326416
Car 0.0 0 -1.352601170539856 471.4525451660156 197.46298217773438 568.399169921875 272.5519714355469 3.4874845 1.4533559 1.5339478 -2.0554116 2.0939677 16.95938 -1.4732091426849365 0.1240227073431015
Car 0.0 0 1.6970255374908447 570.0667724609375 194.54165649414062 605.8329467773438 222.62901306152344 3.8459783 1.539246 1.7418522 -1.3509355 2.9409409 44.621494 1.6667593717575073 0.10925695300102234
