Pedestrian 0.0 0 2.7519707679748535 165.7648468017578 184.6638641357422 207.9023895263672 244.9224395751953 0.8291031 1.63177 0.6694573 -11.937624 1.9727838 20.277443 2.219890832901001 0.35480940341949463
Pedestrian 0.0 0 0.6401540637016296 507.8829345703125 172.2416534423828 529.1293334960938 218.0546417236328 0.5656096 1.8911487 0.7202114 -3.8730319 1.8662295 30.234686 0.5127489566802979 0.2488194704055786
Pedestrian 0.0 0 -0.8628208041191101 116.14418029785156 191.36053466796875 154.13343811035156 247.1356658935547 0.73928213 1.6415348 0.63639617 -14.458511 2.2143238 21.909023 -1.4461479187011719 0.1925158053636551
Pedestrian 0.0 0 -3.029327630996704 558.2861938476562 168.92337036132812 575.2619018554688 200.0300750732422 0.9489066 1.8289112 0.54391134 -2.5900524 1.5981686 42.716 -3.0898876190185547 0.17013803124427795
Pedestrian 0.0 0 -0.029934465885162354 128.7620391845703 164.74899291992188 151.80931091308594 223.62176513671875 0.5841271 1.8105565 0.70846665 -14.791353 1.5616555 22.64483 -0.6085482239723206 0.12192489206790924
Pedestrian 0.0 0 2.043400287628174 107.62090301513672 172.4167022705078 156.94456481933594 255.46337890625 0.76292366 1.744836 0.60813063 -10.346994 1.736006 15.570535 1.4568825960159302 0.11340635269880295
Pedestrian 0.0 0 2.204190254211426 89.07986450195312 188.42539978027344 135.99908447265625 253.20361328125 0.9197126 1.6952734 0.6260478 -13.5303955 2.1282296 19.5741 1.5993679761886597 0.11072030663490295
Cyclist 0.0 0 -1.882298469543457 723.8460693359375 150.66397094726562 748.7350463867188 193.04949951171875 1.6514848 1.7362977 0.5503404 5.2685394 0.8276544 30.410671 -1.7107547521591187 0.13772398233413696
Cyclist 0.0 0 1.3131860494613647 889.6589965820312 149.6001434326172 926.8998413085938 215.69253540039062 1.5898203 1.6865189 0.52453053 7.882029 1.0934945 19.231573 1.7021534442901611 0.12714214622974396
Cyclist 0.0 0 2.5354952812194824 290.740478515625 146.68406677246094 344.8041687011719 205.84524536132812 1.4826154 1.763524 0.57972217 -9.055439 0.98378754 22.284565 2.1495227813720703 0.10902197659015656
Car 0.0 0 -1.5031070709228516 672.3027954101562 169.656982421875 714.1210327148438 205.80184936523438 3.6873863 1.5088345 1.6023043 3.7075427 1.3757356 32.07577 -1.388030767440796 0.8730943202972412
Car 0.0 0 1.8432979583740234 591.5626220703125 173.6869659423828 637.275634765625 201.4413604736328 4.045863 1.4829295 1.5563496 0.27003714 1.5329274 40.837955 1.8499102592468262 0.7188961505889893
Car 0.0 0 1.7520068883895874 612.9163208007812 167.4418182373047 650.781982421875 193.75479125976562 4.091942 1.660553 1.7962128 1.4619685 1.3193599 47.720966 1.7826330661773682 0.19609159231185913
