Pedestrian 0.0 0 -1.2368812561035156 483.2802429199219 159.49139404296875 498.9692077636719 192.333984375 0.84442574 1.8662151 0.6497352 -6.8630543 1.1072694 41.46827 -1.4008958339691162 0.3254963457584381
Car 0.0 0 -1.7919793128967285 706.2029418945312 187.1481475830078 834.4341430664062 275.4816589355469 3.8411908 1.4280763 1.6123228 2.9401608 1.7485663 14.222546 -1.588125467300415 0.9785550236701965
Car 0.0 0 1.705427646636963 446.44219970703125 178.8258514404297 522.9721069335938 233.06004333496094 3.9409568 1.363404 1.6282858 -3.5143487 1.5505944 20.573452 1.536241054534912 0.9579653143882751
Car 0.0 0 1.882695198059082 168.2829132080078 176.78598022460938 435.1318054199219 362.2411804199219 3.72761 1.560105 1.5798701 -3.1453712 1.6147763 8.056 1.5104587078094482 0.9485175013542175
Car 0.0 0 1.6514925956726074 500.5077209472656 172.88522338867188 548.6846923828125 216.36856079101562 3.87679 1.6216971 1.6070213 -3.3947468 1.6233903 28.875902 1.5344665050506592 0.8775267601013184
Car 0.0 0 1.4585669040679932 653.4989624023438 180.62716674804688 706.8798828125 221.05966186523438 4.16962 1.4871783 1.6938511 2.7462494 1.8274108 29.445122 1.5515645742416382 0.8601359128952026
Car 0.0 0 1.651630163192749 530.3817749023438 173.4093017578125 566.4575805664062 204.75149536132812 3.9013724 1.5705236 1.5933367 -3.246073 1.6017681 38.175823 1.5668046474456787 0.7474000453948975
Car 0.0 0 1.5423741340637207 638.4149169921875 174.8035430908203 665.0317993164062 201.41419982910156 4.1914225 1.7085264 1.6686529 2.7501247 1.8463387 48.751884 1.5987250804901123 0.4638310968875885
Car 0.0 0 -2.1704466342926025 858.904052734375 39.44230651855469 1242.0 375.0 3.950774 1.8152397 1.6205208 2.7443163 1.4664663 3.874102 -1.5541220903396606 0.43262940645217896
Car 0.0 0 1.4775029420852661 644.0487670898438 176.2901153564453 681.4257202148438 206.55020141601562 4.0536313 1.5007948 1.5963959 2.7104654 1.6932545 38.291664 1.5481698513031006 0.39679431915283203
