Pedestrian 0.0 0 -1.679207682609558 701.037353515625 157.82962036132812 715.598876953125 193.39892578125 0.8437441 1.9041893 0.69250464 5.2817764 1.100223 39.055237 -1.544784665107727 0.2511458992958069
Pedestrian 0.0 0 3.4640610218048096 208.97532653808594 144.20216369628906 282.7055969238281 279.2751770019531 0.788129 1.8417128 0.5758711 -5.174444 1.4514046 10.178228 2.9937291145324707 0.21722303330898285
Pedestrian 0.0 0 1.5641261339187622 730.6901245117188 150.5326385498047 747.4578247070312 194.9793243408203 0.8651127 1.8129946 0.6745223 5.305308 0.9028569 29.91209 1.7396639585494995 0.19345884025096893
Pedestrian 0.0 0 3.1829473972320557 537.4508056640625 172.33663940429688 551.10546875 201.0986785888672 0.8054283 1.7400008 0.5970752 -4.03492 1.7090607 43.966084 3.091430187225342 0.1895824521780014
Car 0.0 0 -1.439766764640808 456.6416931152344 185.4305419921875 537.8016967773438 243.71214294433594 3.982816 1.3643216 1.6811726 -3.024276 1.7442107 19.763115 -1.591615080833435 0.9748769998550415
Car 0.0 0 -1.6698758602142334 659.3092041015625 176.7814178466797 718.7982788085938 223.8298797607422 4.0252256 1.462559 1.6189402 2.5874689 1.6087915 24.780413 -1.565837025642395 0.9531196355819702
Car 0.0 0 -1.3506073951721191 318.2527160644531 190.5586700439453 496.4509582519531 315.19378662109375 4.384065 1.4204193 1.6454992 -2.8889844 1.7469472 11.070468 -1.60587739944458 0.944886326789856
Car 0.0 0 -1.8050400018692017 702.6573486328125 181.35736083984375 852.9432373046875 286.2098693847656 3.8999858 1.4872655 1.6119366 2.6593347 1.6584243 12.52075 -1.5957558155059814 0.8557659387588501
Car 0.0 0 -1.6323378086090088 636.29833984375 176.59144592285156 666.3026123046875 202.3552703857422 3.4238381 1.4164728 1.5235691 2.3276515 1.6426734 41.881233 -1.576817512512207 0.7215233445167542
Car 0.0 0 1.31767737865448 751.5574340820312 156.6918487548828 832.7926635742188 209.1327362060547 3.5936768 1.4421409 1.488758 5.318535 0.9980347 21.645538 1.558614730834961 0.20113877952098846
