Pedestrian 0.0 0 -2.965196132659912 953.550537109375 169.7045440673828 965.4218139648438 196.28280639648438 0.52832526 1.6063582 0.7577129 21.314535 1.4163667 44.06795 -2.5146942138671875 0.5694574117660522
Pedestrian 0.0 0 -0.9975866079330444 150.68081665039062 176.93585205078125 183.53997802734375 228.8280029296875 0.7368495 1.7694138 0.68177205 -15.404834 1.9135396 25.034983 -1.549203634262085 0.30040445923805237
Pedestrian 0.0 0 -2.008528709411621 725.0537109375 170.13900756835938 746.4719848632812 209.73081970214844 0.93052655 1.6781985 0.56744635 5.37563 1.5634747 31.105011 -1.8373970985412598 0.24198368191719055
Pedestrian 0.0 0 3.1941637992858887 291.2511291503906 178.19017028808594 311.4445495605469 214.49380493164062 0.8749302 1.7261308 0.39954612 -14.896772 1.9859505 34.742283 2.7890963554382324 0.22452472150325775
Cyclist 0.0 0 -2.028191566467285 725.0328369140625 170.28366088867188 746.4276733398438 209.6965789794922 0.90421385 1.6715264 0.566613 5.3757267 1.5628747 31.111835 -1.8570936918258667 0.1706884205341339
Car 0.0 0 2.213566541671753 0.0 197.2852783203125 212.05328369140625 293.5917663574219 3.8414035 1.457355 1.6341892 -9.62004 1.9928634 13.85333 1.6065948009490967 0.9610542058944702
Car 0.0 0 2.094064950942993 160.08718872070312 186.94003295898438 285.25762939453125 244.16091918945312 4.135681 1.5793059 1.6687711 -12.238274 2.0704122 23.039396 1.6057785749435425 0.8845966458320618
Car 0.0 0 -1.616348147392273 601.2969360351562 178.50746154785156 629.8887329101562 203.22225952148438 4.006992 1.4822606 1.6430553 0.2877755 1.8608516 46.23611 -1.6101242303848267 0.771699070930481
Car 0.0 0 1.8612858057022095 446.2491149902344 181.29615783691406 484.8008728027344 205.33457946777344 4.0881677 1.6374348 1.6629276 -10.536746 2.279649 52.743103 1.6641067266464233 0.44002801179885864
Car 0.0 0 1.8085098266601562 449.27203369140625 174.91238403320312 499.95025634765625 207.9153289794922 3.8493655 1.5257217 1.593272 -6.6456475 1.6331443 35.56302 1.6237709522247314 0.43590784072875977
Car 0.0 0 -3.3776748180389404 921.3507080078125 165.85198974609375 1013.74951171875 195.4781494140625 4.210817 1.5550054 1.6950693 19.287458 1.1878449 39.158558 -2.92000675201416 0.25036168098449707
