Pedestrian 0.0 0 -0.09091207385063171 822.518798828125 158.87496948242188 943.3678588867188 341.49383544921875 1.1444168 1.8394183 0.7184466 2.9029205 1.6232951 7.6170244 0.27320408821105957 0.8035592436790466
Pedestrian 0.0 0 2.330228567123413 835.27294921875 173.17063903808594 874.6954956054688 244.88946533203125 0.6968738 1.7612056 0.6285363 6.253244 1.5828156 17.79667 2.6681246757507324 0.16647975146770477
Pedestrian 0.0 0 2.5501174926757812 1011.9768676757812 173.7115478515625 1071.485595703125 279.25225830078125 0.6091308 1.711904 0.60423356 7.2208495 1.6034462 11.778074 3.1000959873199463 0.14815478026866913
Pedestrian 0.0 0 2.7671260833740234 669.899658203125 172.4745330810547 721.8995971679688 261.31573486328125 0.90422755 1.7729697 0.58926827 1.8171197 1.614437 14.502596 2.891772747039795 0.11050564050674438
Pedestrian 0.0 0 -2.022088050842285 767.0835571289062 150.75355529785156 822.5810546875 255.4729766845703 0.8748162 1.7680678 0.61933243 3.2774947 1.2674818 12.421492 -1.764110803604126 0.10607240349054337
Pedestrian 0.0 0 -2.9644668102264404 874.353271484375 122.41304016113281 919.6558837890625 238.9413604736328 0.5984027 1.8664192 0.61383194 4.808202 0.93770224 11.739228 -2.575725555419922 0.1040729209780693
Cyclist 0.0 0 -3.443143844604492 911.3157348632812 163.41294860839844 1009.6415405273438 269.281494140625 1.3665541 1.6941311 0.4809228 5.793059 1.4223549 11.655441 -2.9818782806396484 0.12166591733694077
Cyclist 0.0 0 -2.1459007263183594 879.2528076171875 158.7047576904297 947.1490478515625 276.94921875 1.154476 1.8137136 0.447134 4.9207253 1.4810622 11.446849 -1.7399072647094727 0.11517105251550674
Car 0.0 0 -1.1995508670806885 485.3316955566406 140.56809997558594 577.7348022460938 198.51515197753906 3.486715 1.5833381 1.5973624 -2.141218 0.4938233 21.207771 -1.3001737594604492 0.14272630214691162
Car 0.0 0 -2.5265870094299316 1159.650390625 130.37168884277344 1224.0 260.4886169433594 4.136275 1.5568817 1.682154 10.949223 0.95876515 10.6285 -1.7263264656066895 0.10351040959358215
