Pedestrian 0.0 0 0.00573238730430603 394.367919921875 181.7397918701172 413.1498718261719 233.22499084472656 0.5947578 1.6796333 0.6747861 -6.9270496 1.9815845 24.081678 -0.2743542194366455 0.4462445080280304
Pedestrian 0.0 0 1.1392152309417725 359.7135009765625 175.7163848876953 389.846435546875 237.85699462890625 0.73170924 1.7511982 0.57289946 -6.8422737 1.8360647 20.836718 0.8219330310821533 0.26990431547164917
Pedestrian 0.0 0 3.4739508628845215 224.70484924316406 186.4385223388672 275.2605895996094 280.9138488769531 0.7336979 1.6584108 0.36690408 -6.5116873 1.90716 12.959924 3.0083467960357666 0.2374291867017746
Pedestrian 0.0 0 1.9925858974456787 178.71560668945312 135.90762329101562 224.2917022705078 213.076904296875 0.86557114 1.8007715 0.65528363 -9.828599 0.9389733 17.29648 1.4758447408676147 0.16792331635951996
Pedestrian 0.0 0 1.3476879596710205 321.4502868652344 176.70001220703125 363.4892272949219 252.72877502441406 1.136438 1.8407466 0.7599204 -6.8127837 1.9418766 18.219215 0.9898521900177002 0.16008199751377106
Pedestrian 0.0 0 2.7128429412841797 636.3875732421875 155.58802795410156 658.6972045898438 193.84463500976562 0.9197964 1.8710339 0.6426489 1.8204675 1.0269569 35.754173 2.7637152671813965 0.14612719416618347
Cyclist 0.0 0 1.5272552967071533 1169.5218505859375 83.19637298583984 1242.0 323.55169677734375 1.5968845 1.758949 0.5511437 5.0233603 1.1031817 6.0807624 2.2177135944366455 0.22823858261108398
Car 0.0 0 -1.5044142007827759 469.5328369140625 185.04782104492188 510.47955322265625 220.81369018554688 3.605117 1.4239415 1.5493816 -5.287592 1.9945123 31.868385 -1.668835997581482 0.9173545241355896
Car 0.0 0 3.3706672191619873 258.9913330078125 179.08181762695312 401.70867919921875 229.66311645507812 4.396438 1.6774502 1.7725146 -9.772017 1.9072354 25.397366 3.0033631324768066 0.8885528445243835
Car 0.0 0 1.6098766326904297 488.0284423828125 182.1892852783203 521.3230590820312 212.97052001953125 3.9040306 1.4919032 1.5955304 -5.569571 2.0130215 38.22236 1.4651800394058228 0.42122912406921387
Car 0.0 0 2.45135760307312 0.0 0.0 1242.0 375.0 3.9484243 1.4947705 1.5931059 -2.9852026 1.7528586 1.6628578 1.3887884616851807 0.25840792059898376
Car 0.0 0 -1.6679494380950928 605.4871826171875 175.5581512451172 633.8947143554688 199.61273193359375 3.7268732 1.6040796 1.6265043 0.61370766 1.8008194 50.47168 -1.6557905673980713 0.142903670668602
