Pedestrian 0.0 0 -0.4435979723930359 969.9437255859375 102.26166534423828 1113.1051025390625 294.162841796875 1.0234733 1.7685329 0.59814066 4.151518 1.0491992 6.8600416 0.1006171703338623 0.1923520565032959
Pedestrian 0.0 0 -1.3582556247711182 611.7976684570312 159.4359893798828 620.0533447265625 182.3001251220703 0.7871222 1.9009142 0.53818256 0.93357223 0.15087269 59.22305 -1.3424932956695557 0.15683718025684357
Cyclist 0.0 0 2.2537190914154053 414.3879089355469 170.4883575439453 439.3178405761719 198.814697265625 1.7019018 1.7254851 0.5548964 -11.06743 1.1169884 43.95307 2.0070459842681885 0.3701232373714447
Cyclist 0.0 0 -1.8188506364822388 826.4395141601562 124.3597640991211 873.0864868164062 238.48924255371094 1.7379261 1.8096409 0.32634714 4.111574 0.92113495 12.085228 -1.490919589996338 0.290331095457077
Car 0.0 0 -0.986689031124115 810.4044799804688 147.7533721923828 881.140869140625 177.00946044921875 4.3421483 1.5314951 1.6077265 13.457825 -0.20305431 39.440563 -0.6578592658042908 0.3000923991203308
Car 0.0 0 -1.561246395111084 543.392822265625 166.1459197998047 565.8828125 188.71868896484375 3.6213315 1.6227826 1.6145195 -3.7282457 0.5921368 52.682205 -1.631897211074829 0.255137175321579
Car 0.0 0 2.27636981010437 0.0 178.43873596191406 59.1033935546875 232.3530731201172 4.1855497 1.6318175 1.7136507 -20.626337 1.5709894 23.500402 1.5560117959976196 0.23169201612472534
Car 0.0 0 2.6301286220550537 102.34406280517578 186.33750915527344 223.4495086669922 231.2113800048828 3.2657583 1.4141716 1.4635272 -15.273783 1.6329263 24.524197 2.0731096267700195 0.18959563970565796
Car 0.0 0 0.8307384252548218 110.0930404663086 196.4757080078125 192.91583251953125 223.16233825683594 4.3129506 1.4971381 1.7735331 -27.418816 2.4967577 42.76383 0.26059675216674805 0.1827133744955063
Car 0.0 0 -0.19322025775909424 766.5426635742188 154.15493774414062 828.1396484375 177.05984497070312 3.9356523 1.5694447 1.619791 13.477755 -0.24505363 49.67638 0.07171320915222168 0.1593274176120758
Car 0.0 0 1.202507734298706 64.35861206054688 188.37887573242188 112.13578796386719 210.59793090820312 3.729813 1.5869269 1.684349 -39.052578 2.2027173 53.42727 0.5713114738464355 0.14980846643447876
Car 0.0 0 -1.6687538623809814 583.3800659179688 167.70372009277344 607.2950439453125 187.3551483154297 3.938014 1.6017634 1.6353005 -0.830037 0.55997676 59.673725 -1.6826626062393188 0.13737298548221588
