Pedestrian 0.0 0 1.2859281301498413 931.0242919921875 168.90074157714844 981.9185791015625 275.66156005859375 0.6579756 1.7361042 0.60692096 5.747577 1.6721756 12.103385 1.7292733192443848 0.7524678111076355
Pedestrian 0.0 0 -0.027192145586013794 845.078857421875 166.34559631347656 872.3798828125 215.436279296875 0.8654308 1.6533692 0.69233215 8.482151 1.4345249 24.758045 0.30287671089172363 0.4089125990867615
Pedestrian 0.0 0 0.8849698305130005 1050.50390625 164.54312133789062 1106.8800048828125 255.6175537109375 0.61388254 1.6674693 0.64439833 8.740835 1.5156645 13.549072 1.4579098224639893 0.30335408449172974
Pedestrian 0.0 0 -1.2825047969818115 734.6326293945312 175.08242797851562 752.529052734375 213.37783813476562 0.73448414 1.6819155 0.6023599 5.924862 1.7831768 32.204666 -1.1005640029907227 0.26344746351242065
Pedestrian 0.0 0 -0.35362985730171204 674.4008178710938 174.47947692871094 685.4403686523438 196.99000549316406 0.70169973 1.7923795 0.6445064 5.585656 1.9241017 57.90794 -0.2574698328971863 0.24407386779785156
Pedestrian 0.0 0 -3.2195188999176025 726.54296875 174.65643310546875 736.529296875 195.96060180664062 0.7837743 1.7703749 0.5286328 10.133242 1.9221281 60.30532 -3.053041696548462 0.17387428879737854
Pedestrian 0.0 0 -1.8137744665145874 680.2002563476562 173.8118438720703 697.296142578125 204.44964599609375 1.6644261 1.7855059 0.6277282 4.646941 1.8440593 42.968105 -1.7060445547103882 0.10456874966621399
Cyclist 0.0 0 -1.7771559953689575 681.1981201171875 173.14724731445312 696.5760498046875 204.62802124023438 1.7715899 1.8362112 0.55748194 4.659872 1.8544191 43.008972 -1.6692304611206055 0.3379838168621063
Cyclist 0.0 0 -0.15729963779449463 842.7291870117188 166.38290405273438 872.8043823242188 215.54373168945312 0.8777872 1.6600521 0.69235015 8.456008 1.4418956 24.778008 0.17157745361328125 0.14159880578517914
Cyclist 0.0 0 -3.641960382461548 1031.7012939453125 165.19468688964844 1109.012939453125 259.79144287109375 1.0804472 1.7416719 0.58618945 8.615494 1.6010101 13.608929 -3.0775742530822754 0.10435482859611511
Car 0.0 0 -2.3287205696105957 1203.216796875 156.8907928466797 1242.0 196.99998474121094 4.259965 2.243683 1.8026108 37.624176 1.3510692 42.518635 -1.6043184995651245 0.4219854474067688
Car 0.0 0 2.176415205001831 176.95726013183594 181.95896911621094 239.40771484375 208.0758819580078 3.7660758 1.5299269 1.584879 -25.337408 2.1300805 45.577362 1.6690375804901123 0.16700001060962677
Car 0.0 0 1.1474577188491821 638.8485717773438 182.65406799316406 677.009033203125 204.94888305664062 3.7494276 1.6404676 1.5996469 3.7166855 2.4415436 56.914635 1.2126679420471191 0.13693712651729584
