Pedestrian 0.0 0 1.5511858463287354 868.6595458984375 160.37603759765625 885.3042602539062 201.7711181640625 1.4277196 1.5373665 0.56528157 10.147364 1.0743072 27.561392 1.9039578437805176 0.19854159653186798
Cyclist 0.0 0 1.5511858463287354 868.6595458984375 160.37603759765625 885.3042602539062 201.7711181640625 1.4277196 1.5373665 0.56528157 10.147364 1.0743072 27.561392 1.9039578437805176 0.5179177522659302
Cyclist 0.0 0 -3.11688232421875 874.0281372070312 171.33346557617188 951.058349609375 232.14285278320312 1.9335325 1.6219213 0.8498753 8.338676 1.5817235 20.023993 -2.7222893238067627 0.43837302923202515
Car 0.0 0 -1.8175418376922607 749.364990234375 162.43450927734375 891.4747924804688 249.00479125976562 4.558994 1.5153416 1.6887999 4.0759335 1.3333149 14.923012 -1.5509142875671387 0.9432117342948914
Car 0.0 0 1.965383768081665 167.12026977539062 188.4793243408203 401.3852844238281 322.2129211425781 4.07657 1.507622 1.6475414 -4.5324106 1.7830265 10.65367 1.5631474256515503 0.9426987767219543
Car 0.0 0 -1.7444313764572144 725.7245483398438 176.1765594482422 805.9375 230.96011352539062 4.131272 1.4428434 1.5999048 4.447298 1.5511242 21.344046 -1.5390080213546753 0.9371216893196106
Car 0.0 0 2.2543606758117676 0.0 206.8977813720703 260.15576171875 375.0 3.7829256 1.4679654 1.5758313 -4.669722 1.8387841 5.94388 1.5884404182434082 0.8970481157302856
Car 0.0 0 1.7644177675247192 525.6874389648438 174.74229431152344 571.5594482421875 205.01124572753906 3.9860082 1.4743803 1.6376345 -3.164537 1.5782288 37.47168 1.680166244506836 0.8882850408554077
Car 0.0 0 -1.668769359588623 702.255615234375 174.28933715820312 746.2775268554688 209.82980346679688 3.7244194 1.4805855 1.5656352 4.9876995 1.5486166 32.11282 -1.5146825313568115 0.6148807406425476
Car 0.0 0 -1.7826223373413086 706.847900390625 173.0156707763672 770.4282836914062 216.59771728515625 3.7335484 1.5164789 1.5771316 4.6925955 1.5233157 27.014618 -1.6106326580047607 0.609035849571228
Car 0.0 0 1.6564977169036865 590.5031127929688 171.8180389404297 611.31689453125 190.1435546875 4.0054197 1.5902288 1.5299157 -0.80702233 1.5006884 64.66326 1.6440179347991943 0.40326401591300964
