Pedestrian 0.0 0 -1.4923902750015259 637.8356323242188 160.44732666015625 658.9778442382812 211.79681396484375 1.1730729 1.8758637 0.7020948 1.6062227 1.1448317 26.45399 -1.4317470788955688 0.4761996865272522
Pedestrian 0.0 0 -1.2094320058822632 563.1124267578125 167.37379455566406 579.97265625 201.9468994140625 0.75790566 1.8624039 0.69611293 -1.831799 1.1567181 38.550644 -1.2569129467010498 0.29542261362075806
Pedestrian 0.0 0 0.5832259654998779 151.2089080810547 141.27281188964844 247.10430908203125 286.9383239746094 0.85606116 1.7334698 0.5665612 -5.038193 1.2683344 8.717248 0.05917239189147949 0.22857733070850372
Pedestrian 0.0 0 1.9748256206512451 356.0606384277344 167.3962860107422 383.1521911621094 220.4441375732422 0.7514016 1.6608205 0.5711574 -7.5265703 1.2521229 22.529036 1.6524003744125366 0.18495552241802216
Pedestrian 0.0 0 0.23214542865753174 1128.74365234375 143.49496459960938 1224.0 370.0 0.5978307 1.6916758 0.5663303 3.0219085 1.5298386 3.528672 0.940335750579834 0.17188359797000885
Pedestrian 0.0 0 1.5965567827224731 547.4920043945312 184.83140563964844 561.6807250976562 230.9956512451172 0.6380135 1.3203477 0.39806172 -1.5000468 1.4501898 20.606846 1.5238913297653198 0.16664786636829376
Pedestrian 0.0 0 3.4622480869293213 260.9043884277344 123.8235092163086 368.23614501953125 344.4814453125 0.70933115 1.6923332 0.38070804 -2.3530407 1.259363 5.6341066 3.0666260719299316 0.13952472805976868
Pedestrian 0.0 0 2.0688352584838867 446.4459533691406 158.79090881347656 488.1491394042969 222.3900604248047 1.1235794 1.7728363 0.73243105 -3.9856977 1.1692678 20.349897 1.875425100326538 0.1364859640598297
Pedestrian 0.0 0 1.19533371925354 905.3717651367188 151.6138153076172 978.2567138671875 273.2198181152344 1.2878951 1.7279154 0.5553454 5.019746 1.3191342 10.7017565 1.6339229345321655 0.12227019667625427
Pedestrian 0.0 0 1.5814759731292725 526.1275634765625 185.95352172851562 548.3682250976562 248.1515655517578 0.7859846 1.5164694 0.54287845 -1.7327408 1.6579872 17.721548 1.484009861946106 0.11629778891801834
Cyclist 0.0 0 1.0169049501419067 895.7702026367188 149.55191040039062 987.5018920898438 273.2565612792969 1.4888387 1.7389299 0.5444746 5.006755 1.3055565 10.705091 1.4543790817260742 0.1407323032617569
Cyclist 0.0 0 1.3722879886627197 625.6871337890625 162.0321502685547 648.4010620117188 211.7766876220703 0.9077434 1.811653 0.6747039 1.1569669 1.140589 26.245506 1.4163419008255005 0.11837213486433029
Car 0.0 0 0.046104662120342255 498.5508117675781 180.22874450683594 549.0143432617188 201.44378662109375 3.4842842 1.4759889 1.589176 -5.717972 1.4584181 50.096733 -0.06754214316606522 0.23454274237155914
Car 0.0 0 -1.622944951057434 669.3544311523438 163.31211853027344 701.690673828125 192.7495880126953 3.7359602 1.6102653 1.6424799 4.571152 0.6714662 40.58534 -1.510787010192871 0.22183671593666077
Car 0.0 0 -2.672652006149292 0.0 0.0 1224.0 370.0 4.1749163 1.5108812 1.6363267 3.6654983 1.4054952 1.8020738 -1.5587859153747559 0.16301903128623962
Car 0.0 0 -1.5599044561386108 577.3984985351562 168.81048583984375 604.7188720703125 194.55514526367188 3.803494 1.509296 1.6017455 -0.84005034 0.82536423 43.354668 -1.5792782306671143 0.12234307825565338
