Pedestrian 0.0 0 1.896254539489746 623.2047729492188 174.1699676513672 646.75537109375 218.2210235595703 0.91685784 1.6599367 0.6463143 1.2749909 1.3847555 27.610245 1.9423999786376953 0.38343313336372375
Pedestrian 0.0 0 1.7460445165634155 711.5704956054688 188.1370391845703 765.0546875 281.057373046875 0.47847462 1.7777854 0.97057104 2.667694 1.9138337 14.192431 1.931842565536499 0.32570934295654297
Pedestrian 0.0 0 -0.2085130661725998 697.8732299804688 189.2351837158203 738.8392333984375 264.4411315917969 0.8958104 1.8029356 0.5369367 2.818741 1.9964533 17.568144 -0.049422819167375565 0.28410768508911133
Pedestrian 0.0 0 -0.831967294216156 729.243408203125 193.0177001953125 789.9723510742188 297.9995422363281 0.6620592 1.7971085 0.8421602 2.8039775 2.0145693 12.946329 -0.6186769008636475 0.20418958365917206
Pedestrian 0.0 0 1.6071879863739014 469.8670349121094 170.812744140625 507.30438232421875 268.37957763671875 0.8467093 1.7207795 0.64866596 -2.0911894 1.5335634 13.126182 1.4492013454437256 0.19464142620563507
Pedestrian 0.0 0 0.8353925943374634 697.0059204101562 162.787841796875 722.411376953125 215.50709533691406 0.5840213 1.7252997 0.59924227 3.5787327 1.1140128 23.914816 0.9839353561401367 0.15915784239768982
Pedestrian 0.0 0 -0.4968332052230835 1014.89697265625 156.2314910888672 1106.8330078125 296.15570068359375 0.835386 1.7685539 0.582312 5.944187 1.4505111 9.39526 0.06726932525634766 0.1488143503665924
Pedestrian 0.0 0 -1.8012020587921143 911.1466064453125 198.6865692138672 983.046875 350.546875 0.686355 1.5201716 0.5447522 3.6235955 1.7144786 7.669562 -1.359824538230896 0.145618736743927
Pedestrian 0.0 0 1.4294512271881104 844.3241577148438 196.72653198242188 891.5625 313.6767272949219 0.58555573 1.480199 0.5058693 3.4744744 1.6904712 9.516101 1.7795279026031494 0.1344531923532486
Pedestrian 0.0 0 1.277094841003418 931.403564453125 111.71024322509766 980.1918334960938 219.3467559814453 0.61396956 1.7633588 0.58294785 5.923897 0.6213153 12.11529 1.7318718433380127 0.1148090660572052
Pedestrian 0.0 0 2.7938525676727295 720.949462890625 166.83804321289062 734.4066772460938 189.7672119140625 0.943101 1.8146366 0.4925965 10.069902 0.65479773 57.17109 2.968200445175171 0.11362526565790176
Pedestrian 0.0 0 1.721137523651123 948.7489624023438 199.62828063964844 1046.4521484375 374.0 0.5701701 1.6644287 0.71756154 3.619397 1.844882 6.649674 2.2195916175842285 0.10999728739261627
Cyclist 0.0 0 1.4577943086624146 746.9759521484375 157.03268432617188 766.8636474609375 205.64303588867188 1.8499509 1.6498826 0.47462347 5.4456487 0.8205136 25.322247 1.6696220636367798 0.6102596521377563
Cyclist 0.0 0 2.030478000640869 0.0 178.13070678710938 120.07221221923828 372.1861877441406 1.8128421 1.6820225 0.5524504 -5.573967 1.6542021 7.1670737 1.369471788406372 0.392804890871048
Cyclist 0.0 0 -1.812392234802246 624.2920532226562 174.72264099121094 646.1573486328125 218.5050506591797 1.5639831 1.6428622 0.48044744 1.2758826 1.3895849 27.7655 -1.7664724588394165 0.14063727855682373
Cyclist 0.0 0 1.8366304636001587 714.9857788085938 187.92431640625 768.2055053710938 286.3094787597656 0.79117066 1.8438774 0.84707147 2.7132566 1.9758408 14.072349 2.0271008014678955 0.13327907025814056
Cyclist 0.0 0 0.34240999817848206 482.53277587890625 165.0828094482422 550.3258666992188 226.6768341064453 1.8588692 1.7385561 0.58174515 -2.4831693 1.276309 20.76269 0.22337770462036133 0.11181969195604324
Cyclist 0.0 0 -1.8482880592346191 733.1162719726562 193.4248046875 787.267578125 298.3674621582031 0.7733717 1.8162395 0.76649404 2.8043375 2.039057 12.933154 -1.6347603797912598 0.10123205184936523
Car 0.0 0 -2.929727792739868 680.4739990234375 160.00856018066406 734.7011108398438 181.26998901367188 4.014571 1.6475599 1.6378211 8.474087 -0.01828419 57.167072 -2.7825658321380615 0.13808856904506683
Car 0.0 0 -9.863078594207764e-05 430.3675231933594 180.980712890625 515.8642578125 213.07557678222656 4.0653615 1.5339235 1.6173534 -6.3266287 1.5100117 35.482193 -0.17654862999916077 0.13728535175323486
Car 0.0 0 -0.6446264982223511 686.4335327148438 187.36831665039062 837.2337036132812 254.39157104492188 3.4935434 1.5399156 1.5557636 4.028877 1.7013235 18.182692 -0.42657193541526794 0.12561772763729095
