Pedestrian 0.0 0 -1.337507724761963 276.6852722167969 176.5186004638672 318.4457092285156 261.2054138183594 0.71588105 1.6831293 0.6370349 -6.3175626 1.6056288 14.456309 -1.7495074272155762 0.5153704285621643
Pedestrian 0.0 0 2.782043218612671 508.7105407714844 164.64007568359375 521.94091796875 186.74644470214844 1.0197617 1.888434 0.49807107 -7.6997533 0.53479826 60.85279 2.6561813354492188 0.24919404089450836
Pedestrian 0.0 0 -1.5759475231170654 789.8347778320312 162.21812438964844 805.3367919921875 195.13583374023438 1.0848068 1.725592 0.78597146 10.249542 0.76864463 37.684814 -1.3103904724121094 0.24439425766468048
Pedestrian 0.0 0 2.5311427116394043 1053.1361083984375 170.96327209472656 1085.49169921875 238.43641662597656 0.50386757 1.6378422 0.4391918 11.377297 1.4079477 17.385218 3.110621452331543 0.19655750691890717
Pedestrian 0.0 0 -0.06841939687728882 996.7487182617188 106.28668975830078 1064.930908203125 246.7561798095703 0.7732885 1.8634135 0.47291556 5.8149285 0.8806012 9.760119 0.46889472007751465 0.19470378756523132
Pedestrian 0.0 0 -1.3890633583068848 880.4064331054688 151.22036743164062 896.8978271484375 189.241455078125 0.95400697 1.7719016 0.5629943 13.427197 0.40883076 33.49935 -1.0078506469726562 0.12769988179206848
Pedestrian 0.0 0 -2.216343402862549 988.0667114257812 153.21310424804688 1026.9501953125 221.30029296875 0.7607153 1.7213354 0.51948863 10.363651 1.0330789 18.280954 -1.7006105184555054 0.12192381173372269
Pedestrian 0.0 0 -1.9588532447814941 985.4268798828125 145.7291259765625 1007.715576171875 187.6649169921875 0.63212913 1.9790772 0.7453182 18.655136 0.33958277 33.720314 -1.4535324573516846 0.11525838077068329
Pedestrian 0.0 0 -0.18335562944412231 769.4013061523438 157.22608947753906 801.98681640625 189.0518341064453 1.7341554 1.8109418 0.5808352 10.354848 0.48799902 40.574776 0.06651496887207031 0.10181810706853867
Cyclist 0.0 0 -0.19448553025722504 768.1150512695312 157.76553344726562 801.0997924804688 189.7572479248047 1.7548286 1.8215592 0.5844259 10.297085 0.5284774 40.592426 0.05394434928894043 0.25765106081962585
Cyclist 0.0 0 -2.0426042079925537 973.3603515625 143.63766479492188 1024.06640625 211.6349639892578 1.7194496 1.7110739 0.4289513 10.322527 0.7850693 18.65355 -1.5371686220169067 0.167730450630188
Cyclist 0.0 0 -0.9662853479385376 874.6322021484375 145.9474639892578 903.139404296875 184.2348175048828 1.362862 1.7799655 0.5821648 13.431975 0.17508315 33.48437 -0.5847951769828796 0.11020195484161377
Car 0.0 0 -0.4121311604976654 846.9860229492188 162.50636291503906 997.198974609375 208.0080108642578 4.0452538 1.388464 1.5702001 9.916854 0.8409539 22.36597 0.005212545394897461 0.9273114800453186
Car 0.0 0 -0.8184477090835571 0.0 206.5274200439453 291.96783447265625 370.0 3.7293515 1.4793433 1.5575435 -3.2113638 1.6781766 3.4798543 -1.5637415647506714 0.8847151398658752
Car 0.0 0 1.7772636413574219 58.90557861328125 176.22166442871094 98.28269958496094 197.35780334472656 4.060918 1.5288546 1.5846175 -39.627205 1.2206694 53.31405 1.138077974319458 0.10989605635404587
