Pedestrian 0.0 0 1.1273623704910278 755.12548828125 155.1809539794922 825.1508178710938 271.86419677734375 1.0168267 1.8113261 0.73568654 3.0152194 1.4040639 11.71757 1.3792228698730469 0.8915175795555115
Pedestrian 0.0 0 1.7451025247573853 448.7177429199219 174.83580017089844 466.6280822753906 215.1829071044922 0.7715432 1.6788011 0.6172512 -6.071207 1.4024924 30.27949 1.5472208261489868 0.5303568840026855
Pedestrian 0.0 0 1.7957134246826172 431.8063659667969 168.6758575439453 458.3829345703125 225.9936065673828 0.94882613 1.8301413 0.6531756 -5.1128197 1.4217697 23.411266 1.5806978940963745 0.5194676518440247
Pedestrian 0.0 0 -1.3816922903060913 492.42462158203125 164.83746337890625 514.1011352539062 210.2225341796875 0.6293427 1.6931177 0.70659 -3.7236643 1.0725462 27.128162 -1.5181018114089966 0.5193966031074524
Pedestrian 0.0 0 1.202420711517334 605.193603515625 164.26431274414062 619.9010009765625 194.76856994628906 1.0032474 1.7885122 0.54817677 0.65880966 0.7787308 42.679947 1.2178555727005005 0.42096900939941406
Pedestrian 0.0 0 -2.6846110820770264 387.763671875 145.5698699951172 449.27947998046875 234.4967498779297 1.10651 1.8659061 0.66910255 -3.9781716 1.1132365 15.510436 -2.935682535171509 0.340363085269928
Pedestrian 0.0 0 3.436034917831421 100.73577880859375 134.9584197998047 165.51438903808594 266.44732666015625 0.6241974 1.7849437 0.5812902 -6.624841 1.154472 10.115436 2.856205940246582 0.325808048248291
Pedestrian 0.0 0 1.901020884513855 523.9188842773438 161.49903869628906 542.7095336914062 199.68157958984375 0.74223775 1.7229753 0.6509589 -3.1235623 0.82137716 32.84885 1.8062169551849365 0.3026968240737915
Pedestrian 0.0 0 -1.6289726495742798 590.139892578125 161.48277282714844 601.3952026367188 193.099365234375 0.8986852 1.8459022 0.61195594 -0.33596063 0.6779944 42.405212 -1.6368950605392456 0.2841009199619293
Pedestrian 0.0 0 2.4608352184295654 19.168664932250977 161.08033752441406 99.22991180419922 296.5790710449219 0.5695483 1.7925451 0.69071174 -7.4789433 1.5237366 9.859402 1.8118784427642822 0.27229562401771545
Pedestrian 0.0 0 -2.5243937969207764 223.46266174316406 151.40933227539062 343.1181945800781 327.70391845703125 1.0698344 1.8508347 0.5793188 -3.5454204 1.5362883 7.9274383 -2.9449450969696045 0.2720688283443451
Pedestrian 0.0 0 -3.0871028900146484 1136.5782470703125 160.94554138183594 1238.0 374.0 0.61446446 1.6497904 0.6549952 3.647957 1.5381995 4.396001 -2.394432544708252 0.23991802334785461
Pedestrian 0.0 0 0.29266610741615295 592.9853515625 163.34046936035156 609.8275146484375 193.54917907714844 0.95449 1.8412625 0.41851565 0.0034546312 0.73515934 44.118973 0.29274439811706543 0.2207392305135727
Cyclist 0.0 0 -2.639039993286133 380.1844482421875 149.69216918945312 448.0214538574219 237.28208923339844 1.2514334 1.8299581 0.6609045 -4.066354 1.1666528 15.477775 -2.895956039428711 0.17577537894248962
Cyclist 0.0 0 1.1974736452102661 605.2056884765625 164.35594177246094 619.971435546875 194.9622039794922 0.9954821 1.7933786 0.5504092 0.66081566 0.7895943 42.650963 1.212965965270996 0.13843177258968353
Cyclist 0.0 0 -1.6616955995559692 589.1566162109375 162.65084838867188 601.8096923828125 194.10791015625 0.7877787 1.838992 0.6773938 -0.35263392 0.73783946 42.417027 -1.670008897781372 0.1143939346075058
Car 0.0 0 1.7349615097045898 434.88226318359375 177.68435668945312 578.4302978515625 279.38031005859375 4.108821 1.4286181 1.7229052 -1.4483441 1.3763342 12.180212 1.616607666015625 0.970448911190033
Car 0.0 0 -2.1782243251800537 581.5330200195312 169.5382537841797 627.4518432617188 192.4950408935547 3.4689643 1.5484176 1.5004843 0.19555683 0.7422727 50.302414 -2.1743366718292236 0.21950118243694305
Car 0.0 0 -2.7854011058807373 1163.203857421875 57.43954086303711 1238.0 192.4191131591797 4.607906 2.303102 1.7950449 14.601893 0.18758978 14.721919 -2.004096031188965 0.2079380750656128
Car 0.0 0 -0.45451879501342773 0.0 184.05389404296875 149.10879516601562 261.37005615234375 3.5520585 1.5334895 1.5755098 -12.58434 1.59958 16.313684 -1.111574411392212 0.2001788467168808
