Pedestrian 0.0 0 -0.9156340956687927 978.8097534179688 142.0464630126953 1021.9584350585938 219.57012939453125 0.6020148 1.6952386 0.60372156 8.903381 0.8337164 16.102394 -0.4105496406555176 0.5520708560943604
Pedestrian 0.0 0 0.1934812366962433 399.1744079589844 166.80259704589844 443.46270751953125 240.0967559814453 0.9872449 1.8016444 0.5543526 -4.5277343 1.4415574 17.957966 -0.053500737994909286 0.5436787009239197
Pedestrian 0.0 0 -2.8520240783691406 485.5313720703125 182.67457580566406 524.0428466796875 250.18605041503906 0.88459295 1.7396859 0.5436292 -2.5642745 1.7722365 18.856167 -2.9871861934661865 0.48028790950775146
Pedestrian 0.0 0 3.2197041511535645 396.7022399902344 174.0363311767578 433.50628662109375 242.54486083984375 0.8921178 1.7554103 0.5382443 -4.8871484 1.565344 18.746876 2.964688539505005 0.47976958751678467
Pedestrian 0.0 0 2.5208516120910645 735.0935668945312 140.57142639160156 765.9841918945312 190.90716552734375 1.0490627 1.9562669 0.58855635 5.875116 0.36661875 28.396437 2.7248692512512207 0.4256468117237091
Pedestrian 0.0 0 0.06617546081542969 472.38299560546875 181.9728240966797 523.7279663085938 253.615966796875 1.2254294 1.7429732 0.6161293 -2.5879123 1.7561272 17.832825 -0.07793919742107391 0.3758724629878998
Pedestrian 0.0 0 0.7891764044761658 118.38556671142578 189.6837921142578 172.45091247558594 290.90057373046875 0.57813066 1.538033 0.43206683 -7.169377 1.6704341 11.231216 0.2210390567779541 0.3692437410354614
Pedestrian 0.0 0 -1.4773181676864624 539.43115234375 170.8125762939453 558.9884033203125 208.67227172851562 0.7736691 1.6666414 0.8019606 -2.3357513 1.1971169 32.01462 -1.5501480102539062 0.3118816912174225
Pedestrian 0.0 0 -0.5895677208900452 194.90609741210938 134.48155212402344 251.4960174560547 251.04180908203125 0.46626043 1.7610509 0.70880574 -5.953007 1.0519776 11.223559 -1.0772407054901123 0.2842250466346741
Pedestrian 0.0 0 2.3995554447174072 725.0045166015625 145.5198974609375 751.859375 191.51112365722656 1.0000397 1.9477738 0.5905595 5.8855176 0.42495367 30.933762 2.5875701904296875 0.2466527819633484
Cyclist 0.0 0 -1.9079089164733887 637.6857299804688 172.66461181640625 653.0223388671875 202.18466186523438 1.6124362 1.6655068 0.36618918 2.5210664 1.16782 41.351124 -1.8470169305801392 0.4780295491218567
Cyclist 0.0 0 0.07826989889144897 470.92205810546875 182.5241241455078 524.005615234375 254.3477783203125 1.261456 1.7478286 0.6311058 -2.603837 1.7749629 17.84496 -0.06662200391292572 0.23868615925312042
Cyclist 0.0 0 -2.8408422470092773 389.1730651855469 167.0984344482422 453.27069091796875 240.69895935058594 1.4935454 1.8199302 0.4536396 -4.548209 1.4650086 18.026253 -3.08799409866333 0.10490341484546661
Car 0.0 0 -1.8142513036727905 707.2509155273438 157.28097534179688 834.0330810546875 255.96038818359375 3.7120948 1.7773669 1.6529118 3.289469 1.342415 14.811755 -1.5957131385803223 0.9510964751243591
Car 0.0 0 -1.6169382333755493 541.9815673828125 182.8072967529297 573.3494873046875 209.65394592285156 3.848231 1.461395 1.6152289 -2.555712 1.5409424 41.292797 -1.678751826286316 0.5798602104187012
Car 0.0 0 -1.7320085763931274 526.0673217773438 172.2467803955078 563.5031127929688 210.96482849121094 2.465089 1.7095343 1.3342769 -2.646884 1.301924 33.070522 -1.8118759393692017 0.30948132276535034
Car 0.0 0 -2.6266543865203857 0.0 0.0 1238.0 374.0 3.9102464 1.4933593 1.5996155 3.3477435 1.581785 1.8239802 -1.5547300577163696 0.27557462453842163
Car 0.0 0 -2.425161838531494 1105.8677978515625 192.77719116210938 1238.0 374.0 3.9627666 1.4137739 1.5795939 7.0295606 1.5545839 6.8585234 -1.6274487972259521 0.25206083059310913
