Pedestrian 0.0 0 -2.0042927265167236 909.584228515625 140.92713928222656 931.1910400390625 180.9615936279297 0.78084093 1.901882 0.6887684 14.873026 0.38551843 34.674732 -1.5990982055664062 0.1843561977148056
Pedestrian 0.0 0 -0.4991690516471863 516.17626953125 165.53756713867188 527.4891357421875 191.8190155029297 0.5488212 1.8205997 0.6313617 -6.188339 1.3141239 50.396866 -0.621349573135376 0.1751376986503601
Pedestrian 0.0 0 -1.7323052883148193 902.5086669921875 156.193603515625 920.3226318359375 191.3212127685547 0.9932469 1.7521322 0.6802949 15.224547 0.92148507 36.54865 -1.337608814239502 0.13602666556835175
Pedestrian 0.0 0 0.39563000202178955 0.0 208.0308837890625 39.880287170410156 264.7669982910156 0.87036735 1.7653018 0.74000084 -19.322157 2.9359245 23.521744 -0.29205965995788574 0.13297013938426971
Cyclist 0.0 0 1.0673987865447998 933.0068969726562 148.08714294433594 1056.6622314453125 311.10980224609375 1.5841801 1.6966103 0.54625916 4.3089504 1.4392145 8.305063 1.5460000038146973 0.16045667231082916
Cyclist 0.0 0 1.4484002590179443 893.607666015625 174.3768310546875 919.758544921875 230.79278564453125 1.5320324 1.6097186 0.53118956 8.754396 1.6570339 21.437431 1.8361009359359741 0.13710074126720428
Car 0.0 0 1.9036507606506348 267.1281433105469 180.7144317626953 376.9206237792969 247.55084228515625 4.4036965 1.8045295 1.788517 -8.754228 2.0715983 22.242044 1.5286831855773926 0.8199597597122192
Car 0.0 0 1.7999316453933716 413.287353515625 185.55841064453125 459.4978942871094 215.5507049560547 3.9598725 1.4960681 1.6122183 -9.514125 2.2296553 39.65546 1.564462661743164 0.7219647169113159
Car 0.0 0 1.7069908380508423 457.5382080078125 183.6600341796875 488.16754150390625 206.78578186035156 3.9882011 1.5585302 1.6674032 -9.975447 2.37655 52.55975 1.5194292068481445 0.6494903564453125
Car 0.0 0 1.4941041469573975 518.770751953125 176.42294311523438 541.0252685546875 195.46710205078125 3.749559 1.5269771 1.5696633 -6.775124 1.836853 60.584534 1.382737636566162 0.18152275681495667
Car 0.0 0 2.193065643310547 103.14017486572266 185.07351684570312 190.7398223876953 221.41453552246094 3.9224877 1.5841061 1.5598673 -22.253716 2.2076318 34.794056 1.624047875404358 0.1387563943862915
Car 0.0 0 -1.6012638807296753 600.6161499023438 179.28372192382812 619.2651977539062 196.05404663085938 3.9867613 1.5062554 1.6415557 -0.049127556 2.1338634 68.36881 -1.6019824743270874 0.12099158763885498
