Pedestrian 0.0 0 0.09130313992500305 726.7168579101562 173.9783477783203 738.4737548828125 195.67803955078125 0.9432926 1.8242447 0.45317546 10.348288 1.9202371 61.03049 0.2592649459838867 0.2501542270183563
Pedestrian 0.0 0 -0.7473571300506592 981.4789428710938 130.84669494628906 1028.91748046875 228.70118713378906 0.5204899 1.80024 0.5935781 7.4043565 1.0277848 13.623325 -0.24951355159282684 0.23281072080135345
Pedestrian 0.0 0 2.281503677368164 597.7305908203125 168.98068237304688 609.887451171875 192.25791931152344 0.65528965 1.7658045 0.6631293 -0.4994586 1.4723334 55.197193 2.2724552154541016 0.1724918782711029
Pedestrian 0.0 0 -3.177722454071045 859.7554321289062 109.30926513671875 919.4803466796875 239.12136840820312 0.7758355 1.7947527 0.70563394 3.9712937 0.9165554 10.431949 -2.813976287841797 0.11467242240905762
Pedestrian 0.0 0 3.4858932495117188 313.8066711425781 128.8019256591797 369.02166748046875 208.60426330566406 1.0475041 1.852618 0.7186759 -6.4070716 0.8303033 17.114405 3.1276774406433105 0.10232560336589813
Cyclist 0.0 0 2.3943984508514404 364.4435729980469 124.08489227294922 419.7109680175781 189.85763549804688 1.5679579 1.8084965 0.5378492 -6.2639513 0.46789232 20.64928 2.0998713970184326 0.236643448472023
Cyclist 0.0 0 -0.4935868978500366 963.5133666992188 131.31509399414062 1044.7923583984375 230.49411010742188 1.2915705 1.8423159 0.44379702 7.379738 1.0710611 13.624025 0.0028390884399414062 0.19924584031105042
Cyclist 0.0 0 2.2994117736816406 303.35516357421875 124.7713394165039 363.40362548828125 202.62698364257812 1.3731998 1.7570161 0.54957795 -6.5529003 0.6722634 17.020039 1.9318934679031372 0.18897777795791626
Cyclist 0.0 0 -2.076856851577759 1186.6119384765625 112.62071990966797 1242.0 247.94358825683594 1.3775032 1.6433233 0.3974344 8.145928 0.91222495 9.47414 -1.366697072982788 0.12772776186466217
Cyclist 0.0 0 -1.9611760377883911 852.7586059570312 109.5464859008789 924.5790405273438 243.49176025390625 0.905116 1.8579068 0.6743973 3.96818 0.9801488 10.467271 -1.5988125801086426 0.11579424887895584
Car 0.0 0 1.728945016860962 604.4785766601562 178.34478759765625 641.4456787109375 206.3406219482422 3.8171287 1.5567614 1.6197127 0.7821995 1.8992375 42.933575 1.747161865234375 0.8230727910995483
Car 0.0 0 -1.8928135633468628 913.9617309570312 136.70217895507812 989.2265014648438 176.6820831298828 3.970798 1.5709132 1.6827294 14.252674 0.15077311 30.417864 -1.4546306133270264 0.10192591696977615
