Pedestrian 0.0 0 -2.5786430835723877 569.5537109375 152.13363647460938 586.3262329101562 189.20826721191406 0.61208636 1.8505288 0.6160773 -1.6550987 0.8166584 36.430927 -2.6240429878234863 0.44983965158462524
Cyclist 0.0 0 1.539312481880188 419.2393798828125 173.39813232421875 443.87786865234375 246.9984893798828 1.789011 1.7835785 0.5484331 -4.6209717 1.7985442 18.431717 1.2936679124832153 0.8614315390586853
Cyclist 0.0 0 1.562591552734375 453.583984375 174.87623596191406 474.76361083984375 239.68658447265625 1.7965635 1.7563297 0.56607014 -4.210085 1.816909 20.54667 1.360485553741455 0.8527002334594727
Car 0.0 0 -1.8687658309936523 663.6044921875 178.65029907226562 783.22705078125 258.8873596191406 3.244757 1.4404509 1.5267301 2.1715376 1.5744975 14.919106 -1.724226713180542 0.9663301706314087
Car 0.0 0 1.0627009868621826 797.0728759765625 182.15957641601562 1242.0 375.0 3.861792 1.471745 1.6734952 2.8983247 1.5736262 5.8978972 1.519458293914795 0.9414596557617188
Car 0.0 0 -1.4515379667282104 318.88653564453125 190.15972900390625 408.7266845703125 256.24652099609375 3.8291736 1.3335475 1.6263214 -5.9506683 1.8066127 17.665821 -1.7764469385147095 0.9373297095298767
Car 0.0 0 -1.731289267539978 558.197509765625 178.85470581054688 604.67578125 214.75265502929688 3.6090083 1.5576156 1.6140779 -1.4321657 1.8558137 33.880142 -1.7735356092453003 0.9208471179008484
Car 0.0 0 -1.8035639524459839 611.4111938476562 172.42477416992188 692.1436157226562 225.39114379882812 3.6948445 1.470173 1.6256243 1.133422 1.4586174 21.98846 -1.752063274383545 0.7850180864334106
Car 0.0 0 1.638404369354248 357.0083923339844 185.77838134765625 419.8558654785156 241.0406036376953 3.9240246 1.4992175 1.6200994 -6.909769 1.9427867 22.646177 1.3422582149505615 0.7263461947441101
Car 0.0 0 -1.4430023431777954 414.46026611328125 181.53700256347656 454.6037902832031 213.2813262939453 3.768288 1.5774223 1.636348 -9.4391985 2.0694132 38.88805 -1.6811246871948242 0.4726139307022095
