Pedestrian 0.0 0 -0.16604360938072205 836.1687622070312 170.25027465820312 866.3155517578125 218.4045867919922 0.9808361 1.7986666 0.70148766 9.100128 1.7017698 27.370457 0.1549386978149414 0.4800960123538971
Pedestrian 0.0 0 2.0934324264526367 1135.508056640625 183.1275177001953 1189.33740234375 273.34649658203125 0.6452445 1.7459009 0.61772966 11.018425 1.9580626 14.463216 2.7444581985473633 0.36934441328048706
Cyclist 0.0 0 -0.1839325726032257 835.4678344726562 170.1127471923828 866.59423828125 218.3468780517578 1.0053723 1.8011705 0.71010584 9.088831 1.6991639 27.361366 0.13677740097045898 0.1511608362197876
Car 0.0 0 2.0338706970214844 190.79527282714844 189.58480834960938 289.2221984863281 233.61253356933594 3.9581282 1.4525335 1.7218672 -13.906575 2.1319623 27.297094 1.5626895427703857 0.9323411583900452
Car 0.0 0 2.0198867321014404 158.38845825195312 190.5271759033203 252.61231994628906 229.1563720703125 4.4925094 1.3859586 1.6559657 -16.86447 2.1840017 30.272823 1.5116219520568848 0.7130884528160095
Car 0.0 0 1.7537344694137573 385.4945983886719 182.79318237304688 422.060546875 205.9501953125 4.244098 1.4693829 1.6862329 -14.223801 2.1867378 49.855465 1.4758172035217285 0.681930422782898
Car 0.0 0 2.190443992614746 0.0 184.86471557617188 47.79983139038086 234.78958129882812 3.9441442 1.4548705 1.5799837 -20.964485 1.8894718 24.044628 1.4733731746673584 0.43815797567367554
Car 0.0 0 -0.6265592575073242 888.3010864257812 155.05894470214844 1046.4876708984375 212.12689208984375 3.7950544 1.530143 1.6194576 10.037915 1.0533683 20.46357 -0.1705194115638733 0.4318523406982422
Car 0.0 0 0.5856751799583435 991.9022827148438 177.07872009277344 1082.6058349609375 210.1057586669922 3.7257392 1.5694755 1.5838832 21.685978 1.7972978 36.824184 1.1178972721099854 0.3305140435695648
Car 0.0 0 -0.8393814563751221 133.8650665283203 166.82211303710938 197.8560333251953 193.42478942871094 3.7284286 1.7448469 1.6586033 -30.306189 1.3495787 49.305023 -1.3905160427093506 0.2511698007583618
