Pedestrian 0.0 0 1.7841436862945557 142.29556274414062 151.33612060546875 173.74728393554688 214.76998901367188 0.66573673 1.9002931 0.6901525 -13.846622 1.2560384 22.042906 1.223270297050476 0.5623619556427002
Car 0.0 0 -1.804282546043396 690.3141479492188 181.6653594970703 829.3370361328125 270.21307373046875 4.0017905 1.375021 1.631194 2.5930104 1.5668828 13.642966 -1.6164606809616089 0.9823026061058044
Car 0.0 0 0.6590476036071777 0.0 192.92562866210938 267.6466979980469 332.9214172363281 4.2349205 1.3926607 1.5633472 -6.43534 1.6432804 8.198388 -0.0064500682055950165 0.943850040435791
Car 0.0 0 -1.6644972562789917 661.1905517578125 176.35983276367188 709.9651489257812 214.30697631835938 3.6412387 1.3955572 1.5810512 2.902062 1.5442328 28.69639 -1.56371009349823 0.9273344278335571
Car 0.0 0 -2.561161994934082 19.212871551513672 191.46670532226562 358.87030029296875 299.7720947265625 4.213413 1.4313402 1.5585531 -6.17034 1.7322443 10.745667 -3.082407236099243 0.902948260307312
Car 0.0 0 0.43926113843917847 214.94439697265625 180.1776123046875 412.8269348144531 259.9263000488281 3.6973565 1.6448114 1.6690165 -6.508394 1.8168391 15.98016 0.05249500274658203 0.8334752917289734
Car 0.0 0 0.47884082794189453 134.06185913085938 187.56629943847656 384.9237365722656 274.7760314941406 3.8937573 1.4774418 1.5683672 -6.412469 1.7672814 13.350105 0.0310518741607666 0.8140308856964111
Car 0.0 0 3.3306093215942383 404.87310791015625 178.67201232910156 506.29107666015625 213.16641235351562 4.1943808 1.4823837 1.572987 -6.855714 1.74843 32.116352 3.1203010082244873 0.6504649519920349
Car 0.0 0 0.43331295251846313 373.22039794921875 180.58168029785156 500.4947509765625 226.6363983154297 4.040166 1.5194653 1.6505518 -6.106711 1.8049364 25.412827 0.19748401641845703 0.5907981991767883
Car 0.0 0 3.260176658630371 452.3981018066406 176.20712280273438 522.398681640625 206.19439697265625 3.4378192 1.5202053 1.5991375 -6.3930206 1.6996827 37.657043 3.092010498046875 0.5515748262405396
