Car 0.0 0 -1.752030372619629 696.759521484375 189.00216674804688 798.491455078125 257.7563781738281 3.3500173 1.3354568 1.5873888 2.9126146 1.4287598 15.819264 -1.5699514150619507 0.9815981388092041
Car 0.0 0 -1.3085521459579468 370.0267639160156 181.4537353515625 488.2772216796875 262.311279296875 3.277667 1.5248014 1.6227268 -3.6948423 1.4549898 15.210107 -1.54685640335083 0.9663950800895691
Car 0.0 0 -1.4093215465545654 451.34033203125 181.60116577148438 521.907470703125 234.03561401367188 4.0323696 1.5585735 1.631061 -3.883254 1.4522654 23.382359 -1.5738956928253174 0.9301942586898804
Car 0.0 0 -1.08595609664917 156.63417053222656 189.6379852294922 315.16229248046875 262.35174560546875 3.458293 1.3719914 1.5974431 -7.8847046 1.4792827 15.512206 -1.5562139749526978 0.895946741104126
Car 0.0 0 -1.699884057044983 643.2431640625 180.6450653076172 687.74169921875 214.4288787841797 3.8302362 1.5574416 1.6743015 2.7284322 1.3478663 35.09133 -1.6222878694534302 0.8739773035049438
Car 0.0 0 -0.8911716938018799 0.0 194.86727905273438 309.34136962890625 376.0 3.943872 1.5075893 1.6439955 -3.5773578 1.595736 4.4988728 -1.56295907497406 0.8551708459854126
Car 0.0 0 -1.3461986780166626 335.2887268066406 182.7845458984375 409.00885009765625 227.27972412109375 4.1923676 1.4688137 1.6242825 -8.414522 1.3896911 25.886599 -1.6604787111282349 0.8277513980865479
Car 0.0 0 -1.4193055629730225 489.4730224609375 183.18247985839844 533.4044189453125 215.343994140625 3.5091846 1.4531184 1.5636944 -4.568774 1.3623853 34.24451 -1.551938533782959 0.7883961200714111
Car 0.0 0 -1.596839189529419 587.3739624023438 178.3914031982422 611.0897827148438 200.60662841796875 3.6242535 1.5197827 1.5829868 -0.6543174 1.0540524 51.015934 -1.6096642017364502 0.60258549451828
Car 0.0 0 -1.38424551486969 440.8868103027344 170.91395568847656 479.2452392578125 197.82435607910156 3.7699645 1.550558 1.5936725 -8.874947 0.7276336 43.313328 -1.5863491296768188 0.5232917666435242
