Pedestrian 0.0 0 -3.4107813835144043 1004.2695922851562 147.6549530029297 1123.0340576171875 362.83038330078125 0.715639 1.7321934 0.646105 3.8198555 1.5296953 6.215568 -2.859722852706909 0.2516576051712036
Pedestrian 0.0 0 -2.972167491912842 742.8433227539062 160.95489501953125 773.9093017578125 217.6627655029297 0.85686463 1.714719 0.5567935 4.5278006 1.3552747 22.229528 -2.7712321281433105 0.23821963369846344
Pedestrian 0.0 0 0.5625796318054199 0.0 111.62720489501953 43.60369110107422 242.36659240722656 0.6614669 1.6870346 0.45452878 -8.083732 0.8973342 9.578546 -0.13838663697242737 0.22805045545101166
Pedestrian 0.0 0 2.512706995010376 0.0 201.95042419433594 37.63998031616211 272.4034118652344 0.7355425 1.8252071 0.6860422 -16.153513 2.629638 19.495571 1.820784330368042 0.2074015587568283
Pedestrian 0.0 0 0.6251622438430786 13.772819519042969 176.5093231201172 61.671478271484375 254.64991760253906 0.65899163 1.8575071 0.64495736 -13.934518 1.9483371 17.518291 -0.046783894300460815 0.1826426237821579
Pedestrian 0.0 0 1.9220997095108032 39.61432647705078 177.82492065429688 82.43055725097656 249.15386962890625 0.82961893 1.9145664 0.699839 -15.201369 2.0557165 19.9337 1.270585536956787 0.16860251128673553
Cyclist 0.0 0 -1.9332633018493652 567.4929809570312 154.57705688476562 594.1055908203125 204.08128356933594 1.6784505 1.8166627 0.43692514 -1.1620729 1.1463095 27.333029 -1.9757530689239502 0.31680169701576233
Cyclist 0.0 0 -2.438706159591675 730.1210327148438 153.3109130859375 780.454345703125 209.7186279296875 1.5970845 1.6835841 0.47116607 4.4288216 1.1006453 22.304388 -2.2426929473876953 0.12882386147975922
Car 0.0 0 -1.5883948802947998 404.247802734375 168.1671600341797 450.09783935546875 209.87802124023438 3.6359382 1.4902283 1.6015825 -7.10497 1.3231367 27.741268 -1.8391209840774536 0.9281311631202698
Car 0.0 0 -1.4756819009780884 438.77532958984375 157.34474182128906 478.83929443359375 187.55995178222656 4.1988907 1.4707117 1.6358229 -7.7920456 0.71616364 37.294807 -1.681650161743164 0.2387082725763321
Car 0.0 0 -2.044398307800293 585.2275390625 141.9749755859375 695.0357055664062 202.728759765625 4.5215125 1.9229023 1.9808606 0.8885783 0.9459164 25.301844 -2.009293556213379 0.1931435912847519
Car 0.0 0 1.3010194301605225 444.2972412109375 163.4458465576172 477.3436584472656 183.30767822265625 4.252708 1.6531708 1.7198801 -12.945121 0.87045455 62.337715 1.0962684154510498 0.11238362640142441
Car 0.0 0 0.22442446649074554 455.96856689453125 163.84249877929688 519.9450073242188 184.69268798828125 4.4436903 1.52251 1.5975316 -9.065387 0.86483496 53.608818 0.056906700134277344 0.111599862575531
