Pedestrian 0.0 0 1.1450614929199219 885.0960693359375 160.18313598632812 941.8025512695312 263.8883056640625 0.69120765 1.785746 0.7012451 5.3100276 1.5679185 12.778347 1.5388997793197632 0.5810731053352356
Pedestrian 0.0 0 3.5332324504852295 77.54120635986328 191.82276916503906 118.48094940185547 254.10360717773438 0.76188135 1.7719816 0.7324294 -15.106351 2.3423777 21.238018 2.914970636367798 0.36639201641082764
Pedestrian 0.0 0 3.287328004837036 49.9596061706543 201.5159149169922 86.35933685302734 266.8717956542969 0.71681374 1.7404114 0.7150469 -15.148797 2.5595193 20.12301 2.642031192779541 0.2166004478931427
Pedestrian 0.0 0 -1.5758929252624512 885.9923095703125 170.3610382080078 903.0951538085938 218.40525817871094 0.5958416 1.588632 0.52809656 9.507339 1.5065577 24.22873 -1.2019559144973755 0.19451887905597687
Cyclist 0.0 0 -2.3876893520355225 753.1094970703125 179.0281219482422 776.0051879882812 206.625 1.5824713 1.6678467 0.33822614 9.530935 2.056977 44.684593 -2.1775448322296143 0.2536869943141937
Cyclist 0.0 0 -2.1779942512512207 770.0360717773438 176.7030029296875 792.4617919921875 208.172119140625 1.5912024 1.6608118 0.33089814 9.227851 1.8738941 39.073856 -1.9460792541503906 0.2510366141796112
Car 0.0 0 -1.5423437356948853 600.8640747070312 181.1916046142578 627.8321533203125 205.89244079589844 3.7605746 1.4593109 1.6083237 0.2788675 2.0111947 45.819546 -1.5362576246261597 0.7667024731636047
Car 0.0 0 1.8595991134643555 452.73443603515625 186.63450622558594 487.0308532714844 206.26824951171875 4.238704 1.495723 1.6736768 -11.671778 2.6883085 60.230785 1.6681872606277466 0.5590460300445557
Car 0.0 0 2.9777982234954834 92.13572692871094 194.86407470703125 150.52200317382812 218.6310577392578 3.2236457 1.5382578 1.714077 -34.980648 3.16659 51.63458 2.382356643676758 0.22394397854804993
Car 0.0 0 1.7361862659454346 498.255126953125 182.94325256347656 524.1717529296875 201.68658447265625 3.967132 1.4996418 1.5725988 -8.461 2.393528 61.89248 1.6003235578536987 0.22276556491851807
Car 0.0 0 2.0545852184295654 226.15365600585938 195.76768493652344 285.3285827636719 222.17189025878906 4.218699 1.5181775 1.7182232 -23.179142 3.0890331 47.31847 1.5990873575210571 0.2068406045436859
