Car 0.0 0 -1.9219043254852295 789.6503295898438 192.89300537109375 1076.5302734375 374.2408752441406 3.6762516 1.4361286 1.5998019 3.1499267 1.7097526 7.979203 -1.5459171533584595 0.982651948928833
Car 0.0 0 3.629262924194336 42.42270278930664 184.9450225830078 358.6439514160156 282.5929260253906 4.1032305 1.4088336 1.593901 -6.3700523 1.6151879 11.452506 3.1216609477996826 0.9794065356254578
Car 0.0 0 -1.8228791952133179 730.2879638671875 176.1762237548828 877.31591796875 280.4621276855469 3.7963781 1.5956929 1.6163124 3.2646909 1.6649759 13.062848 -1.5779740810394287 0.9737786054611206
Car 0.0 0 -1.756299614906311 676.4386596679688 180.24542236328125 735.1478271484375 224.96142578125 3.2450051 1.4992272 1.544347 3.397904 1.7871357 26.403181 -1.6283100843429565 0.9618725776672363
Car 0.0 0 3.459808111190796 241.16114807128906 179.21022033691406 431.3379211425781 248.2056884765625 3.864566 1.5228966 1.6575356 -6.3797846 1.6810036 16.997437 3.100741147994995 0.9183147549629211
Car 0.0 0 3.1770782470703125 407.3987731933594 173.8056640625 515.9415283203125 208.11004638671875 4.4820647 1.4242712 1.6434596 -6.398117 1.4673467 31.202438 2.974829912185669 0.7573374509811401
Car 0.0 0 -0.22054025530815125 723.89697265625 179.0059356689453 819.3228759765625 212.31820678710938 4.1038437 1.5076506 1.5974983 7.469205 1.8026836 33.75422 -0.0027673542499542236 0.7261590361595154
Car 0.0 0 -2.8475542068481445 340.9141540527344 176.36770629882812 474.2797546386719 228.5301055908203 3.5366945 1.4916909 1.5636222 -6.026961 1.6010504 21.561104 -3.120126485824585 0.7052892446517944
Car 0.0 0 3.8981521129608154 0.0 218.24612426757812 111.34732055664062 375.0 4.3239183 1.465802 1.6242288 -5.7649918 1.8058761 4.2026887 2.957282066345215 0.6839048266410828
Car 0.0 0 0.30324918031692505 294.804443359375 184.10269165039062 470.2303771972656 241.19967651367188 4.1501656 1.4243901 1.5576117 -5.9707947 1.7344358 19.083065 1.4066696166992188e-05 0.6774348020553589
Car 0.0 0 0.2979159355163574 405.7856140136719 171.8164520263672 514.3806762695312 215.18585205078125 3.613801 1.5390563 1.562402 -5.514381 1.5025945 26.548386 0.09311747550964355 0.6768423318862915
