Pedestrian 0.0 0 -2.84267258644104 578.8817749023438 171.4142303466797 594.2395629882812 198.1864471435547 0.9360924 1.8202728 0.5362762 -1.2598077 1.2038332 48.45249 -2.8686676025390625 0.6815103888511658
Pedestrian 0.0 0 -1.8902146816253662 882.0383911132812 140.5744171142578 908.1748657226562 191.26622009277344 1.0883131 1.8292531 0.57691246 10.662619 0.39002895 26.072142 -1.5020029544830322 0.5888838171958923
Pedestrian 0.0 0 1.2179601192474365 963.4976806640625 138.06068420410156 996.8501586914062 198.1664276123047 0.90882075 1.7249819 0.5857972 10.981806 0.5085813 20.776047 1.704209566116333 0.4623867869377136
Pedestrian 0.0 0 -3.4389352798461914 1033.4033203125 151.6011199951172 1074.7685546875 218.704833984375 0.73505795 1.6183273 0.5304076 11.006359 0.92297935 17.399473 -2.8749120235443115 0.39965081214904785
Pedestrian 0.0 0 -1.9081271886825562 813.9387817382812 149.72396850585938 829.7252197265625 190.1486053466797 0.46405885 1.9720695 0.6223383 10.6350565 0.47213352 34.73196 -1.6109886169433594 0.31546759605407715
Pedestrian 0.0 0 2.2390904426574707 503.86932373046875 171.32632446289062 517.7811279296875 197.8941192626953 0.8913976 1.8398398 0.5265944 -6.584351 1.205859 49.47638 2.1067872047424316 0.31411296129226685
Cyclist 0.0 0 -1.1544764041900635 393.97674560546875 180.97434997558594 419.8294677734375 215.79441833496094 1.8335469 1.7991042 0.6355574 -10.505463 1.8263096 37.505604 -1.4275814294815063 0.7861982583999634
Cyclist 0.0 0 -3.102570056915283 624.5769653320312 170.04052734375 652.2581787109375 196.00083923339844 1.8366593 1.7309208 0.6123175 2.2520046 1.0348487 47.522236 -3.0552170276641846 0.7467978596687317
Cyclist 0.0 0 -1.8380100727081299 881.7041625976562 141.58653259277344 906.2947387695312 192.20700073242188 1.1106156 1.8260767 0.56428343 10.627711 0.42383835 26.086048 -1.4511322975158691 0.11339587718248367
Car 0.0 0 2.641087293624878 891.8788452148438 148.57598876953125 1011.2147827148438 186.88284301757812 4.020023 1.4873883 1.6025118 13.811271 0.24933788 28.343485 3.0945088863372803 0.8919118046760559
Car 0.0 0 -1.4747027158737183 525.41552734375 176.81468200683594 559.7086791992188 203.4481964111328 4.324949 1.5245402 1.653949 -3.7184548 1.3149693 42.63742 -1.5616936683654785 0.8518555164337158
Car 0.0 0 -0.15344148874282837 865.9259643554688 154.8806610107422 924.62353515625 174.59361267089844 4.2877064 1.5729555 1.6459597 23.97776 -0.4983354 58.493538 0.23558855056762695 0.6503101587295532
Car 0.0 0 -1.768750548362732 568.9069213867188 177.3707733154297 600.98828125 199.2285614013672 3.8111618 1.538855 1.6260599 -1.5007087 1.3198425 51.813065 -1.7977063655853271 0.4622398018836975
Car 0.0 0 -3.425708293914795 794.7568969726562 162.47718811035156 853.8238525390625 181.08969116210938 4.3707147 1.5151019 1.6533369 18.097607 0.04922465 58.412766 -3.1252644062042236 0.3093641996383667
