Pedestrian 0.0 0 1.2886264324188232 709.9873046875 175.65618896484375 757.598876953125 285.27923583984375 0.7280366 1.7381829 0.58515924 2.1173909 1.6468194 11.779812 1.4664747714996338 0.8994287848472595
Pedestrian 0.0 0 1.020322322845459 715.7857666015625 171.5446319580078 817.900390625 321.1117858886719 1.0018187 1.823219 0.905158 2.089951 1.7032039 9.374701 1.2396706342697144 0.8793300986289978
Pedestrian 0.0 0 2.256185531616211 348.9398193359375 164.4754180908203 438.4786682128906 289.6708984375 1.0679282 1.8443025 0.86771256 -3.274619 1.5948166 11.240582 1.9727100133895874 0.8748843669891357
Pedestrian 0.0 0 -1.7855144739151 686.334228515625 183.36573791503906 727.4784545898438 276.48175048828125 0.7758783 1.6553713 0.5926179 1.886355 1.6919618 13.19229 -1.6434880495071411 0.8564320206642151
Pedestrian 0.0 0 -1.784706950187683 773.62451171875 169.63697814941406 813.5382690429688 259.2474060058594 0.5990185 1.717738 0.6411067 3.71911 1.4915919 14.080531 -1.526473045349121 0.8260902762413025
Pedestrian 0.0 0 -1.559386968612671 641.0471801757812 174.52305603027344 673.1577758789062 240.13380432128906 0.914961 1.671718 0.8172321 1.4271115 1.4951289 18.791407 -1.483587622642517 0.7682772278785706
Pedestrian 0.0 0 1.0396904945373535 856.2815551757812 160.96751403808594 926.1513061523438 281.9217224121094 0.80815 1.743645 0.6524482 4.2974653 1.4489672 10.801647 1.4183443784713745 0.7620586156845093
Pedestrian 0.0 0 1.855384349822998 286.6365051269531 167.4476776123047 341.305419921875 277.271484375 0.7433168 1.6839918 0.6252816 -4.5960455 1.4698218 11.412568 1.4725371599197388 0.6776344776153564
Pedestrian 0.0 0 -1.2709858417510986 729.6339111328125 177.06222534179688 770.4539794921875 255.70367431640625 0.63947284 1.7508806 0.7619077 3.3714998 1.6532954 16.454046 -1.0688793659210205 0.5753234028816223
Pedestrian 0.0 0 1.2249019145965576 673.1149291992188 180.72372436523438 693.4922485351562 223.82273864746094 0.84926033 1.6689969 0.539966 3.2009857 1.639953 28.290228 1.3375707864761353 0.5235803127288818
Pedestrian 0.0 0 -1.6612560749053955 700.407470703125 175.8953399658203 719.5932006835938 216.86279296875 0.60975546 1.6015718 0.69660825 4.2705746 1.3834772 28.404612 -1.5120258331298828 0.4950026571750641
Pedestrian 0.0 0 2.3222198486328125 786.7735595703125 166.8695068359375 820.3091430664062 238.96743774414062 0.5363332 1.6972971 0.56193686 4.827721 1.354075 17.287561 2.5945420265197754 0.41192033886909485
Pedestrian 0.0 0 -1.1452014446258545 183.57188415527344 172.79229736328125 234.33848571777344 241.75131225585938 1.7836694 1.6791793 0.44692966 -10.0530205 1.4683359 18.39513 -1.6453568935394287 0.1356179267168045
Pedestrian 0.0 0 3.436434745788574 33.066314697265625 198.9158172607422 195.22938537597656 314.3006896972656 1.8951635 1.6012001 0.67808807 -7.2711773 1.8778684 10.751639 2.8418025970458984 0.12635314464569092
Cyclist 0.0 0 3.436434745788574 33.066314697265625 198.9158172607422 195.22938537597656 314.3006896972656 1.8951635 1.6012001 0.67808807 -7.2711773 1.8778684 10.751639 2.8418025970458984 0.42462724447250366
Cyclist 0.0 0 -1.1452014446258545 183.57188415527344 172.79229736328125 234.33848571777344 241.75131225585938 1.7836694 1.6791793 0.44692966 -10.0530205 1.4683359 18.39513 -1.6453568935394287 0.33095553517341614
Car 0.0 0 1.6913284063339233 550.4640502929688 181.6680450439453 599.2160034179688 216.66329956054688 4.1433983 1.4700402 1.7060814 -1.1420982 1.4790071 32.32818 1.6560148000717163 0.9439115524291992
