Car 0.0 0 -2.006922483444214 778.2355346679688 197.71331787109375 1109.2193603515625 375.0 3.421109 1.413236 1.6009588 2.9146168 1.7236091 7.244404 -1.624411940574646 0.9780630469322205
Car 0.0 0 3.5381240844726562 49.58710479736328 183.81822204589844 348.511962890625 284.8216247558594 3.9444861 1.4871411 1.6776012 -6.614435 1.6843628 11.900895 3.030844211578369 0.9714367389678955
Car 0.0 0 -0.2428121268749237 793.8756103515625 183.8978271484375 977.0286254882812 252.8963165283203 3.8070161 1.521644 1.6283379 6.4111567 1.8018945 17.26043 0.11283087730407715 0.917316198348999
Car 0.0 0 3.1911864280700684 431.045654296875 176.6043243408203 523.6350708007812 211.89186096191406 4.422161 1.6850418 1.7609892 -6.568888 1.8778582 35.862095 3.010023832321167 0.8610463738441467
Car 0.0 0 0.3525300621986389 290.4571838378906 170.0142364501953 454.84588623046875 231.63043212890625 4.2482114 1.7275183 1.7231085 -6.920869 1.6482588 21.165327 0.0364985466003418 0.836713969707489
Car 0.0 0 3.329035997390747 403.5696105957031 181.7521209716797 501.7988586425781 221.3030242919922 3.8319943 1.6098781 1.6900038 -6.666685 1.9994879 30.66544 3.11496639251709 0.8359481692314148
Car 0.0 0 2.8539881706237793 722.897216796875 176.1781463623047 871.1322631835938 229.9987030029297 4.6490903 1.7856371 1.858103 6.3707232 1.906248 25.080633 3.1027369499206543 0.7889553308486938
Car 0.0 0 0.7444965839385986 0.0 216.1658477783203 86.142578125 375.0 3.9908183 1.436824 1.5771407 -5.884542 1.7690016 4.3803782 -0.18640050292015076 0.774242103099823
Car 0.0 0 0.5814392566680908 0.0 177.76373291015625 243.5031280517578 375.0 4.172873 1.6997637 1.6751074 -6.115706 1.755183 6.971192 -0.13868209719657898 0.7313020825386047
Car 0.0 0 -3.540543794631958 830.0239868164062 196.06011962890625 1075.4239501953125 278.06329345703125 4.197109 1.5067849 1.6211382 6.7514844 2.0061755 14.633421 -3.108271360397339 0.6931105256080627
