Pedestrian 0.0 0 -1.7172857522964478 511.8703918457031 164.38290405273438 540.7481689453125 213.71896362304688 0.82065743 1.5936115 0.8351789 -2.5102427 1.0418051 23.701921 -1.8228012323379517 0.7038633227348328
Pedestrian 0.0 0 2.574047088623047 221.9930419921875 156.91497802734375 304.18170166015625 293.1737365722656 0.7457952 1.7472569 0.69988036 -4.61319 1.4333341 9.710447 2.130537509918213 0.63117516040802
Pedestrian 0.0 0 2.9394285678863525 224.86424255371094 170.79397583007812 302.2783203125 299.99853515625 0.922547 1.7867957 0.5621556 -4.9502068 1.6400605 10.433345 2.4964208602905273 0.48874714970588684
Pedestrian 0.0 0 2.7595150470733643 723.3970947265625 174.12551879882812 767.3104858398438 248.8343505859375 0.8745152 1.7699033 0.6181853 3.445405 1.5963975 17.400074 2.9549973011016846 0.41483527421951294
Pedestrian 0.0 0 -0.34368669986724854 431.90069580078125 182.55221557617188 480.6045227050781 288.3912048339844 0.6294793 1.8056651 0.74890774 -2.6230261 1.8263115 12.745528 -0.546652615070343 0.4038495123386383
Pedestrian 0.0 0 2.3379569053649902 392.2742004394531 180.728515625 458.8313293457031 301.6807861328125 0.74059445 1.7172058 0.621539 -2.6502056 1.7075688 10.671945 2.0945470333099365 0.3699863851070404
Pedestrian 0.0 0 0.09281222522258759 363.94970703125 184.97891235351562 437.2339172363281 319.73297119140625 0.8749561 1.7005873 0.7266352 -2.686602 1.7501485 9.521757 -0.18219278752803802 0.33925512433052063
Pedestrian 0.0 0 -0.3746654987335205 706.5451049804688 176.40223693847656 741.7526245117188 241.04478454589844 0.77442545 1.7717925 0.68073606 3.3972745 1.6332227 20.099031 -0.2072213590145111 0.1956152766942978
Cyclist 0.0 0 -1.9249268770217896 642.00634765625 168.1083221435547 661.0858764648438 205.2631072998047 1.589283 1.6724138 0.3456149 2.2912025 1.0705671 33.142296 -1.855904459953308 0.2939223647117615
Cyclist 0.0 0 -0.8234854340553284 669.639892578125 162.9324493408203 702.4139404296875 197.25732421875 1.8180432 1.762059 0.6462291 4.4439096 0.8097619 37.70866 -0.7061780095100403 0.19385841488838196
Cyclist 0.0 0 0.08274176716804504 362.4744567871094 184.33192443847656 437.5679931640625 320.7507019042969 0.9035348 1.7196285 0.7309934 -2.6915815 1.7602302 9.516098 -0.19290322065353394 0.10859896242618561
Car 0.0 0 -2.029498815536499 801.7412719726562 138.39266967773438 1215.955322265625 374.0 3.8283315 1.8812394 1.5617942 3.11979 1.6047289 6.553857 -1.5852158069610596 0.9361827969551086
Car 0.0 0 2.046910524368286 1159.9932861328125 169.07872009277344 1238.0 345.1398010253906 3.6137552 1.5291809 1.5848554 7.9427094 1.4226792 7.4981604 2.861091136932373 0.2861461937427521
Car 0.0 0 -1.5220632553100586 525.4588012695312 178.38002014160156 564.370361328125 212.53611755371094 3.2762313 1.4605174 1.592359 -2.5151153 1.3280745 32.37382 -1.5995973348617554 0.23693960905075073
Car 0.0 0 -1.6801286935806274 503.2654724121094 162.0023193359375 553.2516479492188 208.088134765625 2.4226725 1.4978095 1.4446335 -2.574143 0.86521965 24.680357 -1.7840522527694702 0.22006623446941376
