Pedestrian 0.0 0 -3.4176483154296875 773.6195678710938 135.97482299804688 879.9168701171875 292.63507080078125 1.11261 1.8420835 0.60206205 2.6328728 1.3202184 8.621117 -3.121246576309204 0.6748802065849304
Pedestrian 0.0 0 -0.630683183670044 1012.3587646484375 168.90869140625 1073.4176025390625 274.26483154296875 0.626735 1.7032024 0.6035886 7.2235894 1.517469 11.751009 -0.07950986921787262 0.14964212477207184
Pedestrian 0.0 0 -2.021848201751709 768.67822265625 137.05606079101562 823.4549560546875 243.83343505859375 0.9337958 1.7976006 0.5755165 3.2953136 1.0678694 12.411356 -1.7623279094696045 0.14627939462661743
Pedestrian 0.0 0 -1.0176318883895874 837.1679077148438 173.7097930908203 874.1973876953125 246.1197052001953 0.63456726 1.7765732 0.64087147 6.2708797 1.6115738 17.791046 -0.6787548661231995 0.140546053647995
Pedestrian 0.0 0 0.32279807329177856 674.4788208007812 182.2131805419922 728.27001953125 267.27362060546875 0.95963544 1.6846759 0.57749265 1.9356484 1.7225525 14.487873 0.4556162357330322 0.12137968093156815
Pedestrian 0.0 0 -2.041619300842285 824.0237426757812 125.3652114868164 877.4742431640625 230.77244567871094 0.67398065 1.8273672 0.66750467 4.3376503 0.8731819 12.632897 -1.7108707427978516 0.1144631877541542
Pedestrian 0.0 0 -3.215015411376953 863.3753051757812 137.95077514648438 921.1676635742188 252.4086456298828 0.8502658 1.840889 0.5360094 4.715603 1.1582004 11.751218 -2.8334007263183594 0.1098414957523346
Pedestrian 0.0 0 1.1473383903503418 964.9468383789062 156.4192352294922 1018.3993530273438 267.1871032714844 0.5766503 1.7542168 0.5752832 6.2352953 1.3745083 11.501096 1.6441330909729004 0.10172498226165771
Cyclist 0.0 0 -0.601089596748352 1022.15771484375 204.74844360351562 1122.4412841796875 292.9607238769531 1.6517044 1.6536235 0.44373256 8.946613 2.1306436 13.618473 -0.019846290349960327 0.15440982580184937
Cyclist 0.0 0 -1.8900208473205566 760.0676879882812 125.00811004638672 810.5292358398438 233.2523193359375 1.1215416 1.8070828 0.52528024 3.09393 0.8823234 12.377567 -1.6450773477554321 0.12723523378372192
Cyclist 0.0 0 -1.9833102226257324 824.7037963867188 124.41325378417969 877.4158325195312 232.3941192626953 1.0164026 1.8546653 0.52450526 4.347942 0.89297336 12.667151 -1.652665376663208 0.10639028996229172
Cyclist 0.0 0 -3.511089563369751 1091.2557373046875 184.30560302734375 1224.0 370.0 1.5540504 1.6710763 0.6534859 5.4527736 1.7109084 6.5218463 -2.8147335052490234 0.1041979193687439
