Pedestrian 0.0 0 -3.4399375915527344 992.0449829101562 151.1085968017578 1027.30029296875 221.49903869628906 0.6286497 1.7704902 0.62357813 10.345697 1.0328189 18.151821 -2.9219040870666504 0.35457295179367065
Pedestrian 0.0 0 -1.1492033004760742 114.86186218261719 151.9118194580078 138.18017578125 192.59567260742188 0.81102717 1.9737581 0.67798364 -23.530857 0.588255 34.755157 -1.7443575859069824 0.27642616629600525
Pedestrian 0.0 0 0.26924222707748413 723.9625854492188 163.8153076171875 736.7808837890625 187.97142028808594 0.9003666 1.895195 0.48758298 9.92194 0.58742046 55.881184 0.444965124130249 0.26574745774269104
Pedestrian 0.0 0 1.6945301294326782 275.1145324707031 177.43212890625 318.52691650390625 267.35528564453125 0.89381933 1.7724222 0.71189404 -6.3306646 1.7135831 14.46105 1.2818901538848877 0.22096215188503265
Pedestrian 0.0 0 2.4764111042022705 1050.045166015625 168.30328369140625 1086.426513671875 235.17489624023438 0.60641 1.6235882 0.44058257 11.365175 1.3290613 17.407337 3.054819345474243 0.21829943358898163
Pedestrian 0.0 0 -1.5587072372436523 1020.465576171875 140.54551696777344 1038.8790283203125 183.50241088867188 0.5283328 1.9916809 0.73508894 19.923794 0.14065975 33.19488 -1.018135666847229 0.15296868979930878
Pedestrian 0.0 0 1.1059422492980957 877.4418334960938 157.1293487548828 906.234130859375 193.9334716796875 1.792063 1.6950986 0.51089257 13.546898 0.6201653 33.473442 1.4904987812042236 0.11036419868469238
Cyclist 0.0 0 1.656676173210144 217.5414581298828 174.26394653320312 247.7216796875 240.080322265625 1.8678669 1.6522471 0.5523286 -9.873078 1.4972919 18.712507 1.1711781024932861 0.27495241165161133
Cyclist 0.0 0 1.155663013458252 878.603759765625 156.92796325683594 907.41015625 194.6055450439453 1.9412161 1.728955 0.51851463 13.577744 0.64873475 33.41798 1.5415891408920288 0.19212619960308075
Cyclist 0.0 0 -2.592397928237915 981.2460327148438 148.70101928710938 1031.367919921875 217.751953125 1.0112315 1.734284 0.51011837 10.35247 0.9372144 18.319136 -2.078022003173828 0.13921909034252167
Car 0.0 0 -0.8018563389778137 0.0 204.44569396972656 289.38592529296875 370.0 3.6636598 1.4700663 1.5405825 -3.2222688 1.6519854 3.4689224 -1.5504087209701538 0.8892316818237305
Car 0.0 0 0.7025034427642822 495.8789978027344 171.804443359375 592.8641967773438 209.9281463623047 3.8565702 1.4775013 1.6094488 -2.5552542 1.1420047 29.166979 0.6151187419891357 0.5151182413101196
Car 0.0 0 2.1291894912719727 0.0 187.78004455566406 121.62751770019531 284.6640930175781 4.3018503 1.7259187 1.640169 -12.474517 1.9067748 15.165831 1.4408544301986694 0.4177940785884857
