Pedestrian 0.0 0 1.1940972805023193 874.960693359375 167.02752685546875 902.0693969726562 216.1140899658203 0.8636978 1.744125 0.6395174 10.012037 1.5374591 26.06969 1.5607775449752808 0.13355247676372528
Pedestrian 0.0 0 0.9451726078987122 1023.541259765625 126.01065826416016 1064.157958984375 198.08981323242188 0.744233 1.9058219 0.62035006 11.652648 0.66760993 19.472692 1.484421968460083 0.12361367791891098
Cyclist 0.0 0 -1.8331918716430664 681.45068359375 168.8069305419922 696.2511596679688 197.54856872558594 1.5869712 1.6627498 0.47007087 4.6097636 1.4289782 42.55959 -1.72529935836792 0.323885440826416
Cyclist 0.0 0 2.050809144973755 291.6268005371094 184.92535400390625 311.51513671875 210.71212768554688 1.6043824 1.6834403 0.5575762 -20.834078 2.5121825 48.69109 1.6464993953704834 0.11153654009103775
Cyclist 0.0 0 2.0564680099487305 168.02545166015625 197.97039794921875 199.8466796875 236.93032836914062 1.6163473 1.6719366 0.5588196 -19.41539 2.8441186 32.84041 1.5225410461425781 0.10259193927049637
Car 0.0 0 2.0529961585998535 337.342041015625 185.96803283691406 391.01214599609375 211.3965606689453 4.2113895 1.5477716 1.6421877 -16.44772 2.467948 48.398907 1.7254042625427246 0.7823808789253235
Car 0.0 0 1.4078670740127563 651.8163452148438 180.9014892578125 690.6702270507812 209.90008544921875 4.030619 1.5084088 1.5429351 3.3716056 1.9863794 40.749256 1.4904193878173828 0.224857896566391
Car 0.0 0 2.160444974899292 148.29629516601562 181.8866424560547 241.58197021484375 223.441162109375 4.377883 1.8083061 1.7347784 -19.81552 2.2701306 34.615665 1.6405340433120728 0.1721706986427307
Car 0.0 0 1.9006098508834839 281.3361511230469 181.51358032226562 322.5304870605469 206.77532958984375 3.6584077 1.6320004 1.5114875 -21.23075 2.252381 49.779514 1.4974730014801025 0.1360236555337906
Car 0.0 0 1.3889610767364502 659.9412841796875 184.9248504638672 705.103759765625 218.0592803955078 3.839861 1.4472789 1.4939457 3.4146214 2.0650818 34.92911 1.4864100217819214 0.12842346727848053
