Pedestrian 0.0 0 3.645779848098755 116.9072036743164 158.8230438232422 178.962890625 263.7541809082031 0.6161663 1.6881816 0.679762 -7.701484 1.4628028 11.965637 3.0738933086395264 0.7391512393951416
Pedestrian 0.0 0 1.304995059967041 805.6305541992188 151.52247619628906 825.1624145507812 191.47935485839844 0.90663904 1.8775686 0.678946 9.736542 0.8755608 34.359013 1.581132173538208 0.17183052003383636
Pedestrian 0.0 0 1.5039825439453125 913.0545043945312 144.17733764648438 943.5250244140625 206.17579650878906 1.1212573 1.7848092 0.75147355 9.39121 0.959625 21.423735 1.9171106815338135 0.16477838158607483
Pedestrian 0.0 0 2.263261079788208 1197.0794677734375 133.5852813720703 1242.0 242.45938110351562 0.94867843 1.6232166 0.4309208 9.548993 1.0381125 11.04539 2.976126194000244 0.13729940354824066
Cyclist 0.0 0 2.299510955810547 1180.9190673828125 126.72903442382812 1242.0 241.53103637695312 1.4651111 1.7087641 0.5228278 9.615051 1.0225774 11.089575 3.0138120651245117 0.14367659389972687
Car 0.0 0 2.414963483810425 88.87852478027344 172.548828125 245.92137145996094 233.82101440429688 3.3393836 1.4371119 1.4707454 -11.390663 1.4303125 18.732578 1.868633508682251 0.2389342486858368
Car 0.0 0 0.35852330923080444 332.03253173828125 176.05718994140625 458.3818359375 216.54556274414062 4.2367744 1.4541019 1.6190729 -8.028904 1.5786494 27.016712 0.06965303421020508 0.16313283145427704
Car 0.0 0 2.240719795227051 0.0 196.50839233398438 237.98931884765625 295.9483337402344 4.1671557 1.5142888 1.6777146 -9.393165 2.0490854 14.152806 1.6547764539718628 0.16083039343357086
Car 0.0 0 -1.1050373315811157 1213.108154296875 123.71732330322266 1242.0 239.3975372314453 3.6884227 1.5550399 1.6140441 11.342593 0.8948742 11.02052 -0.30523818731307983 0.14048542082309723
Car 0.0 0 0.721982479095459 0.0 235.22845458984375 55.08448791503906 341.147216796875 4.3129907 1.4870139 1.7479264 -12.417774 2.6420412 12.338728 -0.06660863012075424 0.1076824963092804
