Pedestrian 0.0 0 0.8151721358299255 0.0 205.61544799804688 73.19310760498047 372.247314453125 0.900801 1.6763902 0.39701787 -6.2941537 2.033802 7.608307 0.12402057647705078 0.3591686487197876
Pedestrian 0.0 0 2.0229244232177734 131.63677978515625 181.7823944091797 172.3551483154297 252.04872131347656 0.7742824 1.7404851 0.599621 -11.715009 1.9736841 18.395071 1.4558449983596802 0.22912870347499847
Pedestrian 0.0 0 1.8914670944213867 370.32757568359375 157.95553588867188 392.4085998535156 201.8999786376953 0.8645701 1.7115093 0.5914123 -9.078572 1.1316153 28.53507 1.583438754081726 0.21555954217910767
Pedestrian 0.0 0 -2.669332981109619 464.3157043457031 174.54295349121094 480.744384765625 205.45745849609375 0.67252237 1.7290567 0.6920581 -7.811013 1.8259829 40.825867 -2.8583736419677734 0.1719537377357483
Pedestrian 0.0 0 -0.21636897325515747 926.2814331054688 111.78453063964844 1060.716796875 318.8316345214844 0.9997373 1.8333907 0.6706587 3.5387645 1.2929819 6.839435 0.2611062526702881 0.15594534575939178
Pedestrian 0.0 0 3.065446615219116 106.35963439941406 163.09889221191406 142.65560913085938 238.4450225830078 0.6719464 1.749728 0.6166765 -11.627554 1.5235478 17.203543 2.4710917472839355 0.14415258169174194
Car 0.0 0 1.9618232250213623 140.97100830078125 189.62139892578125 431.6090087890625 372.1500244140625 3.876997 1.5306991 1.6160163 -3.4102926 1.7701681 8.345729 1.5739017724990845 0.9641240239143372
Car 0.0 0 1.7449265718460083 450.3726806640625 184.22161865234375 523.8239135742188 234.59640502929688 4.3285317 1.520304 1.7709764 -4.1807275 1.9475875 24.92431 1.5787367820739746 0.9477949738502502
Car 0.0 0 1.7257071733474731 483.6432800292969 176.95077514648438 532.2970581054688 216.4837646484375 4.0476537 1.6897886 1.6174669 -4.6804004 1.8907728 33.29638 1.5860543251037598 0.8113051652908325
Car 0.0 0 1.9621416330337524 523.0198364257812 175.88656616210938 565.3377685546875 199.60592651367188 3.8823998 1.5693375 1.5810105 -4.57571 1.7901359 50.3584 1.8715275526046753 0.21169480681419373
