Pedestrian 0.0 0 0.6936496496200562 2.9500861167907715 153.3388214111328 50.709896087646484 237.83203125 0.6181087 1.653919 0.41075143 -11.628694 1.2722754 14.330106 0.011943578720092773 0.47280722856521606
Car 0.0 0 -0.3683898448944092 672.5768432617188 167.9061279296875 856.2254638671875 236.7468719482422 3.8226876 1.4870226 1.639514 3.4622006 1.3805019 16.703964 -0.16401547193527222 0.9486048221588135
Car 0.0 0 0.2957680821418762 118.89500427246094 171.23599243164062 327.8264465332031 242.68223571777344 4.013438 1.5592988 1.6611973 -8.955387 1.524344 16.940262 -0.19053217768669128 0.9229832291603088
Car 0.0 0 3.7229599952697754 0.0 199.68524169921875 178.99801635742188 341.54998779296875 3.8401752 1.4314401 1.5642811 -7.6769037 1.7948339 8.716201 3.000875473022461 0.9047989249229431
Car 0.0 0 3.6431870460510254 0.0 186.51693725585938 229.0775146484375 297.1368103027344 3.887331 1.5029228 1.5446218 -8.272846 1.7329366 11.090637 3.0022952556610107 0.8775537014007568
Car 0.0 0 -0.2489352822303772 619.9880981445312 163.5984649658203 727.9327392578125 207.25733947753906 3.7899466 1.5890392 1.6418232 2.3464315 1.2525263 27.377151 -0.16343656182289124 0.850493848323822
Car 0.0 0 3.357172966003418 293.2604675292969 170.44760131835938 406.3428955078125 210.0336456298828 3.7995427 1.449834 1.5688615 -9.861544 1.3620579 27.446419 3.0122358798980713 0.7567086219787598
Car 0.0 0 3.5456745624542236 184.19187927246094 177.22634887695312 358.855712890625 233.6424560546875 4.0271764 1.4616234 1.5439844 -9.169144 1.5861869 19.657244 3.109224319458008 0.6860990524291992
Car 0.0 0 -1.8084397315979004 427.04010009765625 165.90008544921875 456.1742248535156 185.1492919921875 3.8123417 1.6748682 1.6969109 -15.185028 1.0701674 64.86199 -2.0384109020233154 0.6675666570663452
Car 0.0 0 -0.14046986401081085 608.8463745117188 166.7643585205078 701.6130981445312 205.15884399414062 3.6085033 1.5259476 1.5985142 1.7730361 1.2842793 29.61604 -0.08067380636930466 0.5385318398475647
Car 0.0 0 3.508150339126587 223.24465942382812 170.7235565185547 372.1485595703125 223.08363342285156 3.9016612 1.5505642 1.5923312 -9.582809 1.4878324 22.238628 3.101285934448242 0.44716566801071167
