Pedestrian 0.0 0 0.5174180269241333 411.14019775390625 144.7118377685547 513.8753662109375 300.8626708984375 1.023239 1.8768533 0.80821687 -1.8543798 1.4483788 9.036127 0.31500983238220215 0.8404674530029297
Pedestrian 0.0 0 0.5517427921295166 730.2872314453125 143.89471435546875 822.4130249023438 276.20465087890625 1.0889362 1.9016851 0.8526352 2.5773633 1.3772241 10.843831 0.7850930690765381 0.6405934691429138
Pedestrian 0.0 0 -1.2775827646255493 299.8330383300781 173.49790954589844 339.4622802734375 250.86480712890625 0.7885073 1.6649617 0.612964 -6.339042 1.5158924 15.631713 -1.6628425121307373 0.5368738770484924
Pedestrian 0.0 0 0.2630654275417328 780.63720703125 156.79905700683594 801.3748168945312 189.86917114257812 1.0033573 1.7948169 0.5113275 10.208672 0.50989544 38.839916 0.5200915336608887 0.3850328028202057
Pedestrian 0.0 0 0.5561959147453308 0.0 175.9605255126953 40.09232711791992 271.9997253417969 0.6415004 1.5980473 0.54198366 -10.225111 1.5241628 12.0748825 -0.14644230902194977 0.2777198255062103
Pedestrian 0.0 0 -0.26839786767959595 771.9675903320312 151.11959838867188 789.677978515625 183.63755798339844 0.8922543 1.90576 0.578826 10.369326 0.18525355 41.73305 -0.024861633777618408 0.23609493672847748
Cyclist 0.0 0 -1.5212109088897705 981.3464965820312 144.3708038330078 1004.3718872070312 208.8783721923828 1.8416876 1.7000867 0.47030208 10.695665 0.7494931 19.537014 -1.020322561264038 0.8522281050682068
Cyclist 0.0 0 2.1734158992767334 1169.9156494140625 134.32443237304688 1224.0 187.73599243164062 1.8040487 1.7837907 0.6213565 20.268213 0.24320051 24.148363 2.8716771602630615 0.7205069661140442
Cyclist 0.0 0 0.09394361078739166 422.8097229003906 165.32664489746094 541.7335815429688 278.24658203125 1.8452929 1.7642521 0.6372547 -1.9980432 1.5288417 11.432418 -0.07907883822917938 0.6885961890220642
Cyclist 0.0 0 -0.7517309188842773 40.39570617675781 169.83016967773438 144.1511993408203 261.5494689941406 1.6478418 1.5704827 0.49408108 -9.387697 1.3894334 12.957548 -1.3787089586257935 0.23595555126667023
Cyclist 0.0 0 0.2630654275417328 780.63720703125 156.79905700683594 801.3748168945312 189.86917114257812 1.0033573 1.7948169 0.5113275 10.208672 0.50989544 38.839916 0.5200915336608887 0.11459535360336304
Car 0.0 0 -0.9214417338371277 0.0 185.9371795654297 355.5395812988281 370.0 3.9012024 1.5074346 1.6248906 -3.1938837 1.5589548 4.498126 -1.5388792753219604 0.9273339509963989
Car 0.0 0 -3.892869710922241 1195.5023193359375 149.02943420410156 1224.0 202.4853515625 3.8963363 1.4635184 1.6366875 19.487581 0.60349506 20.202274 -3.125476598739624 0.42106831073760986
Car 0.0 0 1.6862736940383911 446.76171875 168.23855590820312 477.99835205078125 193.42678833007812 3.6623023 1.5426478 1.5473827 -9.075743 0.79305416 45.186882 1.4880619049072266 0.32314273715019226
