Pedestrian 0.0 0 2.5022056102752686 97.88109588623047 166.0039520263672 141.230712890625 242.5059356689453 0.56936663 1.8080205 0.6856283 -11.894443 1.6464872 17.43083 1.9034035205841064 0.5316855311393738
Car 0.0 0 -2.7477166652679443 242.71633911132812 183.33619689941406 429.943603515625 250.29476928710938 3.9291298 1.5193897 1.6298665 -6.6006374 1.7871978 17.526396 -3.1078991889953613 0.9302874207496643
Car 0.0 0 -1.73842453956604 659.8370971679688 176.2109832763672 737.7947998046875 238.53335571289062 4.281601 1.7609109 1.7258332 2.648121 1.8775249 22.80213 -1.6228076219558716 0.9065182209014893
Car 0.0 0 -2.2784852981567383 874.9786376953125 204.4685821533203 1242.0 375.0 3.8681803 1.468043 1.5960621 2.8441167 1.712822 3.6108344 -1.6113128662109375 0.8778834342956543
Car 0.0 0 0.3249227702617645 289.9722595214844 189.61363220214844 462.3406066894531 244.62217712402344 4.217293 1.4087577 1.5663309 -6.3694863 1.887503 19.781473 0.013413429260253906 0.7253631949424744
Car 0.0 0 3.271892547607422 378.01434326171875 185.25535583496094 485.9281921386719 229.27081298828125 3.708665 1.537396 1.6693081 -6.583298 2.0164707 26.816082 3.0311553478240967 0.7216191291809082
Car 0.0 0 -2.82122802734375 331.40374755859375 185.2592010498047 472.24346923828125 234.07965087890625 3.8999546 1.422594 1.5232977 -6.4110713 1.8206353 22.288595 -3.101306438446045 0.6362348198890686
Car 0.0 0 -1.5401973724365234 635.470458984375 181.15130615234375 662.8690185546875 206.30648803710938 4.0299444 1.4827567 1.6226771 2.5009708 2.0357041 45.974247 -1.485851526260376 0.6270744204521179
Car 0.0 0 -1.6644293069839478 646.855712890625 180.6080780029297 688.2610473632812 216.38563537597656 3.6729476 1.5380517 1.5778248 2.5942795 1.9201167 33.666702 -1.5875235795974731 0.5716120600700378
Car 0.0 0 -2.2506959438323975 0.0 170.9883270263672 163.9936981201172 375.0 3.9021876 1.4793419 1.624464 -6.2840104 1.4662806 6.185581 -3.043987512588501 0.5292975306510925
Car 0.0 0 -2.886157512664795 403.7818603515625 175.36854553222656 500.3421936035156 210.67486572265625 3.8647265 1.5030813 1.6216834 -6.9372945 1.6171188 31.729256 -3.1014106273651123 0.5272979736328125
Car 0.0 0 1.7656863927841187 0.0 191.64151000976562 193.44900512695312 328.7809753417969 3.9289448 1.4656754 1.6643051 -7.275439 1.7931356 10.426424 1.1564462184906006 0.5023850202560425
Car 0.0 0 0.13767415285110474 388.8460998535156 172.37451171875 507.8581237792969 220.24053955078125 4.529884 1.878825 1.7644557 -6.537363 1.8603623 29.382011 -0.08125512301921844 0.4892156422138214
Car 0.0 0 -2.7406539916992188 359.2845458984375 185.2345733642578 475.44354248046875 232.68345642089844 3.549237 1.5355526 1.5503925 -6.6493464 1.9804986 24.892664 -3.001680374145508 0.4522767663002014
