Pedestrian 0.0 0 0.3092862665653229 388.95098876953125 187.2899932861328 414.1458740234375 225.1602783203125 0.9923229 1.7872387 0.72275233 -10.060965 2.489594 34.70968 0.02715754508972168 0.38957175612449646
Cyclist 0.0 0 1.6250907182693481 572.6311645507812 173.40672302246094 602.4986572265625 239.56439208984375 1.6721084 1.7557485 0.7416172 -0.6525762 1.7720791 20.004034 1.5924800634384155 0.8207957148551941
Cyclist 0.0 0 -2.8274052143096924 386.1895446777344 187.49049377441406 418.0975036621094 226.62269592285156 1.3215537 1.8472675 0.70883864 -10.032631 2.5595086 34.715164 -3.108738660812378 0.34964269399642944
Car 0.0 0 -1.7081454992294312 705.2548217773438 188.2523193359375 832.786376953125 302.9700622558594 3.4348695 1.58203 1.5947808 2.4779122 1.8801576 12.185792 -1.5075362920761108 0.9637078046798706
Car 0.0 0 -2.6389126777648926 73.8633804321289 174.85342407226562 365.83123779296875 260.408935546875 4.53949 1.482898 1.6592932 -7.138864 1.5227871 13.403259 -3.1283156871795654 0.9490727186203003
Car 0.0 0 -1.8607147932052612 754.2930297851562 191.95504760742188 994.8978271484375 375.0 2.8503304 1.6337612 1.4980427 2.4354808 1.8695456 7.4461517 -1.5446035861968994 0.9454975128173828
Car 0.0 0 1.7478747367858887 454.169921875 173.52938842773438 545.1077270507812 241.18641662597656 4.1544914 1.6404365 1.7290748 -2.9223442 1.6611443 19.635586 1.6001302003860474 0.8892865777015686
Car 0.0 0 -1.40894615650177 514.0771484375 179.58056640625 569.0361328125 221.3240509033203 3.6602015 1.4455302 1.5120486 -2.581085 1.7194653 27.46567 -1.5026459693908691 0.8159043788909912
Car 0.0 0 1.492224931716919 638.1968383789062 177.12940979003906 670.7603149414062 201.9933319091797 4.2833505 1.4322846 1.6617016 2.6602116 1.7088836 44.46008 1.5519874095916748 0.7630309462547302
Car 0.0 0 -1.528603196144104 637.4718627929688 172.12559509277344 658.6886596679688 190.05978393554688 4.2824345 1.504204 1.6647285 3.3192353 1.4434679 62.725754 -1.4757359027862549 0.33709099888801575
Car 0.0 0 3.5397017002105713 200.1049041748047 162.81797790527344 327.42449951171875 214.193603515625 3.0888991 1.4861805 1.5759661 -10.399783 1.1962192 21.731249 3.0933499336242676 0.31449955701828003
