Pedestrian 0.0 0 -1.505969524383545 499.1695251464844 175.34214782714844 534.0634155273438 248.27999877929688 0.76816756 1.613775 0.7405725 -2.1624916 1.6720927 16.39712 -1.6370952129364014 0.4779447913169861
Pedestrian 0.0 0 -0.9101575016975403 1155.88818359375 113.68507385253906 1242.0 312.2254943847656 0.8049577 1.7774068 0.63004315 5.7571106 1.2480627 6.849109 -0.21116743981838226 0.47088050842285156
Pedestrian 0.0 0 -1.5790280103683472 442.2812805175781 136.90846252441406 492.29425048828125 273.11688232421875 0.9307333 1.7585042 0.6380644 -2.00408 1.294791 9.834081 -1.7800644636154175 0.3353544771671295
Pedestrian 0.0 0 1.6729148626327515 444.7720947265625 154.03338623046875 456.1153259277344 187.1253662109375 0.4938415 1.8709017 0.583827 -9.115031 0.80720943 41.06952 1.454513430595398 0.2149551659822464
Pedestrian 0.0 0 -0.15057554841041565 347.6954345703125 183.4824981689453 375.35968017578125 216.23068237304688 1.4129679 1.824987 0.6477449 -14.229932 2.4416437 41.22109 -0.4829767346382141 0.14015913009643555
Cyclist 0.0 0 -0.23403602838516235 347.69512939453125 184.69419860839844 380.64764404296875 217.47731018066406 1.6867216 1.8245131 0.6425553 -14.135436 2.5160732 41.39704 -0.5630826950073242 0.3741969168186188
Cyclist 0.0 0 -0.9101575016975403 1155.88818359375 113.68507385253906 1242.0 312.2254943847656 0.8049577 1.7774068 0.63004315 5.7571106 1.2480627 6.849109 -0.21116743981838226 0.10359691083431244
Car 0.0 0 2.3414430618286133 363.62744140625 179.881591796875 501.07513427734375 233.71109008789062 4.307055 1.488764 1.6989542 -5.533508 1.7338384 22.836325 2.1037135124206543 0.8029273152351379
Car 0.0 0 -0.15204748511314392 618.1917724609375 163.49794006347656 788.1903686523438 233.48597717285156 4.231168 1.7579111 1.7066225 2.3183012 1.5232701 19.038548 -0.030875228345394135 0.7837163805961609
Car 0.0 0 -0.20961791276931763 588.0443725585938 177.98751831054688 706.636962890625 219.43765258789062 4.2850366 1.505375 1.6594641 1.3491067 1.7107558 27.651926 -0.16086769104003906 0.35491693019866943
Car 0.0 0 -1.5775059461593628 494.16168212890625 174.2225799560547 562.2735595703125 242.45936584472656 2.7753005 1.5241089 1.526139 -2.0595887 1.5607263 17.642962 -1.693717122077942 0.18383000791072845
Car 0.0 0 1.7960169315338135 879.3486938476562 159.2782745361328 948.5735473632812 202.481689453125 3.6554906 1.4507694 1.5359367 11.02662 0.995255 26.158417 2.194946765899658 0.17791487276554108
