Pedestrian 0.0 0 -3.046128034591675 595.1650390625 184.6256561279297 617.2926635742188 223.83258056640625 0.9408049 1.7369599 0.66031724 -0.20573631 2.2745593 32.556442 -3.0524473190307617 0.6906543374061584
Pedestrian 0.0 0 -1.9885841608047485 730.0383911132812 110.82769775390625 811.705078125 261.9676513671875 0.72017175 1.7450219 0.735591 1.8825523 1.0292405 8.755643 -1.7767982482910156 0.33983585238456726
Pedestrian 0.0 0 -3.4067087173461914 873.9674682617188 177.15455627441406 985.9228515625 362.58917236328125 0.86849403 1.7386469 0.66852725 3.0960195 1.7841141 7.173129 -2.9992496967315674 0.25843945145606995
Pedestrian 0.0 0 -3.2505877017974854 729.9149780273438 189.2419891357422 771.5650634765625 270.5901184082031 0.8577432 1.7771286 0.59284884 3.1053934 2.1534977 16.22263 -3.0614521503448486 0.23763029277324677
Pedestrian 0.0 0 -3.123931646347046 648.4370727539062 188.1731414794922 656.6846313476562 214.31504821777344 0.53246176 1.6974702 0.6602754 2.7793574 2.716073 47.607647 -3.065617322921753 0.22537250816822052
Car 0.0 0 1.9124799966812134 232.51678466796875 213.70053100585938 436.2684020996094 343.71514892578125 3.7339945 1.3357615 1.5473338 -3.7847197 2.0342038 10.457356 1.5652263164520264 0.9683039784431458
Car 0.0 0 1.8149317502975464 378.9279479980469 194.45758056640625 493.0293273925781 276.4898376464844 3.9629052 1.5502965 1.6361933 -3.9162292 2.1096535 16.674965 1.5842554569244385 0.9385499358177185
Car 0.0 0 -1.5879133939743042 612.7527465820312 188.50270080566406 649.8118286132812 224.4606475830078 3.7687588 1.4526489 1.5817324 0.8861678 2.2029862 32.685463 -1.5608080625534058 0.8289858102798462
Car 0.0 0 2.480525493621826 0.0 225.7699737548828 135.46031188964844 375.0 4.075019 1.4485466 1.641071 -3.944608 1.8030057 2.7477548 1.5181595087051392 0.5721230506896973
Car 0.0 0 1.8122246265411377 494.8500671386719 172.37112426757812 526.6793823242188 194.2798309326172 3.914923 1.6790364 1.617586 -7.868341 1.6423869 57.32583 1.6758204698562622 0.2546970546245575
