Pedestrian 0.0 0 -1.7011158466339111 833.9773559570312 144.03341674804688 855.5511474609375 198.78485107421875 0.5807374 1.8810252 0.6433184 8.127755 0.8912312 25.130123 -1.3883075714111328 0.6609241366386414
Pedestrian 0.0 0 2.624178886413574 855.2679443359375 144.64805603027344 902.7240600585938 239.45672607421875 0.61508393 1.7748091 0.64552176 5.112849 1.2471544 13.87309 2.9772777557373047 0.4148256778717041
Pedestrian 0.0 0 -2.6937825679779053 729.8514404296875 169.392333984375 742.2753295898438 195.94908142089844 0.5990902 1.790253 0.67656416 8.547752 1.557252 49.087215 -2.5213773250579834 0.23867358267307281
Pedestrian 0.0 0 -3.642354965209961 992.8861694335938 157.01956176757812 1119.09619140625 325.4493103027344 1.0666729 1.8296757 0.5764422 4.9557033 1.6580218 8.1476965 -3.0959033966064453 0.19718347489833832
Pedestrian 0.0 0 -1.8614182472229004 818.0145874023438 151.08677673339844 839.6874389648438 199.33822631835938 0.5249457 1.885043 0.69581455 8.583306 1.0350193 28.448929 -1.5683940649032593 0.18045412003993988
Pedestrian 0.0 0 -1.4525892734527588 807.70166015625 160.38156127929688 821.0480346679688 189.5693817138672 0.58142346 1.7547287 0.7161232 12.369765 1.0052617 43.78085 -1.1772284507751465 0.15265634655952454
Pedestrian 0.0 0 -1.6733717918395996 882.8267211914062 141.35108947753906 904.413818359375 192.5378875732422 0.50791556 1.9911026 0.74196947 11.120003 0.76603657 28.408043 -1.3002676963806152 0.14354772865772247
Cyclist 0.0 0 2.7852373123168945 425.3293762207031 137.5991973876953 469.7744445800781 188.8203582763672 1.4454592 1.7853669 0.5580327 -5.843051 0.5568823 25.776333 2.562321662902832 0.25646498799324036
Car 0.0 0 1.9358899593353271 307.2003479003906 188.93197631835938 515.4458618164062 325.95172119140625 3.91983 1.5655936 1.6505394 -2.7501495 1.851322 10.7623205 1.6857086420059204 0.9555122256278992
Car 0.0 0 -1.7312593460083008 721.4888305664062 182.59597778320312 860.9588623046875 301.0005187988281 3.1190648 1.5399781 1.5818423 2.6193056 1.714087 11.256305 -1.5026311874389648 0.9305713772773743
Car 0.0 0 1.7671160697937012 635.4072265625 177.98716735839844 666.0669555664062 200.2978973388672 3.913611 1.5982496 1.5911483 3.100445 2.0029685 54.742275 1.823692798614502 0.44471022486686707
