Pedestrian 0.0 0 3.037456750869751 540.0113525390625 159.3654327392578 647.489501953125 335.0177917480469 1.059874 1.7473055 0.6744936 -0.1893283 1.5387635 7.4313173 3.0119850635528564 0.8824515342712402
Pedestrian 0.0 0 -0.8855894804000854 835.7556762695312 173.0684356689453 872.1585083007812 244.38783264160156 0.5991354 1.7488446 0.62406635 6.2133017 1.568211 17.755297 -0.5489674806594849 0.2951052188873291
Pedestrian 0.0 0 0.6953171491622925 12.945032119750977 168.8023223876953 75.0349349975586 261.10296630859375 0.731835 1.8234446 0.6601971 -11.379374 1.5939809 14.30163 0.02322220802307129 0.21434180438518524
Pedestrian 0.0 0 -1.9715616703033447 1131.6053466796875 140.40859985351562 1191.828857421875 249.23313903808594 0.6428332 1.7197574 0.5655327 9.038297 1.0878477 11.552442 -1.307662844657898 0.21075676381587982
Pedestrian 0.0 0 -0.7061439156532288 1027.8577880859375 169.87747192382812 1089.02197265625 274.1875305175781 0.62242246 1.6872832 0.5901925 7.4938326 1.5171102 11.767392 -0.13908253610134125 0.1811470091342926
Pedestrian 0.0 0 -2.6031434535980225 834.7125244140625 137.11788940429688 888.784912109375 240.72552490234375 0.68274575 1.7785245 0.6239092 4.5284076 1.0354757 12.593986 -2.257969379425049 0.12321121990680695
Pedestrian 0.0 0 1.1461548805236816 964.7593383789062 156.09986877441406 1018.7145385742188 264.2239074707031 0.67748326 1.7013152 0.5348107 6.2214108 1.3190391 11.477451 1.6428778171539307 0.10571134835481644
Pedestrian 0.0 0 -2.967963933944702 814.1857299804688 170.7229461669922 856.9088745117188 259.41619873046875 0.7374883 1.7233087 0.5004778 4.567236 1.5349725 14.126549 -2.6552624702453613 0.10221828520298004
Cyclist 0.0 0 0.8078800439834595 871.0335693359375 155.72280883789062 958.064208984375 277.9525146484375 1.3922807 1.8472708 0.44218102 4.916598 1.4744709 11.410276 1.2147307395935059 0.11570606380701065
Cyclist 0.0 0 2.0409812927246094 1093.89306640625 179.49954223632812 1224.0 370.0 2.0035567 1.6384209 0.60986423 5.439709 1.6318096 6.549553 2.734072685241699 0.10229172557592392
Car 0.0 0 -1.2295761108398438 487.8782653808594 139.7556610107422 576.717529296875 196.9402618408203 3.4535744 1.572191 1.5956466 -2.1302805 0.4535749 21.301613 -1.3292503356933594 0.1217140480875969
Car 0.0 0 2.3469955921173096 1135.9808349609375 189.49896240234375 1224.0 246.54966735839844 3.5149245 1.4101726 1.7107515 16.421265 1.6632382 18.768635 3.065786600112915 0.10636473447084427
