Car 0.0 0 -1.7458431720733643 693.8098754882812 186.10772705078125 807.2301635742188 264.3397521972656 3.8265386 1.3383884 1.6112689 2.7023776 1.6478348 14.90742 -1.5665132999420166 0.9762156009674072
Car 0.0 0 0.6313108801841736 0.0 180.3443603515625 319.2272033691406 323.4395446777344 4.078465 1.542423 1.678388 -5.9692326 1.6433643 8.778074 0.03412318229675293 0.9476702213287354
Car 0.0 0 -1.503807544708252 554.2919311523438 177.6790313720703 585.4647827148438 205.79153442382812 3.2745986 1.4302055 1.4649632 -2.1649678 1.7018186 38.91541 -1.5593829154968262 0.8833246231079102
Car 0.0 0 1.4506654739379883 671.0872192382812 178.19329833984375 733.542236328125 223.64834594726562 4.175348 1.359926 1.5614861 2.9564276 1.5545727 24.163925 1.5724092721939087 0.88063645362854
Car 0.0 0 0.4264899790287018 227.86819458007812 166.45428466796875 445.1216125488281 245.1633758544922 4.2308526 1.652151 1.6605767 -6.0553646 1.5181752 16.112839 0.06700944900512695 0.842227578163147
Car 0.0 0 0.24014398455619812 323.1820983886719 185.7312469482422 490.001953125 237.68035888671875 4.479205 1.4370781 1.6073793 -5.941763 1.8326626 21.266966 -0.03229834884405136 0.8241156935691833
Car 0.0 0 3.2597317695617676 413.2158508300781 174.8448944091797 516.7960205078125 213.9796142578125 4.1129045 1.5899044 1.6454428 -6.0789495 1.6768458 30.393744 3.0623297691345215 0.7240999937057495
Car 0.0 0 -1.6605676412582397 647.83154296875 173.2764434814453 681.0870971679688 200.05885314941406 3.7748713 1.5086511 1.6173943 3.1386294 1.535066 42.601696 -1.5870267152786255 0.6294118762016296
Car 0.0 0 0.31439805030822754 381.44696044921875 180.72254943847656 500.4454345703125 228.90383911132812 3.5613222 1.5222427 1.5085481 -5.6169643 1.7940791 23.989784 0.08440136909484863 0.46522605419158936
Car 0.0 0 0.03352149575948715 490.00537109375 175.0758819580078 552.077392578125 199.7945556640625 3.863455 1.5372553 1.6355675 -5.6729965 1.6824124 46.03346 -0.08909662812948227 0.4378504157066345
