Pedestrian 0.0 0 1.3400983810424805 630.5098266601562 155.7990264892578 667.288818359375 235.32412719726562 0.9130036 1.8791047 0.69994414 1.1107846 1.273016 17.479366 1.4035613536834717 0.7752388119697571
Pedestrian 0.0 0 -1.6184589862823486 352.6674499511719 167.56956481933594 375.2892150878906 224.3784637451172 1.0962352 1.8447164 0.6624788 -7.9502826 1.3934563 23.953983 -1.9389172792434692 0.7303608059883118
Pedestrian 0.0 0 1.289505958557129 84.43632507324219 159.1556396484375 208.85714721679688 374.0 0.9169037 1.7528322 0.6612977 -3.9255924 1.581211 6.110259 0.7184500694274902 0.7202140092849731
Pedestrian 0.0 0 0.6909543871879578 73.30604553222656 154.57296752929688 172.39268493652344 314.31976318359375 0.7193569 1.6897929 0.5559469 -5.302378 1.4063207 7.9084926 0.1003258228302002 0.6877066493034363
Pedestrian 0.0 0 0.866227924823761 0.0 158.22305297851562 86.60205078125 347.17706298828125 0.8272998 1.7526386 0.4606756 -5.598584 1.5381101 6.964275 0.18911314010620117 0.495184063911438
Pedestrian 0.0 0 0.19362683594226837 481.7782897949219 168.77532958984375 510.5556640625 215.8999786376953 0.9584276 1.7318631 0.6249096 -3.932793 1.265264 26.73157 0.047553062438964844 0.44494128227233887
Pedestrian 0.0 0 1.5874977111816406 567.2245483398438 153.49642944335938 603.5761108398438 242.622802734375 0.6418159 1.7423118 0.71067667 -0.3553458 1.1961272 14.363711 1.5627635717391968 0.3816554844379425
Pedestrian 0.0 0 0.419706791639328 718.068115234375 161.03021240234375 754.44140625 254.069091796875 0.427636 1.8370311 0.8353165 2.716504 1.4341084 14.645997 0.6031002998352051 0.375057578086853
Pedestrian 0.0 0 -1.6438651084899902 574.7626953125 191.67855834960938 629.8145751953125 293.3868103027344 0.7593304 1.5299835 0.8080209 -0.04321024 1.6971562 11.29466 -1.647690773010254 0.34757184982299805
Pedestrian 0.0 0 -0.04925455152988434 531.7131958007812 179.19085693359375 564.4607543945312 243.9112091064453 0.8698794 1.7515787 0.59156185 -1.506034 1.6902438 19.786049 -0.1252240240573883 0.32968834042549133
Pedestrian 0.0 0 3.136495590209961 425.68853759765625 170.80484008789062 437.1888427734375 191.80296325683594 0.9891666 1.8519448 0.4371156 -15.038176 0.9090904 63.680073 2.904592275619507 0.2871370017528534
Pedestrian 0.0 0 0.8343642950057983 437.2492980957031 168.0479736328125 454.4803771972656 198.49855041503906 0.9372423 1.7792841 0.4932463 -9.19159 0.99403334 42.444355 0.6211011409759521 0.24328897893428802
Pedestrian 0.0 0 0.26970887184143066 11.198498725891113 164.7077178955078 72.6510238647461 294.0126647949219 0.45750305 1.5915751 0.69609725 -7.2343636 1.3862233 9.248355 -0.3941039443016052 0.23735833168029785
Cyclist 0.0 0 1.7338883876800537 368.07861328125 158.97633361816406 428.23687744140625 278.02313232421875 1.7093971 1.7396502 0.651741 -3.2273526 1.4118192 11.380578 1.4575591087341309 0.9336866736412048
Cyclist 0.0 0 1.4709481000900269 717.7586059570312 162.5222625732422 757.12060546875 253.3902130126953 0.6404469 1.8046767 0.72390836 2.7192206 1.4290177 14.613333 1.6549220085144043 0.10567792505025864
Car 0.0 0 1.8908320665359497 130.68238830566406 183.38861083984375 361.19708251953125 315.52667236328125 4.2779074 1.4930862 1.649671 -4.835046 1.5275389 10.396832 1.4555333852767944 0.9500445127487183
