Pedestrian 0.0 0 -0.303576797246933 815.220458984375 104.7705307006836 937.7384033203125 293.6892395019531 1.0682627 1.860481 0.50070375 2.7424982 1.1062146 7.3501635 0.053545236587524414 0.453580379486084
Pedestrian 0.0 0 -0.6417726874351501 1143.1822509765625 113.92611694335938 1238.0 297.29443359375 1.0658098 1.8572124 0.57841694 6.4376197 1.1741687 7.594262 0.06138181686401367 0.19434921443462372
Cyclist 0.0 0 -1.0732192993164062 213.8114013671875 161.17259216308594 239.3679962158203 194.12635803222656 1.6005147 1.8115662 0.5790133 -21.013386 0.69492704 40.291405 -1.5539462566375732 0.19750000536441803
Car 0.0 0 0.003413856029510498 117.81745910644531 182.75161743164062 287.2800598144531 238.42886352539062 4.054714 1.4417168 1.5838044 -11.206189 1.4811813 20.339466 -0.5001644492149353 0.9250978827476501
Car 0.0 0 -1.301417589187622 525.5410766601562 172.08074951171875 580.4777221679688 205.12840270996094 3.7551773 1.4471983 1.6116419 -2.2025332 1.0356728 33.455948 -1.3671565055847168 0.8811821341514587
Car 0.0 0 -1.0559632778167725 328.4247741699219 180.8417205810547 395.47467041015625 208.32177734375 4.08977 1.3824353 1.5822676 -12.68521 1.3501956 38.293983 -1.3758454322814941 0.7221792936325073
Car 0.0 0 -1.353561520576477 579.6434326171875 169.34832763671875 605.0692749023438 186.63742065429688 3.5204833 1.5267571 1.592072 -0.7625837 0.454084 65.31746 -1.3652360439300537 0.35820272564888
Car 0.0 0 -0.05728548765182495 0.0 180.81919860839844 98.14642333984375 215.7565155029297 3.997521 1.5428513 1.6564108 -26.127132 1.5137374 33.657547 -0.7173845767974854 0.26561763882637024
Car 0.0 0 -1.300670862197876 476.1269226074219 178.3527069091797 528.0983276367188 208.08164978027344 3.8354843 1.3661864 1.5418756 -4.785153 1.2224822 35.011997 -1.436501145362854 0.17173874378204346
Car 0.0 0 -1.4252443313598633 559.0631713867188 167.22740173339844 590.8367919921875 191.50912475585938 4.002048 1.6162275 1.6437371 -1.784663 0.6668993 49.88988 -1.4610011577606201 0.16327786445617676
