Pedestrian 0.0 0 2.1377601623535156 258.5932312011719 139.36524963378906 295.6958312988281 204.02581787109375 0.7496526 1.8481916 0.6883055 -9.745085 0.89134157 21.038157 1.7039753198623657 0.47192445397377014
Pedestrian 0.0 0 -1.369447112083435 255.23716735839844 145.96035766601562 277.25653076171875 192.93701171875 0.5122221 1.9704952 0.7567741 -14.617114 0.84276533 30.603071 -1.815043568611145 0.36843177676200867
Pedestrian 0.0 0 1.7326455116271973 236.86058044433594 143.24822998046875 265.06524658203125 205.8023223876953 0.7401349 1.8253078 0.6430758 -10.737863 0.96177924 21.50031 1.2694554328918457 0.34862205386161804
Pedestrian 0.0 0 -1.6738189458847046 423.74798583984375 181.74192810058594 441.3047180175781 224.6940460205078 0.81846905 1.6080352 0.5716697 -6.858256 1.9554667 27.691404 -1.9166009426116943 0.3433677554130554
Pedestrian 0.0 0 0.9463969469070435 786.9149780273438 168.0780029296875 836.4568481445312 271.5551452636719 0.5572569 1.8490947 0.6798318 3.653499 1.7641077 13.270412 1.215052843093872 0.22991551458835602
Pedestrian 0.0 0 -3.323387622833252 870.4495849609375 164.61740112304688 970.4887084960938 316.0777282714844 1.0647271 1.8269728 0.6099382 3.839583 1.7279775 9.113135 -2.9246346950531006 0.2238539457321167
Pedestrian 0.0 0 -2.515012264251709 108.28384399414062 168.47109985351562 173.1358642578125 294.0143127441406 0.5967409 1.6243252 0.40304235 -6.2573814 1.5679752 9.547935 -3.0951497554779053 0.22131547331809998
Pedestrian 0.0 0 -1.3946343660354614 293.94573974609375 167.30918884277344 310.9900817871094 204.8737030029297 0.70000094 1.7460217 0.62572086 -14.503957 1.4886538 33.94635 -1.798418641090393 0.17612721025943756
Car 0.0 0 -1.510316252708435 486.4493103027344 181.27687072753906 522.3477783203125 213.82322692871094 3.430007 1.483103 1.5483097 -5.200226 1.9194282 35.56968 -1.6554861068725586 0.9198176264762878
Car 0.0 0 3.2628002166748047 312.56304931640625 173.64248657226562 428.27178955078125 218.99380493164062 4.2624087 1.7522318 1.757464 -9.635865 1.7859005 29.199602 2.9440526962280273 0.8619403839111328
Car 0.0 0 2.1987812519073486 0.0 190.0142822265625 353.8270263671875 375.0 4.034952 1.5265948 1.6482571 -3.4439538 1.695857 5.057746 1.6009712219238281 0.7871583700180054
Car 0.0 0 1.5593631267547607 501.2601013183594 179.34002685546875 530.3670654296875 207.29635620117188 4.030885 1.5073146 1.6001052 -5.5404115 1.9040843 41.98739 1.4281668663024902 0.42793282866477966
Car 0.0 0 1.6272597312927246 497.028076171875 176.01454162597656 524.8418579101562 200.54946899414062 4.4139557 1.6898268 1.7620844 -7.1990166 1.9303133 52.54764 1.4911075830459595 0.222854882478714
Car 0.0 0 0.3635532855987549 340.63720703125 191.67999267578125 447.216796875 227.2609100341797 4.249611 1.4890729 1.6488892 -9.635692 2.355252 32.20444 0.07282710075378418 0.19654962420463562
