Pedestrian 0.0 0 1.0009748935699463 610.9339599609375 145.24647521972656 719.5732421875 350.9912414550781 0.924893 1.74058 0.58761156 0.48382157 1.4440429 6.5231204 1.0750095844268799 0.8706789016723633
Pedestrian 0.0 0 1.0559477806091309 890.1590576171875 131.12745666503906 1014.2098388671875 326.4472351074219 0.96128714 1.8288959 0.7388089 3.4077125 1.3682896 7.120336 1.5023200511932373 0.8393090963363647
Pedestrian 0.0 0 0.08936084061861038 527.236083984375 145.1109161376953 562.0669555664062 209.53627014160156 0.9656621 1.8508235 0.565992 -1.7847457 0.83572936 20.591665 0.0029036998748779297 0.776002049446106
Pedestrian 0.0 0 0.9565302729606628 744.212890625 149.747802734375 832.6558837890625 327.5541687011719 0.7219585 1.6400336 0.51691335 1.7368337 1.3580836 6.946565 1.2015349864959717 0.7102035284042358
Pedestrian 0.0 0 -1.8764050006866455 780.25732421875 145.70797729492188 944.82421875 370.0 0.7072377 1.6526072 0.5958054 1.223692 1.4935329 3.6224568 -1.5506333112716675 0.5390200018882751
Pedestrian 0.0 0 1.3037947416305542 636.4201049804688 140.61190795898438 664.9608764648438 203.513916015625 0.848223 1.9226276 0.6887002 1.3891716 0.70498824 22.091429 1.366594910621643 0.5064474940299988
Pedestrian 0.0 0 0.5387624502182007 804.2821655273438 121.39995574951172 917.4351196289062 316.4463806152344 0.81880707 1.7762141 0.67631775 2.4628022 1.2397122 6.964851 0.8786447048187256 0.43632185459136963
Pedestrian 0.0 0 -1.7572394609451294 481.1762390136719 147.87551879882812 498.1174011230469 186.68850708007812 0.8343598 1.8755307 0.6759173 -5.6756544 0.30048335 34.668766 -1.919510841369629 0.43446892499923706
Pedestrian 0.0 0 -1.572119951248169 108.71214294433594 145.06858825683594 160.9770965576172 269.2569274902344 0.99175525 1.9542991 0.69725645 -7.8425303 1.3983864 11.727572 -2.1615467071533203 0.3671649694442749
Pedestrian 0.0 0 1.8206783533096313 548.0988159179688 143.6455078125 570.473876953125 189.80479431152344 0.89162624 1.8550394 0.71638405 -1.8867155 0.37543315 28.91379 1.755517601966858 0.26189953088760376
Pedestrian 0.0 0 1.5371925830841064 30.56436538696289 155.147216796875 68.3562240600586 234.26844787597656 1.1359906 1.9603058 0.7244087 -14.330827 1.3337617 18.180525 0.8696565628051758 0.2593235671520233
Pedestrian 0.0 0 0.7346349954605103 224.11692810058594 134.09286499023438 322.7457580566406 245.74449157714844 1.4881748 1.7820863 0.5681646 -5.561761 1.0430306 11.7672825 0.2931089401245117 0.22662241756916046
Pedestrian 0.0 0 3.2100696563720703 314.7413330078125 136.19786071777344 409.8504333496094 238.30288696289062 1.6782603 1.8724453 0.6722411 -4.643461 1.0616529 13.503709 2.8788702487945557 0.10491184890270233
Cyclist 0.0 0 0.7379078269004822 215.6726531982422 130.26718139648438 328.22607421875 243.4650421142578 1.7826706 1.7957666 0.54816896 -5.5738034 1.0005305 11.73255 0.2944009304046631 0.4921882152557373
Cyclist 0.0 0 3.269084930419922 313.6104736328125 139.57864379882812 409.1712341308594 235.4727783203125 1.6508 1.7594161 0.67030495 -4.650009 1.0102512 13.463796 2.936539649963379 0.21141023933887482
Cyclist 0.0 0 1.2060656547546387 636.3099365234375 135.628662109375 664.830322265625 198.73069763183594 0.7858922 1.9285218 0.6496732 1.3857262 0.55872405 22.075619 1.2687551975250244 0.10677019506692886
Car 0.0 0 1.9048876762390137 0.0 92.36260986328125 286.987060546875 370.0 4.0177913 1.6228845 1.595786 -3.0989304 1.3652318 4.230551 1.2726728916168213 0.2587594985961914
Car 0.0 0 -0.1258573830127716 368.15838623046875 164.51617431640625 452.3455505371094 194.4055633544922 4.2694545 1.5680227 1.6067206 -10.652561 0.7309117 38.65005 -0.3947959244251251 0.25379979610443115
Car 0.0 0 -1.8090097904205322 639.1773681640625 199.4325408935547 729.9999389648438 261.00299072265625 3.8482583 1.4369602 1.6300633 2.0735357 2.021493 19.751139 -1.7044098377227783 0.2289973795413971
