Car 0.0 0 -1.1215715408325195 28.085744857788086 174.8660888671875 420.16455078125 376.0 3.9566205 1.5860031 1.6279656 -3.217416 1.515987 6.9277725 -1.5563546419143677 0.9632623791694641
Car 0.0 0 -1.5872411727905273 559.3281860351562 177.66604614257812 612.375 228.07240295410156 3.2945333 1.5959184 1.6822138 -0.81744474 1.3580198 24.443102 -1.6206715106964111 0.9495026469230652
Car 0.0 0 -1.3217042684555054 393.4928283691406 183.31031799316406 451.4261169433594 217.71084594726562 3.852306 1.467108 1.6428568 -8.356137 1.3869795 32.581642 -1.572760820388794 0.9281569123268127
Car 0.0 0 -1.402456521987915 451.9723815917969 184.0674285888672 533.7991943359375 242.20469665527344 4.1374097 1.5739096 1.7433312 -3.3681688 1.5439546 21.537342 -1.5575873851776123 0.9272224307060242
Car 0.0 0 1.8473023176193237 359.8168640136719 179.8385467529297 405.0209655761719 206.13330078125 3.5267456 1.4269102 1.5445061 -12.759051 1.1362455 40.78895 1.5441381931304932 0.6729051470756531
Car 0.0 0 -1.003104567527771 0.0 190.31375122070312 174.51907348632812 256.5008850097656 3.7129238 1.368068 1.5966054 -12.161265 1.503531 17.04228 -1.6228957176208496 0.5998601913452148
Car 0.0 0 -1.5038048028945923 501.15252685546875 182.41355895996094 537.97412109375 214.20925903320312 3.4878566 1.4563498 1.5362114 -4.2453833 1.3291346 34.70559 -1.625525712966919 0.5296427607536316
Car 0.0 0 1.9015657901763916 255.3894805908203 179.75526428222656 359.21881103515625 241.0123748779297 3.254292 1.4738252 1.5485791 -7.851873 1.3435805 18.963503 1.509004831314087 0.5095708966255188
Car 0.0 0 2.331204891204834 0.0 202.86199951171875 125.11614990234375 376.0 4.06279 1.4333556 1.607575 -7.537278 1.6788013 7.9171214 1.5703799724578857 0.4411362409591675
Car 0.0 0 -1.3873523473739624 417.9159240722656 180.72518920898438 460.0460510253906 210.4335174560547 3.6503506 1.5442407 1.5999551 -9.184424 1.3119551 39.222847 -1.617368221282959 0.4078833758831024
Car 0.0 0 -1.2568459510803223 233.6471710205078 183.57998657226562 312.07720947265625 225.0560760498047 3.7430797 1.4545753 1.605732 -12.58725 1.3983421 27.16085 -1.6908148527145386 0.36839863657951355
