Pedestrian 0.0 0 -1.3964368104934692 0.0 128.21075439453125 25.07340431213379 198.2589111328125 0.549663 1.9745601 0.7061357 -17.375776 0.71648717 20.750803 -2.093543529510498 0.5135728120803833
Pedestrian 0.0 0 0.6283084154129028 465.14117431640625 175.67333984375 481.38275146484375 200.46559143066406 1.1066158 1.8011184 0.46958593 -10.065844 2.0101974 52.966084 0.440504789352417 0.33686092495918274
Pedestrian 0.0 0 2.0049405097961426 453.6082458496094 178.7958526611328 468.6944274902344 208.18283081054688 0.99969983 1.7476479 0.52338696 -9.039053 2.1121867 43.674522 1.8008579015731812 0.20458491146564484
Pedestrian 0.0 0 0.8490740656852722 184.35523986816406 166.0166015625 219.21914672851562 228.68234252929688 0.69527435 1.8928487 0.632226 -12.605347 1.6866798 22.203966 0.33273792266845703 0.18721066415309906
Pedestrian 0.0 0 -0.38208717107772827 1078.079345703125 89.78473663330078 1220.888671875 274.3328552246094 1.059742 1.9006308 0.71889377 5.812493 1.045472 7.908353 0.25173258781433105 0.1645590215921402
Pedestrian 0.0 0 -3.018486261367798 684.4586181640625 177.9939727783203 694.7444458007812 202.638671875 0.6146607 1.6314223 0.60862285 5.298052 1.9783523 48.28137 -2.9091906547546387 0.16158170998096466
Pedestrian 0.0 0 -0.37715059518814087 866.885986328125 185.47389221191406 912.92138671875 266.2751770019531 0.7213019 1.6865774 0.6801437 5.956412 1.964258 15.509247 -0.010464589111506939 0.13886606693267822
Pedestrian 0.0 0 3.77199649810791 0.0 161.09776306152344 34.33755874633789 218.29930114746094 1.0316359 1.7436184 0.67423314 -18.676582 1.3856227 22.361311 3.0761466026306152 0.12347854673862457
Pedestrian 0.0 0 1.3398497104644775 239.5223388671875 168.26707458496094 262.7587585449219 223.0833740234375 0.52012813 1.8491688 0.6098112 -12.346975 1.6947919 24.732477 0.8768253326416016 0.11673083156347275
Cyclist 0.0 0 1.7885105609893799 471.7655944824219 177.669921875 488.31414794921875 207.5085906982422 1.6559451 1.7358383 0.6315497 -7.784555 2.0293758 43.08276 1.6097508668899536 0.805700421333313
Cyclist 0.0 0 1.6941618919372559 457.06048583984375 181.70851135253906 470.83929443359375 211.8610382080078 1.7121952 1.7692121 0.61439955 -8.876158 2.316964 43.726166 1.4938889741897583 0.2843547463417053
Cyclist 0.0 0 3.77199649810791 0.0 161.09776306152344 34.33755874633789 218.29930114746094 1.0316359 1.7436184 0.67423314 -18.676582 1.3856227 22.361311 3.0761466026306152 0.10249882191419601
Car 0.0 0 1.8717715740203857 286.3760986328125 189.8021697998047 456.3920593261719 298.2413024902344 3.7875695 1.422587 1.5852746 -3.7831995 1.7483907 11.9543915 1.5652744770050049 0.977121889591217
Car 0.0 0 1.8110988140106201 0.0 190.32345581054688 51.49333190917969 221.2178955078125 3.2830195 1.5696193 1.582321 -32.840958 2.595656 40.5385 1.1302189826965332 0.2345239371061325
Car 0.0 0 -1.0708281993865967 0.0 197.21829223632812 61.20681381225586 270.8554992675781 3.7871797 1.3989938 1.5708631 -14.91775 2.0436878 17.060139 -1.7893303632736206 0.13632218539714813
Car 0.0 0 -1.682827115058899 681.68701171875 173.2574920654297 711.5091552734375 198.21409606933594 3.68748 1.6575872 1.6360849 5.9131737 1.686845 49.829365 -1.564711093902588 0.11664754152297974
Car 0.0 0 1.2492239475250244 508.5860900878906 176.65707397460938 548.1350708007812 201.169189453125 3.9658694 1.640993 1.606129 -5.850838 1.9219699 51.101093 1.1352250576019287 0.11292646825313568
