Pedestrian 0.0 0 -2.950942277908325 707.9702758789062 155.16807556152344 742.7736206054688 191.46286010742188 1.6165711 1.7671432 0.5949139 5.668145 0.9063978 35.683327 -2.793412685394287 0.13566064834594727
Cyclist 0.0 0 -2.919605255126953 704.8426513671875 154.08688354492188 742.2626953125 189.93777465820312 1.7537777 1.7477424 0.54969656 5.586993 0.83319753 35.750813 -2.764583110809326 0.42811548709869385
Car 0.0 0 1.1324341297149658 775.13037109375 180.69752502441406 1040.9884033203125 328.3887023925781 3.621416 1.4195492 1.5851651 3.344565 1.5381091 9.000925 1.4882031679153442 0.9686814546585083
Car 0.0 0 2.0312328338623047 227.8252716064453 189.0618133544922 408.2134704589844 283.3287353515625 4.1534414 1.5160455 1.6496025 -5.6615067 1.8897879 14.478564 1.658485770225525 0.953722357749939
Car 0.0 0 -1.75542151927948 673.4190063476562 174.82464599609375 744.1307373046875 226.3712615966797 3.7232625 1.5268294 1.5964781 3.0715375 1.596346 23.41704 -1.6249992847442627 0.9525354504585266
Car 0.0 0 -1.8412615060806274 711.8228149414062 178.94752502441406 844.7323608398438 261.1492004394531 3.9091918 1.425718 1.6203426 3.226982 1.5679892 14.804524 -1.6266456842422485 0.9440798163414001
Car 0.0 0 1.757144808769226 438.8809814453125 178.2746124267578 495.02587890625 218.70565795898438 3.6685977 1.51744 1.5920881 -5.801852 1.7526107 29.412245 1.5623854398727417 0.8720391988754272
Car 0.0 0 2.3383073806762695 0.0 203.41065979003906 124.62349700927734 375.0 3.9408612 1.5139409 1.6095937 -5.644575 1.822193 5.256997 1.5173717737197876 0.6967738270759583
Car 0.0 0 -1.7912204265594482 664.0863647460938 173.1254425048828 720.9645385742188 212.41844177246094 3.5617864 1.4596896 1.4898078 3.1716123 1.4715346 28.679195 -1.6810786724090576 0.6807689070701599
Car 0.0 0 1.684672474861145 473.7287902832031 179.1355438232422 512.125 211.4244842529297 3.3842077 1.4473327 1.4509962 -5.629096 1.765118 34.73479 1.5240099430084229 0.36811599135398865
