Pedestrian 0.0 0 -1.8550584316253662 685.7672119140625 159.51980590820312 704.0372924804688 203.67153930664062 0.7629884 1.7618705 0.5411058 3.3914206 1.2301291 29.211653 -1.7394776344299316 0.5983515381813049
Pedestrian 0.0 0 -1.4618421792984009 741.32568359375 158.358154296875 763.7634887695312 209.3193817138672 0.7165952 1.8066802 0.72167134 5.1020007 1.2931309 26.02678 -1.2682678699493408 0.5955232977867126
Car 0.0 0 -1.8632646799087524 731.41455078125 180.2115478515625 898.478759765625 287.4969787597656 3.6560879 1.4400764 1.5757896 3.089426 1.5796275 11.79222 -1.6070349216461182 0.9785177707672119
Car 0.0 0 1.8740618228912354 316.0660400390625 187.58155822753906 429.9223937988281 262.41864013671875 3.749073 1.5935676 1.6385864 -5.808616 1.9994771 17.984217 1.5616543292999268 0.9660173654556274
Car 0.0 0 -1.8455100059509277 698.0408935546875 178.58401489257812 798.69287109375 248.3760223388672 3.250407 1.4735193 1.5053649 3.141086 1.6238788 17.197086 -1.6648492813110352 0.919045090675354
Car 0.0 0 1.775583028793335 398.379638671875 189.37496948242188 466.9764404296875 239.00946044921875 3.458345 1.3973459 1.4699358 -5.672254 1.9698496 23.23153 1.5361065864562988 0.9086123108863831
Car 0.0 0 -2.3115949630737305 944.172119140625 191.34947204589844 1242.0 375.0 3.642406 1.4764198 1.523394 3.1481936 1.6119435 3.448411 -1.571676254272461 0.8565708994865417
Car 0.0 0 -1.7564764022827148 687.4802856445312 180.39987182617188 761.6093139648438 231.67877197265625 3.9136677 1.4293796 1.5814254 3.4552689 1.6876537 22.676348 -1.6052662134170532 0.778834342956543
Car 0.0 0 0.2871565818786621 404.476318359375 180.90562438964844 477.35943603515625 204.11300659179688 4.3876514 1.476379 1.6391805 -11.126742 2.0173125 47.497086 0.05704450607299805 0.5482526421546936
Car 0.0 0 0.6144168972969055 0.0 187.4290313720703 158.23646545410156 244.3217315673828 4.224066 1.4476786 1.5557536 -14.969307 1.8622817 19.64985 -0.0365951806306839 0.4231656789779663
Car 0.0 0 0.7667688131332397 0.0 189.8285675048828 90.42171478271484 260.6997375488281 4.1306276 1.5553421 1.6525192 -15.060983 1.9820795 17.197927 0.04751753807067871 0.3479424715042114
