Pedestrian 0.0 0 1.6177552938461304 464.9067077636719 162.11668395996094 492.81024169921875 227.92308044433594 0.68121237 1.6473914 0.6738651 -3.1589878 1.1633354 18.359615 1.447361946105957 0.6813234090805054
Pedestrian 0.0 0 -1.1892584562301636 274.1572265625 171.5128631591797 298.79217529296875 212.64646911621094 0.5497174 1.5966767 0.7337071 -12.365217 1.2100234 28.167374 -1.6029194593429565 0.5406464338302612
Pedestrian 0.0 0 -2.899008274078369 650.18359375 168.459716796875 679.9952392578125 236.8317413330078 0.6472102 1.7758539 0.6738404 1.6633085 1.4383262 19.078503 -2.8120458126068115 0.5349997282028198
Pedestrian 0.0 0 -2.8182644844055176 693.8186645507812 171.6114501953125 710.783935546875 205.9505157470703 0.67132115 1.7499819 0.72805715 5.2034144 1.2469108 37.08063 -2.6788477897644043 0.4658048748970032
Pedestrian 0.0 0 -1.7539563179016113 545.711669921875 167.78030395507812 561.9296264648438 203.47650146484375 0.8512425 1.7111131 0.64124227 -2.3276808 1.0543581 34.92276 -1.8205101490020752 0.4236936867237091
Pedestrian 0.0 0 -1.4999148845672607 704.564208984375 163.3512725830078 717.9071044921875 198.9736328125 0.8563134 1.7594938 0.60232884 5.4932294 0.86396134 35.962135 -1.3483362197875977 0.41974714398384094
Pedestrian 0.0 0 -1.7229504585266113 809.1685180664062 196.9286651611328 889.8972778320312 374.0 0.67529035 1.7311089 0.5628261 2.0921335 1.8752408 6.2634115 -1.4005779027938843 0.3344970643520355
Pedestrian 0.0 0 1.961754560470581 313.45306396484375 153.29354858398438 337.47052001953125 195.74024963378906 0.9256763 1.9086137 0.7261789 -12.594696 0.6412532 32.768703 1.5948107242584229 0.3152649998664856
Pedestrian 0.0 0 -1.3203092813491821 292.0079650878906 167.1024932861328 309.6063232421875 200.95669555664062 0.92292345 1.8039119 0.6699072 -16.227432 1.0375841 38.778915 -1.716627597808838 0.2662046253681183
Pedestrian 0.0 0 2.1500537395477295 415.7837219238281 165.19459533691406 440.2862854003906 209.09718322753906 0.8369007 1.6733989 0.5579947 -6.7411513 1.0529236 27.865341 1.9126951694488525 0.2418782114982605
Pedestrian 0.0 0 1.9374165534973145 0.0 140.5977020263672 127.04789733886719 370.9941711425781 1.7389824 1.770769 0.5754048 -4.9334173 1.4578 6.4337106 1.2832452058792114 0.1151769757270813
Cyclist 0.0 0 1.8835594654083252 621.19384765625 163.7211151123047 643.0518188476562 202.75503540039062 1.7377107 1.8895851 0.58041245 1.5277258 1.0298296 35.686653 1.9263428449630737 0.5071172714233398
Cyclist 0.0 0 1.8906848430633545 0.0 141.93423461914062 117.22856140136719 374.0 1.7935823 1.7540708 0.5579112 -4.846137 1.4638493 6.230341 1.2296099662780762 0.2871411442756653
Car 0.0 0 -1.764502763748169 741.3279418945312 155.92515563964844 853.7152709960938 241.70774841308594 3.7184734 1.6348306 1.6262896 4.071078 1.1486864 15.593116 -1.5091217756271362 0.46800971031188965
Car 0.0 0 -1.96426522731781 646.5667724609375 177.0494384765625 726.1971435546875 216.12039184570312 4.1381497 1.4028673 1.6000872 3.1943998 1.2441187 27.999224 -1.8506674766540527 0.4054129123687744
Car 0.0 0 -0.7989516258239746 292.22247314453125 158.0084991455078 347.0963439941406 186.48374938964844 4.9213505 2.514855 1.7677063 -25.799843 0.4405615 66.049416 -1.1713407039642334 0.34492915868759155
Car 0.0 0 -1.6638764142990112 719.186279296875 165.23553466796875 848.0256958007812 286.2200012207031 3.9392004 1.6240429 1.6009028 2.7404118 1.4070413 11.7004595 -1.4338093996047974 0.2636178135871887
Car 0.0 0 -1.3775404691696167 346.7512512207031 174.2455291748047 438.41876220703125 239.94093322753906 3.5984294 1.4768584 1.5351874 -5.150251 1.3149903 18.003944 -1.656161904335022 0.2513327896595001
