Car 0.0 0 -1.855639100074768 757.5355224609375 191.27023315429688 982.528076171875 344.29583740234375 3.4375827 1.3799341 1.5410818 2.7968397 1.6458355 8.661799 -1.5433135032653809 0.9775511622428894
Car 0.0 0 3.593644380569458 110.22323608398438 184.77822875976562 358.3465270996094 265.1109619140625 3.8703928 1.4000179 1.5630915 -7.0149646 1.6395274 13.64275 3.1187093257904053 0.9465356469154358
Car 0.0 0 3.3653697967529297 329.312744140625 179.36122131347656 469.2852478027344 228.64256286621094 4.027495 1.4918811 1.6098791 -6.675083 1.708048 23.005096 3.082967758178711 0.9105583429336548
Car 0.0 0 0.6966572403907776 0.0 178.04718017578125 291.8918762207031 314.6781311035156 3.689366 1.4724244 1.5865035 -6.1188164 1.5430046 8.799736 0.0890650749206543 0.8871433734893799
Car 0.0 0 -1.7070072889328003 632.8780517578125 179.65621948242188 670.755615234375 207.95187377929688 4.1494074 1.5440886 1.6709464 2.3787773 1.9655769 42.53306 -1.6511377096176147 0.8736428022384644
Car 0.0 0 0.6040500998497009 47.337310791015625 179.5496368408203 374.26800537109375 289.07733154296875 4.250025 1.5085162 1.5756884 -6.0467734 1.62086 11.061394 0.10377812385559082 0.8657931089401245
Car 0.0 0 0.8217998743057251 0.0 198.064208984375 236.9676971435547 375.0 4.1938267 1.5407453 1.6906885 -5.8542795 1.7986782 6.3630595 0.07802176475524902 0.8605440855026245
Car 0.0 0 3.4786717891693115 205.4919891357422 185.61410522460938 422.4029541015625 255.53085327148438 4.151422 1.4280455 1.5545012 -6.4558673 1.72566 15.930174 3.0936388969421387 0.8493173122406006
Car 0.0 0 -0.3695732653141022 832.755615234375 175.0692138671875 1078.7264404296875 263.434326171875 3.8968785 1.5646721 1.6595348 6.3879733 1.6102587 13.775169 0.06464052200317383 0.8282155990600586
Car 0.0 0 -2.800248622894287 273.5387878417969 180.41360473632812 441.7218933105469 239.7928924560547 3.7729466 1.4417362 1.5416744 -6.4316053 1.6441513 18.499336 -3.134843349456787 0.8125877976417542
Car 0.0 0 2.825669765472412 725.1973876953125 185.6324920654297 867.9995727539062 232.3780975341797 4.3274574 1.4675332 1.6481041 6.132974 1.9126943 24.145613 3.074409246444702 0.7740984559059143
Car 0.0 0 -2.9577178955078125 452.5318908691406 177.40599060058594 527.933837890625 207.86813354492188 3.571086 1.5092949 1.5539818 -6.1076016 1.7469579 36.801018 -3.1221816539764404 0.7144485116004944
Car 0.0 0 -0.3184505105018616 709.1751098632812 182.99269104003906 822.0562744140625 225.68670654296875 3.818798 1.5105757 1.6048161 5.7363515 1.9046296 27.009628 -0.10917829722166061 0.704733669757843
