Car 0.0 0 -1.3170487880706787 357.1907958984375 185.53671264648438 487.1384582519531 270.0827331542969 3.7886322 1.4892467 1.6303055 -3.641732 1.4977372 14.574534 -1.5619046688079834 0.9655435085296631
Car 0.0 0 -1.4610917568206787 486.317626953125 181.47300720214844 541.7636108398438 223.05349731445312 3.966556 1.4340495 1.6224009 -3.454471 1.3061007 26.786478 -1.5893471240997314 0.932918906211853
Car 0.0 0 -1.5712553262710571 578.7882080078125 178.2424774169922 620.102783203125 213.75653076171875 3.3979447 1.492471 1.7368037 -0.40779746 1.2005543 31.916311 -1.5840317010879517 0.8731527328491211
Car 0.0 0 -1.131780743598938 151.32662963867188 173.5012969970703 318.96820068359375 258.5975036621094 3.940251 1.6016736 1.6745547 -7.862138 1.3823173 15.520717 -1.6006606817245483 0.8022699356079102
Car 0.0 0 -0.9671790599822998 9.862310409545898 188.08509826660156 175.86337280273438 250.68975830078125 3.4831436 1.3322204 1.5108695 -12.170006 1.4090279 17.204416 -1.582838773727417 0.7960938215255737
Car 0.0 0 -1.3710887432098389 451.3521423339844 179.19168090820312 491.2689514160156 205.7915802001953 3.5904074 1.449295 1.5549722 -7.7550836 1.122208 40.96795 -1.5581715106964111 0.7884676456451416
Car 0.0 0 2.2511396408081055 0.0 200.06069946289062 125.95526885986328 350.8109436035156 4.0443673 1.4534707 1.6313698 -8.442069 1.6912647 9.394791 1.5191038846969604 0.7184130549430847
Car 0.0 0 -1.321899652481079 312.9752502441406 189.8171844482422 395.6236572265625 240.91806030273438 3.628832 1.4326591 1.5747694 -7.821127 1.5889814 22.3642 -1.658321738243103 0.7008305788040161
Car 0.0 0 2.037910223007202 211.0292510986328 181.99366760253906 315.1799621582031 227.73435974121094 3.975914 1.4344395 1.5794145 -11.66813 1.3345279 24.545603 1.5941638946533203 0.541303277015686
Car 0.0 0 1.8804073333740234 393.37860107421875 182.0380401611328 455.6094970703125 219.2670440673828 3.6602545 1.4455498 1.451077 -7.5522747 1.3232976 29.7795 1.6320371627807617 0.4474722445011139
