Pedestrian 0.0 0 1.2858777046203613 703.3894653320312 157.53744506835938 754.1224365234375 277.0538635253906 0.69781226 1.7166771 0.56717294 1.8406658 1.3738045 10.6942215 1.4563254117965698 0.8825069665908813
Pedestrian 0.0 0 -2.8527989387512207 723.9347534179688 165.84632873535156 782.7982788085938 291.34442138671875 0.6018562 1.5338742 0.56221026 1.8973415 1.3438908 9.167119 -2.6487081050872803 0.8085865378379822
Pedestrian 0.0 0 -1.9658088684082031 796.8457641601562 145.2689208984375 840.9161987304688 237.2777099609375 0.6468778 1.8383578 0.66410947 4.405271 1.1156977 14.706046 -1.6747602224349976 0.635890543460846
Pedestrian 0.0 0 0.5838257074356079 812.0032348632812 141.44375610351562 927.417236328125 345.7329406738281 0.742799 1.6589053 0.5994739 2.2963746 1.3350239 6.307393 0.9329855442047119 0.6341370940208435
Pedestrian 0.0 0 -2.155778646469116 742.2671508789062 150.3326873779297 789.119873046875 241.79148864746094 0.6819658 1.7356215 0.61910176 3.1690793 1.1454146 14.058014 -1.9340561628341675 0.6249215006828308
Pedestrian 0.0 0 -1.83868408203125 603.079833984375 151.13328552246094 641.0862426757812 229.15353393554688 0.7743475 1.7100195 0.6734704 0.4216895 1.0456749 16.198147 -1.8126567602157593 0.6095717549324036
Pedestrian 0.0 0 2.227787971496582 122.23934173583984 144.71563720703125 272.62066650390625 374.0 0.78598934 1.7647396 0.65518695 -3.0902867 1.5085268 5.463664 1.7130413055419922 0.5944276452064514
Pedestrian 0.0 0 -0.11081328988075256 778.169189453125 161.2110137939453 875.292236328125 327.794677734375 0.9277622 1.6929966 0.55061513 2.3285956 1.4881643 7.653603 0.18453645706176758 0.5593994855880737
Pedestrian 0.0 0 1.196459412574768 750.5169067382812 154.8799591064453 815.86376953125 280.89813232421875 0.8591882 1.7352053 0.63945705 2.5589433 1.3699824 10.35645 1.4386944770812988 0.5523480176925659
Pedestrian 0.0 0 1.9661519527435303 0.0 157.21730041503906 113.87191009521484 374.0 0.82894725 1.777777 0.67831266 -4.639974 1.594518 5.9491773 1.303765892982483 0.5512354373931885
Pedestrian 0.0 0 -1.5774472951889038 793.3257446289062 147.22607421875 842.4418334960938 263.1751403808594 0.67041457 1.8090818 0.7402403 3.4546497 1.275626 11.630108 -1.2887049913406372 0.5181391835212708
Pedestrian 0.0 0 -2.7548093795776367 310.5428466796875 162.009765625 409.89239501953125 315.1902770996094 0.9439063 1.754486 0.67312914 -2.9111369 1.5326 8.589251 -3.0815865993499756 0.4335569739341736
Pedestrian 0.0 0 -1.9313703775405884 719.7725219726562 153.31167602539062 743.0807495117188 203.7825927734375 0.7384823 1.6691443 0.54469204 4.3440027 0.73800266 24.166315 -1.7535152435302734 0.37644633650779724
Pedestrian 0.0 0 -1.6909360885620117 750.1594848632812 149.54141235351562 795.2246704101562 262.17169189453125 0.7340805 1.8086648 0.6410546 2.790523 1.2967536 11.932606 -1.461207628250122 0.33231791853904724
Pedestrian 0.0 0 -1.9422471523284912 769.1593017578125 138.20602416992188 792.0662841796875 186.25320434570312 0.6400544 1.9629208 0.7362079 7.3901763 0.19517863 29.708544 -1.6984397172927856 0.28352606296539307
Cyclist 0.0 0 -1.9469481706619263 601.2738037109375 151.68374633789062 650.6249389648438 233.7681884765625 1.2541184 1.7711865 0.6965714 0.5007321 1.1290491 16.205269 -1.9160586595535278 0.24603022634983063
Cyclist 0.0 0 -1.4120192527770996 791.9508666992188 145.81033325195312 839.5845947265625 263.0561828613281 0.7316149 1.8281863 0.6360315 3.4450524 1.272985 11.665403 -1.1248595714569092 0.13464321196079254
Car 0.0 0 1.6901600360870361 538.2418212890625 164.07211303710938 593.2833862304688 205.12025451660156 4.0685453 1.4591323 1.6390892 -1.3157852 0.84068185 27.619738 1.6425566673278809 0.9371109008789062
