Pedestrian 0.0 0 1.7609400749206543 356.5789489746094 143.691650390625 425.6317443847656 299.3890380859375 0.7668907 1.8401304 0.6894985 -2.7483244 1.4958291 8.943216 1.462791919708252 0.17004767060279846
Pedestrian 0.0 0 -1.6721527576446533 905.5118408203125 181.1427001953125 930.279541015625 234.3789520263672 0.45057282 1.8006648 0.74119735 10.54579 2.0900054 24.82855 -1.270498514175415 0.14342953264713287
Pedestrian 0.0 0 -3.7723631858825684 1120.083251953125 175.65994262695312 1162.7850341796875 252.42071533203125 0.5432015 1.6546499 0.53522646 11.609343 1.7176539 15.838362 -3.139838457107544 0.13177596032619476
Pedestrian 0.0 0 0.4250052571296692 301.3245544433594 107.18657684326172 404.864013671875 291.8929443359375 0.8342671 1.6973705 0.4088837 -2.4882247 1.0942737 6.8638854 0.07722973823547363 0.13019712269306183
Pedestrian 0.0 0 -1.5215972661972046 942.5227661132812 143.5014190673828 961.6900634765625 189.03591918945312 0.7307723 1.9189086 0.7073829 14.60993 0.68229413 30.893177 -1.0798492431640625 0.10701712965965271
Pedestrian 0.0 0 -1.9197169542312622 277.0235900878906 178.4125213623047 298.302490234375 217.87583923339844 0.7330614 1.6299344 0.6039129 -13.626401 1.8681929 30.405237 -2.3410394191741943 0.10408799350261688
Car 0.0 0 -0.21355381608009338 821.0010986328125 176.6249542236328 1059.965576171875 270.9331970214844 3.57245 1.5082134 1.6168112 5.610792 1.5813524 12.775708 0.20026302337646484 0.9644646644592285
Car 0.0 0 0.8087033629417419 0.0 191.01937866210938 50.31166076660156 260.0270080566406 4.1631575 1.4540864 1.5881534 -15.565437 1.8949302 16.58617 0.05504202842712402 0.4391323924064636
Car 0.0 0 2.6185173988342285 853.0670166015625 173.0871124267578 1021.82080078125 228.816650390625 4.1304064 1.5165246 1.6576426 9.264724 1.523897 20.67494 3.039801597595215 0.10413748025894165
Car 0.0 0 1.4785758256912231 197.01510620117188 176.18820190429688 222.42349243164062 194.5703125 3.8091693 1.5206223 1.5753944 -34.678898 1.8188176 62.433758 0.9715571403503418 0.10079139471054077
