Cyclist 0.0 0 1.6684108972549438 466.5737609863281 176.92201232910156 494.5847473144531 247.5418243408203 1.6883149 1.7336893 0.5555283 -3.3817232 1.8442187 18.674236 1.4892621040344238 0.9544186592102051
Car 0.0 0 3.697542667388916 0.0 183.01307678222656 225.77511596679688 343.1257019042969 4.1745377 1.5809312 1.7106097 -7.088871 1.7159282 8.413486 2.9973833560943604 0.9714789390563965
Car 0.0 0 -1.7011995315551758 629.7457275390625 180.24282836914062 685.61962890625 221.7292938232422 4.1379867 1.4531139 1.6317581 1.7397461 1.763429 28.14527 -1.6394649744033813 0.9575375318527222
Car 0.0 0 -0.4656932055950165 798.3357543945312 191.9669952392578 1065.9757080078125 282.6343078613281 3.9807527 1.4178555 1.5526167 5.4274654 1.7741375 12.544666 -0.05735977739095688 0.9300492405891418
Car 0.0 0 2.5432276725769043 863.0510864257812 187.1114044189453 1234.5810546875 313.3646240234375 4.118539 1.5039206 1.6011089 5.704875 1.7154577 9.744546 3.0728745460510254 0.8951594233512878
Car 0.0 0 -0.36488234996795654 784.79736328125 172.11363220214844 983.5951538085938 248.63449096679688 3.525555 1.5023686 1.5670055 5.5323653 1.4881904 14.966024 -0.010800056159496307 0.8379378318786621
Car 0.0 0 0.2989083528518677 308.7977294921875 181.50955200195312 453.0050048828125 231.93313598632812 3.9561875 1.4835743 1.6046432 -7.053439 1.7615474 22.3232 -0.007133748382329941 0.8047427535057068
Car 0.0 0 -3.8561956882476807 1014.3999633789062 198.2327880859375 1242.0 371.8581848144531 3.6617758 1.4816662 1.5983512 6.2558637 1.7632397 7.1907153 -3.140209197998047 0.7969075441360474
Car 0.0 0 3.3782362937927246 341.86248779296875 183.5557098388672 470.643798828125 228.40225219726562 4.003823 1.4631374 1.583564 -6.976001 1.8444642 24.817108 3.1042110919952393 0.7391818165779114
Car 0.0 0 -0.8181756138801575 1152.9642333984375 186.28530883789062 1242.0 375.0 4.1017246 1.5155412 1.659913 6.186968 1.6220996 4.657523 0.10733270645141602 0.6797301173210144
Car 0.0 0 0.5330860614776611 0.0 156.62135314941406 321.3349914550781 287.0382080078125 4.101877 1.8579099 1.692874 -6.9091 1.6270186 11.165613 -0.021030664443969727 0.5952247977256775
