Pedestrian 0.0 0 -3.6996922492980957 1040.296875 169.42156982421875 1113.9556884765625 286.7209167480469 0.7168084 1.758036 0.65325654 7.1454263 1.70695 11.142324 -3.1294667720794678 0.2610953152179718
Pedestrian 0.0 0 -1.9961234331130981 946.926513671875 137.38595581054688 973.2182006835938 191.68409729003906 0.5462785 1.970202 0.7042772 12.790255 0.683606 26.460005 -1.545859456062317 0.1783159375190735
Cyclist 0.0 0 0.6629635095596313 824.4225463867188 129.76983642578125 871.947021484375 184.57833862304688 1.5377667 1.8186402 0.5412276 8.103105 0.38939172 24.728327 0.9796221256256104 0.181205615401268
Car 0.0 0 2.124640941619873 20.610876083374023 184.46279907226562 258.2824401855469 290.0743103027344 4.284897 1.6167293 1.7371117 -8.610948 1.8715745 13.665046 1.5623509883880615 0.8755320906639099
Car 0.0 0 -1.6304099559783936 586.6680908203125 175.02272033691406 614.593994140625 199.68199157714844 3.8027933 1.5824763 1.6501547 -0.6968036 1.7348093 48.602436 -1.6447458267211914 0.79469233751297
Car 0.0 0 1.8675967454910278 442.40106201171875 172.76145935058594 488.4060363769531 197.6173553466797 4.3515363 1.528894 1.7176476 -9.310251 1.5235598 46.62977 1.6705249547958374 0.7242757678031921
Car 0.0 0 1.7727059125900269 397.2906188964844 177.4748077392578 455.5119323730469 217.06399536132812 3.6434247 1.4328748 1.520079 -7.1949244 1.627007 28.400173 1.5245853662490845 0.20244953036308289
Car 0.0 0 1.96002197265625 209.07530212402344 170.56407165527344 308.0434875488281 237.98992919921875 4.0825887 2.134124 1.639327 -12.041768 2.062003 24.922325 1.5099271535873413 0.1942378282546997
Car 0.0 0 -1.5262409448623657 638.6826782226562 174.2313995361328 658.83251953125 193.6214599609375 3.5390556 1.5215869 1.4832438 3.1534836 1.63753 58.712376 -1.4725817441940308 0.1792793869972229
Car 0.0 0 1.8383228778839111 351.6200866699219 176.3167724609375 430.843994140625 224.18714904785156 3.733575 1.4311998 1.557041 -7.1367908 1.5544914 23.727522 1.5461496114730835 0.15572059154510498
