Pedestrian 0.0 0 -1.1365540027618408 420.5623474121094 177.85325622558594 433.0168762207031 201.98812866210938 0.6344747 1.7687778 0.69120646 -13.586885 2.1417966 53.407703 -1.3856689929962158 0.24499261379241943
Pedestrian 0.0 0 0.11113902926445007 781.989990234375 173.6717529296875 828.62353515625 253.20501708984375 0.8868416 1.606309 0.48302606 4.002619 1.6240673 14.964205 0.3725001811981201 0.162235289812088
Pedestrian 0.0 0 1.9686758518218994 0.0 127.27997589111328 53.73588180541992 242.9192352294922 0.68508655 1.8199887 0.6250938 -9.652733 1.1030797 11.770585 1.2818149328231812 0.14632341265678406
Pedestrian 0.0 0 -1.729428768157959 375.5890808105469 152.07847595214844 390.1494445800781 186.15757751464844 0.8009966 1.9207845 0.6737045 -12.998669 0.7501818 41.173904 -2.0352277755737305 0.1176602765917778
Pedestrian 0.0 0 1.1812890768051147 58.44979476928711 133.5943145751953 98.29839324951172 206.13592529296875 0.6958445 1.8123046 0.60108405 -13.650254 0.83183926 18.46072 0.5445926189422607 0.10815836489200592
Pedestrian 0.0 0 2.3582615852355957 761.726318359375 175.48036193847656 808.2700805664062 266.2142333984375 0.58377254 1.7377789 0.6825832 3.40983 1.79176 14.285623 2.592567205429077 0.10810384899377823
Cyclist 0.0 0 3.4049222469329834 239.9774627685547 177.71083068847656 278.16845703125 213.85220336914062 1.6723636 1.8682868 0.7410906 -18.485554 2.12768 37.958225 2.951730728149414 0.11244110018014908
Car 0.0 0 1.7275924682617188 351.7432861328125 189.66505432128906 454.33721923828125 265.65289306640625 4.390226 1.4875114 1.6934414 -4.881387 1.9466307 17.40878 1.4542146921157837 0.9692527055740356
Car 0.0 0 3.391569137573242 0.0 196.28611755371094 174.71885681152344 339.5697021484375 3.9073756 1.4685047 1.6446606 -8.151189 1.8300629 9.5178585 2.6833655834198 0.9264506697654724
Car 0.0 0 -1.6693342924118042 425.1009826660156 178.5825958251953 457.8139343261719 205.20709228515625 4.1233416 1.6093917 1.6605564 -10.998953 1.9988546 46.7871 -1.9002269506454468 0.7996039986610413
Car 0.0 0 -2.062945604324341 530.0442504882812 156.82264709472656 594.769287109375 197.8841552734375 4.8500385 2.422093 1.9736551 -3.078371 1.4768101 45.13725 -2.131040334701538 0.3766937851905823
