Pedestrian 0.0 0 -1.4566563367843628 328.5135498046875 154.71888732910156 345.67724609375 192.80491638183594 0.78110915 1.7783375 0.67645127 -12.950765 0.93191934 34.14946 -1.8191370964050293 0.33270546793937683
Pedestrian 0.0 0 -2.333526849746704 425.5682373046875 162.88742065429688 445.56195068359375 198.8855743408203 0.7562839 1.8203684 0.65445024 -8.973102 1.3167328 36.96378 -2.571674108505249 0.2707265615463257
Pedestrian 0.0 0 -0.2020643651485443 659.3677368164062 164.85043334960938 677.2743530273438 197.9297637939453 0.8831727 1.797982 0.56059134 3.158327 1.3633175 39.54756 -0.12237202376127243 0.26242485642433167
Pedestrian 0.0 0 -3.160696268081665 1067.4805908203125 182.12474060058594 1150.97802734375 255.5962371826172 1.6710116 1.7235769 0.54229414 12.223164 1.9612818 17.783478 -2.5585227012634277 0.11726564168930054
Cyclist 0.0 0 -1.927474021911621 814.6700439453125 156.7907257080078 868.3438110351562 235.79689025878906 1.8566849 1.8002297 0.61406225 5.4944167 1.4345711 17.380827 -1.6212950944900513 0.914762556552887
Cyclist 0.0 0 -3.160696268081665 1067.4805908203125 182.12474060058594 1150.97802734375 255.5962371826172 1.6710116 1.7235769 0.54229414 12.223164 1.9612818 17.783478 -2.5585227012634277 0.21324877440929413
Car 0.0 0 -1.6138122081756592 580.710205078125 177.86553955078125 664.89990234375 258.8912353515625 4.4631505 1.5793836 1.6792834 0.126822 1.710763 16.601175 -1.606173038482666 0.9254093170166016
Car 0.0 0 -1.6593645811080933 591.7635498046875 180.0963592529297 626.7708740234375 209.40904235839844 3.616044 1.5027229 1.6081206 -0.117853016 1.9212769 39.787064 -1.662326693534851 0.33061861991882324
Car 0.0 0 1.4995039701461792 590.5140991210938 166.89703369140625 613.7210083007812 186.0375518798828 4.3910904 1.6094989 1.7091839 -0.74295455 1.1089438 62.92927 1.4876983165740967 0.2783900499343872
Car 0.0 0 0.38242724537849426 254.74822998046875 157.6096954345703 355.1919250488281 190.11549377441406 4.144999 1.526509 1.6326287 -14.663904 0.810977 34.733025 -0.017060142010450363 0.19551950693130493
Car 0.0 0 -3.258488416671753 780.8671264648438 189.2032012939453 872.6271362304688 222.32423400878906 4.142274 1.5183462 1.67941 10.52833 2.3481832 35.422775 -2.9695847034454346 0.1895219087600708
Car 0.0 0 2.354520082473755 0.0 5.4956512451171875 282.53436279296875 375.0 4.0350356 1.5824225 1.6300818 -3.689102 1.1217735 4.035609 1.6139488220214844 0.17386510968208313
