Pedestrian 0.0 0 0.7845804691314697 383.0096740722656 164.4315643310547 438.3218688964844 255.04583740234375 0.8578653 1.8401186 0.7302152 -4.1286545 1.5154403 14.881994 0.5139601230621338 0.4782370626926422
Pedestrian 0.0 0 1.3772860765457153 377.8004455566406 170.14865112304688 399.091064453125 221.4127960205078 0.49194464 1.8881648 0.6782168 -8.118583 1.5084194 26.414043 1.079092025756836 0.2986595332622528
Pedestrian 0.0 0 0.635658323764801 1097.2791748046875 29.79302978515625 1224.0 370.0 0.71830004 1.8105904 0.62789714 3.336449 1.042482 4.0310383 1.327056646347046 0.24604594707489014
Pedestrian 0.0 0 1.6808310747146606 366.8700256347656 181.6365509033203 382.1778259277344 218.6569366455078 0.8224166 1.6365172 0.5680394 -10.361905 1.6897446 31.739367 1.3652714490890503 0.20106486976146698
Pedestrian 0.0 0 0.22747278213500977 564.8222045898438 155.4512176513672 580.7596435546875 184.3739471435547 0.9636821 1.8830832 0.46650925 -2.1101122 0.2535525 46.345753 0.1819744110107422 0.1785181611776352
Pedestrian 0.0 0 2.759345054626465 773.0816650390625 168.39308166503906 851.0350341796875 299.49102783203125 0.83188754 1.685574 0.6007665 2.6999724 1.5315862 9.427489 3.0382726192474365 0.10906068980693817
Pedestrian 0.0 0 1.1693865060806274 691.960693359375 138.45965576171875 742.470703125 238.8634796142578 0.9215256 1.843207 0.6403779 2.08735 1.0730721 13.500248 1.3227875232696533 0.10661619901657104
Pedestrian 0.0 0 3.1066038608551025 433.561279296875 165.9282684326172 446.3422546386719 187.99752807617188 1.0586095 1.8918749 0.42879406 -14.211107 0.6439154 60.951496 2.8775417804718018 0.10120567679405212
Car 0.0 0 -1.5761433839797974 524.3511352539062 171.1182403564453 556.9397583007812 203.00515747070312 3.9754424 1.6089152 1.6414288 -3.4585671 1.1369674 37.728268 -1.6675583124160767 0.16285784542560577
Car 0.0 0 1.6188623905181885 431.89013671875 172.6119842529297 462.0664978027344 200.78741455078125 3.9686747 1.6250119 1.5987386 -9.541418 1.1714514 42.865337 1.3998425006866455 0.15194518864154816
