Pedestrian 0.0 0 2.9831185340881348 533.2896118164062 162.27684020996094 549.0248413085938 191.8834228515625 0.93021935 1.878782 0.5283596 -4.286115 0.4242533 45.985176 2.8901805877685547 0.4748370349407196
Car 0.0 0 -1.0829975605010986 93.09860229492188 187.03433227539062 370.64013671875 329.9977111816406 3.3600862 1.3858191 1.5343522 -4.289901 1.4133025 8.710194 -1.5406391620635986 0.9703129529953003
Car 0.0 0 -1.3539848327636719 369.6836853027344 183.5652618408203 467.0765686035156 244.77557373046875 4.0547924 1.413901 1.5960739 -4.821864 1.3769085 18.65601 -1.606911540031433 0.9406147003173828
Car 0.0 0 -1.4193699359893799 457.9323425292969 179.63600158691406 512.1637573242188 217.50279235839844 3.4917333 1.3769517 1.5655028 -4.733982 1.1751885 27.894695 -1.5874773263931274 0.9345294237136841
Car 0.0 0 -1.2156486511230469 319.57989501953125 179.08056640625 405.6899719238281 222.9795379638672 4.089204 1.4501982 1.5985 -8.721128 1.2486563 25.810696 -1.5414929389953613 0.876403272151947
Car 0.0 0 -1.5738177299499512 576.5785522460938 173.290771484375 610.1846313476562 204.28604125976562 3.7251656 1.5033414 1.6306098 -0.77461624 0.9260868 36.744057 -1.5948959589004517 0.7591767311096191
Car 0.0 0 -1.0827891826629639 166.58920288085938 175.8943634033203 316.3636169433594 243.09765625 3.7190335 1.4072372 1.5676968 -8.481433 1.2131795 16.92649 -1.5472960472106934 0.68913733959198
Car 0.0 0 -1.0213370323181152 86.09645080566406 175.2618865966797 161.95013427734375 202.77806091308594 4.536155 1.6134042 1.7840353 -29.816921 1.0308964 44.44922 -1.6122016906738281 0.5839672088623047
Car 0.0 0 -1.0997073650360107 226.3583221435547 176.33551025390625 319.4112548828125 217.80384826660156 3.749173 1.426549 1.5932664 -12.326217 1.1221937 26.628704 -1.5332304239273071 0.5639010071754456
Car 0.0 0 -1.3839516639709473 451.01025390625 171.84942626953125 486.93145751953125 197.3145751953125 3.94196 1.6014316 1.6118227 -9.082512 0.76199627 47.176712 -1.5741456747055054 0.37099599838256836
