Pedestrian 0.0 0 -3.2414748668670654 744.647216796875 181.55661010742188 763.0127563476562 219.4512481689453 0.785621 1.7756963 0.7637824 6.817052 2.1962368 34.417133 -3.0459344387054443 0.38773608207702637
Pedestrian 0.0 0 1.515308141708374 1047.6170654296875 174.57913208007812 1076.21240234375 234.93875122070312 0.5063409 1.5390258 0.6024394 11.710012 1.5851752 18.782581 2.0727925300598145 0.25147581100463867
Pedestrian 0.0 0 -0.05857965350151062 640.0309448242188 196.28738403320312 656.2620849609375 227.28453063964844 0.9288169 1.8190751 0.7609355 2.251925 3.23837 43.304264 -0.006624070927500725 0.19646616280078888
Pedestrian 0.0 0 -1.8282331228256226 653.2051391601562 165.96484375 668.5145263671875 197.58152770996094 0.96177304 1.7215413 0.6169483 2.766771 1.3467817 39.81535 -1.758854627609253 0.18173222243785858
Pedestrian 0.0 0 3.7601475715637207 0.0 174.0787353515625 79.14051055908203 353.2598876953125 0.8471473 1.7973424 0.5938475 -6.265309 1.8111033 7.5664215 3.0685408115386963 0.10928548872470856
Cyclist 0.0 0 -1.8692694902420044 653.6176147460938 166.6323699951172 668.444091796875 199.59002685546875 0.889166 1.7934757 0.5780018 2.7728956 1.4552678 39.760136 -1.7996416091918945 0.1840049922466278
Cyclist 0.0 0 -0.8550712466239929 638.3338623046875 184.07009887695312 661.7337036132812 210.3233184814453 1.7419509 1.8110094 0.69108367 2.8284464 2.6234853 51.37577 -0.8000726699829102 0.18373598158359528
Car 0.0 0 -3.262545585632324 1013.5043334960938 173.66697692871094 1242.0 254.55581665039062 4.0541573 1.5335828 1.6801041 10.908338 1.5532284 15.413265 -2.6466546058654785 0.9544557929039001
Car 0.0 0 -0.8608760833740234 687.1463623046875 194.3867645263672 766.9971923828125 232.638671875 3.4560115 1.4738417 1.559394 5.088527 2.4633586 31.432928 -0.700383186340332 0.8576993346214294
Car 0.0 0 -0.031653985381126404 501.3954772949219 187.45260620117188 552.7035522460938 209.6509552001953 3.840367 1.6152927 1.8047546 -6.3946147 2.756673 55.21863 -0.1469458043575287 0.15574069321155548
Car 0.0 0 -1.690044641494751 651.6273803710938 153.2080841064453 685.4525756835938 182.8294219970703 3.8824735 1.8821533 1.7772564 3.8046227 0.6342006 47.81918 -1.6106492280960083 0.12712430953979492
Car 0.0 0 0.9806539416313171 613.6549072265625 182.65614318847656 659.5056762695312 205.23333740234375 3.7048445 1.5360659 1.5487756 1.8801901 2.2805781 52.792038 1.01625394821167 0.11177435517311096
Car 0.0 0 1.6692774295806885 442.0080871582031 188.86952209472656 481.8267517089844 220.42169189453125 4.092532 1.4724066 1.6573528 -7.7656937 2.3620834 37.94232 1.4673945903778076 0.10845152288675308
