Car 0.0 0 -1.8445237874984741 724.2630004882812 181.81214904785156 921.4842529296875 309.4986572265625 4.1240206 1.4359261 1.5861483 2.7584262 1.5921541 10.477223 -1.5870873928070068 0.9829235672950745
Car 0.0 0 -1.728400468826294 673.3114624023438 173.32247924804688 751.1173706054688 235.58328247070312 3.3388534 1.539286 1.5599 2.6328194 1.553434 19.54883 -1.5945268869400024 0.9624544978141785
Car 0.0 0 -2.10326886177063 824.8524780273438 148.11294555664062 1242.0 375.0 4.1157575 1.570975 1.6839579 2.7106621 1.488665 4.4760213 -1.5587445497512817 0.9414757490158081
Car 0.0 0 -1.6573805809020996 648.5747680664062 174.55711364746094 688.5782470703125 208.341064453125 3.4269443 1.4707446 1.5392729 2.6169138 1.5537733 33.301643 -1.578959584236145 0.9398692846298218
Car 0.0 0 -2.3912973403930664 0.0 188.32244873046875 212.1434783935547 350.6255187988281 4.1046696 1.4302456 1.5968885 -6.5964346 1.6062409 7.3525996 -3.122539520263672 0.9023406505584717
Car 0.0 0 0.38410207629203796 282.2154235839844 173.34365844726562 457.9203796386719 239.21900939941406 3.8874683 1.5764666 1.6141237 -6.0220094 1.5898157 18.209324 0.06471419334411621 0.8621123433113098
Car 0.0 0 3.3691186904907227 323.7072448730469 159.0134735107422 458.50445556640625 207.36865234375 3.878269 1.4894401 1.59561 -6.981887 1.0634811 23.145044 3.076141595840454 0.7232482433319092
Car 0.0 0 3.358041524887085 390.135986328125 176.83543395996094 508.7939453125 215.1895294189453 4.3477545 1.4684306 1.6073208 -6.3391848 1.6310573 28.597115 3.139896869659424 0.7103641629219055
Car 0.0 0 0.4283837676048279 324.8238830566406 175.72605895996094 475.73724365234375 228.76258850097656 3.9135194 1.4526145 1.5494334 -6.078995 1.5404508 20.923662 0.14563560485839844 0.6125587224960327
Car 0.0 0 3.964310646057129 0.0 197.6724090576172 63.740966796875 375.0 3.9791431 1.4949986 1.598831 -6.3194013 1.693683 4.7653475 3.0396227836608887 0.5565774440765381
