Pedestrian 0.0 0 0.13933444023132324 815.2301635742188 137.64271545410156 922.0503540039062 322.1668701171875 0.9061207 1.6736822 0.56796736 2.515529 1.2866557 6.871994 0.49024009704589844 0.8189062476158142
Pedestrian 0.0 0 -0.08981095254421234 754.7410888671875 130.2390899658203 814.01953125 254.12457275390625 0.8287282 1.8554009 0.7226279 2.7293975 1.1043175 11.004666 0.1533050537109375 0.7029233574867249
Pedestrian 0.0 0 -2.643411636352539 415.35821533203125 142.1470489501953 451.0390930175781 211.3895721435547 0.6032412 1.6592505 0.6735386 -4.2463317 0.74180496 17.340548 -2.8835644721984863 0.6580753922462463
Pedestrian 0.0 0 1.749322772026062 650.213623046875 135.0966339111328 674.5006713867188 199.92056274414062 0.7944903 1.861517 0.5806947 1.6561012 0.5592611 20.757212 1.8289384841918945 0.46689167618751526
Pedestrian 0.0 0 1.6614104509353638 272.5668029785156 140.0673828125 322.1055908203125 251.13345336914062 0.6460378 1.7570618 0.6921009 -5.0790563 1.1190747 11.596495 1.2485954761505127 0.41243743896484375
Pedestrian 0.0 0 0.610990583896637 235.82789611816406 139.01499938964844 291.1253662109375 244.79067993164062 0.5856713 1.7503079 0.64687085 -5.8620167 1.0654918 12.0604315 0.15856218338012695 0.38107752799987793
Pedestrian 0.0 0 3.025967836380005 490.617431640625 143.95883178710938 524.3653564453125 210.68215942382812 0.8584186 1.8193454 0.67347723 -2.7586708 0.8245568 19.708153 2.8868954181671143 0.3799729347229004
Pedestrian 0.0 0 2.2676901817321777 351.850830078125 151.34649658203125 375.8584289550781 189.86709594726562 0.89261305 1.8638153 0.71041846 -11.863808 0.45466632 34.74973 1.9386909008026123 0.311953604221344
Pedestrian 0.0 0 -1.1760913133621216 314.4964599609375 152.30322265625 339.4450988769531 196.9530029296875 0.83068717 1.8993939 0.7402564 -12.007105 0.7013863 30.495308 -1.551186203956604 0.31036263704299927
Pedestrian 0.0 0 1.8632076978683472 445.38323974609375 141.75167846679688 470.86444091796875 194.11123657226562 0.8522548 1.9008873 0.7076345 -5.4462543 0.49566865 26.119305 1.657638669013977 0.3026462495326996
Pedestrian 0.0 0 -1.6686793565750122 1.6201905012130737 152.9481964111328 34.96259307861328 221.56309509277344 0.7800564 1.8685005 0.642882 -16.430136 1.1197978 19.751947 -2.3625259399414062 0.29629936814308167
Pedestrian 0.0 0 -1.2783808708190918 240.09909057617188 161.82427978515625 265.4158630371094 210.07559204101562 0.81830925 1.7042557 0.6062672 -12.687135 1.0461482 25.422934 -1.7412625551223755 0.24741478264331818
Pedestrian 0.0 0 2.809131622314453 432.8212890625 148.4307098388672 472.22314453125 195.724853515625 1.4217978 1.8286335 0.54670656 -6.045914 0.59017485 27.935741 2.595996618270874 0.2448273003101349
Pedestrian 0.0 0 -1.3560187816619873 102.97885131835938 143.89010620117188 166.61058044433594 264.1969299316406 0.99098736 1.9031463 0.68912673 -7.8473754 1.3256662 11.766947 -1.9441828727722168 0.23597687482833862
Pedestrian 0.0 0 2.851764440536499 337.72503662109375 148.17974853515625 356.6677551269531 194.2704620361328 0.5736887 1.9256321 0.716071 -10.96104 0.57680225 29.993452 2.501394510269165 0.21310189366340637
Pedestrian 0.0 0 1.2612384557724 615.1290283203125 141.51829528808594 641.3665771484375 192.1552734375 1.4732419 1.7600187 0.5123031 0.794279 0.40663913 25.348993 1.2925620079040527 0.14168259501457214
Pedestrian 0.0 0 2.300960063934326 359.0108642578125 143.3898162841797 402.7656555175781 197.00572204589844 1.4724962 1.7477679 0.5714748 -7.5679116 0.5395967 23.832047 1.9934792518615723 0.10505273193120956
Cyclist 0.0 0 1.2612384557724 615.1290283203125 141.51829528808594 641.3665771484375 192.1552734375 1.4732419 1.7600187 0.5123031 0.794279 0.40663913 25.348993 1.2925620079040527 0.6275174617767334
Cyclist 0.0 0 2.802715301513672 433.2352294921875 148.42454528808594 472.87530517578125 195.43446350097656 1.4293834 1.8174022 0.5533295 -6.025545 0.57887024 27.939554 2.5903048515319824 0.3761782944202423
Cyclist 0.0 0 2.8161203861236572 461.3276672363281 143.7677764892578 514.5227661132812 212.99017333984375 1.3143346 1.8431233 0.6092283 -3.2467492 0.8666711 19.399612 2.6502957344055176 0.3335523307323456
Cyclist 0.0 0 0.9308786392211914 622.8908081054688 149.80264282226562 661.4332885742188 197.6540985107422 1.6248372 1.7436377 0.59248275 1.3584613 0.6265896 26.598999 0.9819061756134033 0.3082055151462555
Cyclist 0.0 0 2.300960063934326 359.0108642578125 143.3898162841797 402.7656555175781 197.00572204589844 1.4724962 1.7477679 0.5714748 -7.5679116 0.5395967 23.832047 1.9934792518615723 0.21958154439926147
Cyclist 0.0 0 -2.6855969429016113 258.0158996582031 136.8527069091797 334.1900329589844 252.04751586914062 0.96335316 1.8368311 0.6423358 -5.1036596 1.142511 11.610259 -3.0997533798217773 0.17270903289318085
Cyclist 0.0 0 1.8298561573028564 446.85369873046875 138.53990173339844 472.25146484375 193.11917114257812 0.8992414 1.9799533 0.71399903 -5.391588 0.45930153 26.11312 1.6262468099594116 0.11238779872655869
Car 0.0 0 1.9011366367340088 0.0 83.8353500366211 284.28546142578125 370.0 3.9918602 1.6280401 1.5993389 -3.122803 1.3408655 4.251913 1.2676643133163452 0.28170502185821533
