Pedestrian 0.0 0 -3.140538454055786 1206.1832275390625 188.56494140625 1236.51025390625 239.77491760253906 0.8343857 1.8036067 0.76631993 22.2503 2.389286 26.316572 -2.4386706352233887 0.3827114701271057
Car 0.0 0 -0.7749952077865601 250.3103790283203 169.803955078125 678.8956298828125 375.0 3.2166831 1.620965 1.6662089 -1.0232669 1.6035368 5.9961224 -0.9440217018127441 0.9741465449333191
Car 0.0 0 2.069976806640625 603.066650390625 176.14276123046875 842.3034057617188 317.4061584472656 3.6819239 1.5069046 1.5940483 1.6240696 1.5604477 9.725176 2.2354462146759033 0.9677647352218628
Car 0.0 0 -1.2773723602294922 805.8136596679688 183.16336059570312 934.6214599609375 265.4936218261719 3.6004996 1.4734915 1.5930527 5.558239 1.7200613 15.310349 -0.9291298389434814 0.9565570950508118
Car 0.0 0 -1.706141471862793 1153.220703125 200.50650024414062 1242.0 375.0 3.2532346 1.4288597 1.4672048 5.999964 1.7529947 6.68759 -0.9748871326446533 0.8641032576560974
Car 0.0 0 1.7304069995880127 957.4384155273438 177.0862579345703 1020.390625 218.9763946533203 4.3475666 1.6903751 1.7922007 16.739374 1.890922 31.849876 2.214301586151123 0.8351289629936218
Car 0.0 0 -1.5251132249832153 1118.764892578125 192.30870056152344 1202.0467529296875 255.5996551513672 3.596795 1.4011443 1.58327 14.51115 1.9652205 19.017616 -0.8733203411102295 0.6557504534721375
Car 0.0 0 0.29673150181770325 804.6075439453125 171.82432556152344 918.3053588867188 210.7465057373047 3.9870496 1.4502993 1.5613976 9.913502 1.4122899 28.687498 0.629453182220459 0.618453323841095
Car 0.0 0 -1.557264804840088 989.0572509765625 182.90794372558594 1025.705810546875 214.0127716064453 3.8452778 1.5030729 1.6285117 21.064404 2.0657432 38.2786 -1.0541975498199463 0.4727376103401184
Car 0.0 0 1.5578117370605469 1109.476318359375 183.43182373046875 1141.3636474609375 207.65499877929688 4.141651 1.5175512 1.7115349 35.143097 2.272821 49.30218 2.1770834922790527 0.40922603011131287
