Pedestrian 0.0 0 -2.059265613555908 772.136474609375 165.37294006347656 793.5718383789062 200.81060791015625 0.9915487 1.8948051 0.7529523 9.338268 1.4951609 39.151474 -1.8251240253448486 0.5158956050872803
Pedestrian 0.0 0 0.2377171516418457 921.2359008789062 120.7004623413086 997.0053100585938 270.31365966796875 0.7159528 1.7847953 0.71218354 4.356117 1.1629928 9.106952 0.6838779449462891 0.33490249514579773
Pedestrian 0.0 0 -2.429605484008789 1006.7792358398438 103.71720123291016 1100.020263671875 269.62237548828125 0.70629686 1.8692069 0.6240711 5.1911397 1.0906199 8.558801 -1.8844008445739746 0.14382126927375793
Pedestrian 0.0 0 1.7237882614135742 307.7564697265625 164.39117431640625 330.4244079589844 215.20932006835938 0.66209114 1.8427154 0.6822104 -10.747464 1.5362033 26.561396 1.3392993211746216 0.141441211104393
Cyclist 0.0 0 -1.809483289718628 923.3720092773438 160.83677673339844 949.0585327148438 209.06626892089844 1.6093483 1.6462232 0.454636 11.452092 1.2363958 25.458277 -1.386764407157898 0.14079180359840393
Car 0.0 0 1.7591338157653809 524.0296630859375 178.14584350585938 581.8969116210938 216.52313232421875 3.9642 1.4462672 1.6699294 -2.3237524 1.6804693 29.819572 1.6813639402389526 0.9580526947975159
Car 0.0 0 1.6190292835235596 574.0740966796875 172.4541778564453 602.4091796875 197.27496337890625 3.814921 1.4974841 1.6039947 -1.3656002 1.4737194 45.4507 1.5889925956726074 0.5215181708335876
Car 0.0 0 -1.7865022420883179 502.6326904296875 167.40699768066406 546.3967895507812 196.86485290527344 3.684356 1.5017142 1.5753027 -4.6757574 1.2243924 38.778904 -1.9064977169036865 0.1607578694820404
Car 0.0 0 -1.6309095621109009 379.18109130859375 169.80148315429688 400.0262756347656 186.74203491210938 4.017999 1.5528446 1.6448745 -20.906393 1.2733946 68.30624 -1.9279245138168335 0.14669209718704224
Car 0.0 0 1.8802058696746826 654.767578125 173.42832946777344 685.8958129882812 191.36895751953125 4.0778675 1.5086498 1.5408733 5.2800794 1.5608817 62.990265 1.9638340473175049 0.13252006471157074
