Car 0.0 0 -1.8294214010238647 699.9330444335938 189.57656860351562 818.4757080078125 268.658203125 3.355017 1.379435 1.5795476 2.9266741 1.7684232 15.039454 -1.637223720550537 0.9633790850639343
Car 0.0 0 3.307526111602783 285.8980407714844 178.5741729736328 444.35858154296875 240.83628845214844 3.862554 1.5809493 1.678336 -6.596108 1.7461545 19.658688 2.9837985038757324 0.9369316101074219
Car 0.0 0 0.6524640321731567 0.0 191.13189697265625 269.5072937011719 354.80157470703125 4.3866324 1.4591281 1.6326443 -6.191567 1.6728344 7.5245395 -0.036055296659469604 0.929604709148407
Car 0.0 0 3.6808223724365234 0.0 183.1812744140625 309.0126037597656 301.83013916015625 3.9173136 1.4737468 1.6049575 -6.5138 1.6296841 9.989715 3.1030068397521973 0.9293357133865356
Car 0.0 0 -0.30457767844200134 787.6439819335938 187.5775604248047 916.197998046875 237.37664794921875 3.459996 1.4521115 1.5528921 7.364051 1.9241536 22.311459 0.01422119140625 0.899001955986023
Car 0.0 0 0.4821653962135315 121.9533920288086 184.80075073242188 397.7941589355469 285.9255676269531 4.0256915 1.6098602 1.6646746 -6.0237575 1.833907 12.602392 0.03628420829772949 0.7837684750556946
Car 0.0 0 3.1029295921325684 468.5680847167969 175.77134704589844 541.1768188476562 206.93557739257812 4.2453723 1.8127708 1.7576512 -6.3814588 1.9939101 43.45585 2.957122564315796 0.7780358791351318
Car 0.0 0 3.2609968185424805 439.1893615722656 177.7518310546875 525.5187377929688 212.94874572753906 4.3643894 1.8186262 1.7689247 -6.798641 2.087572 38.561695 3.086484670639038 0.7637130618095398
Car 0.0 0 0.3353532552719116 206.7783660888672 174.73814392089844 426.76666259765625 258.4501647949219 3.8676817 1.6109282 1.626607 -5.9388075 1.6523544 14.823646 -0.0456966906785965 0.7625213265419006
Car 0.0 0 2.909059762954712 695.0819702148438 176.98280334472656 801.551513671875 215.9724884033203 4.4696364 1.7105355 1.7742901 6.200298 1.9045469 32.85057 3.0956077575683594 0.7598422765731812
Car 0.0 0 0.26097655296325684 382.3710632324219 164.3301544189453 490.6866149902344 208.55093383789062 3.9127936 1.7162942 1.7024374 -6.931456 1.385825 28.902544 0.025600194931030273 0.5532509088516235
