Pedestrian 0.0 0 -1.731696605682373 750.2194213867188 156.0408935546875 775.358642578125 212.08163452148438 0.8598294 1.8475893 0.6951854 5.078751 1.2936412 24.230753 -1.5250881910324097 0.5819039940834045
Pedestrian 0.0 0 -1.5968989133834839 692.7061157226562 158.9686279296875 708.215576171875 207.07858276367188 0.5425409 1.7959567 0.56560916 3.3677955 1.2779703 27.229803 -1.4738433361053467 0.3716936409473419
Car 0.0 0 -1.9192805290222168 748.6749267578125 177.4354248046875 972.3812255859375 313.5369873046875 3.7507102 1.465868 1.5948215 3.0672822 1.540636 9.806639 -1.6161441802978516 0.9766222834587097
Car 0.0 0 1.9139814376831055 275.8340148925781 189.95762634277344 408.58905029296875 274.2368469238281 3.7444527 1.5562985 1.5668238 -5.801554 1.9795086 15.959286 1.565311312675476 0.9581412672996521
Car 0.0 0 -1.8638646602630615 706.3491821289062 178.89915466308594 826.6631469726562 259.0888671875 3.4001992 1.4635646 1.5245553 3.1104202 1.6060127 15.194393 -1.6619459390640259 0.9381879568099976
Car 0.0 0 1.8145121335983276 370.9446105957031 188.53884887695312 452.6882629394531 244.84622192382812 3.525952 1.4305613 1.4934757 -5.7421494 1.9283004 21.098919 1.5487940311431885 0.9061980247497559
Car 0.0 0 -1.7473533153533936 692.1409912109375 178.78375244140625 770.3458862304688 232.45301818847656 3.8692777 1.3755443 1.5481812 3.3558404 1.5634305 20.868248 -1.5879075527191162 0.8602263927459717
Car 0.0 0 0.5425658226013184 0.0 188.0496063232422 98.14446258544922 256.2643127441406 3.6279025 1.5059932 1.586032 -14.877407 1.8972481 17.482285 -0.16250789165496826 0.47354376316070557
Car 0.0 0 1.0427169799804688 338.351806640625 187.30648803710938 384.165283203125 208.38226318359375 3.8892684 1.4767641 1.5469742 -18.992846 2.6150076 54.951874 0.7099432945251465 0.4047389328479767
Car 0.0 0 -2.533748149871826 0.0 0.0 1242.0 375.0 3.7944531 1.4914179 1.5963951 3.0499797 1.5221922 1.6690795 -1.4636757373809814 0.4026678502559662
Car 0.0 0 -2.823367118835449 385.7848205566406 179.1046600341797 462.89923095703125 204.07708740234375 4.423305 1.5275146 1.6590198 -11.728248 1.9313242 45.594723 -3.075137138366699 0.34057313203811646
Car 0.0 0 2.2543768882751465 43.71164321899414 198.5489501953125 176.34405517578125 253.1931915283203 3.56464 1.4331317 1.4726924 -15.469544 2.2996356 22.483402 1.6517210006713867 0.334478497505188
