Pedestrian 0.0 0 1.7243690490722656 516.6834106445312 174.06414794921875 536.07763671875 218.97079467773438 0.9031989 1.881278 0.69154906 -3.5949574 1.9339314 30.7138 1.6078522205352783 0.2754484713077545
Pedestrian 0.0 0 -0.4293506145477295 692.0447998046875 161.11891174316406 713.3832397460938 195.80784606933594 0.96964103 1.7883286 0.5306886 4.7923207 1.183704 37.592617 -0.3025541603565216 0.2214173674583435
Pedestrian 0.0 0 1.9533252716064453 271.9125061035156 155.60455322265625 337.33135986328125 275.7430114746094 0.9830852 1.8167365 0.6335777 -4.8589463 1.5562478 11.406198 1.5506149530410767 0.2155190259218216
Pedestrian 0.0 0 0.7364241480827332 460.1277160644531 177.78013610839844 494.9477233886719 235.14198303222656 0.8064818 1.6487155 0.61501336 -3.9547584 1.7976817 21.290697 0.5527667999267578 0.20764398574829102
Pedestrian 0.0 0 -0.20004534721374512 1162.073486328125 177.86183166503906 1196.7340087890625 228.5050506591797 0.8175389 1.72527 0.7434609 19.828754 1.9041002 25.195919 0.466707706451416 0.20054399967193604
Pedestrian 0.0 0 2.480104446411133 875.4984741210938 145.13258361816406 970.9970703125 294.9257507324219 0.97005856 1.8348228 0.58172 3.948116 1.4956198 9.240266 2.8838987350463867 0.17967262864112854
Pedestrian 0.0 0 -3.6102049350738525 929.3455810546875 155.0297088623047 1062.588134765625 333.20648193359375 1.0687739 1.7768227 0.5905392 3.9276824 1.5994323 7.49536 -3.127530336380005 0.16876618564128876
Pedestrian 0.0 0 0.2091846466064453 1146.6376953125 168.8541717529297 1242.0 375.0 0.5892832 1.7004398 0.5960538 3.727663 1.6782577 4.4791975 0.9032635688781738 0.12364495545625687
Pedestrian 0.0 0 2.6055662631988525 778.3147583007812 146.07492065429688 803.2996826171875 201.82777404785156 0.5612598 1.9044346 0.70182884 6.2316155 0.99005926 25.06081 2.849283218383789 0.10326743870973587
Cyclist 0.0 0 1.6243844032287598 463.71905517578125 183.2169952392578 485.67132568359375 243.10955810546875 1.5776521 1.6455895 0.54552126 -3.9587176 1.9582436 20.923203 1.4373924732208252 0.1316695511341095
Cyclist 0.0 0 1.7892751693725586 528.2369384765625 183.1579132080078 547.2671508789062 225.4190673828125 0.9355125 1.7459291 0.6151041 -3.094873 2.189754 30.550732 1.688316822052002 0.11416693031787872
Cyclist 0.0 0 1.8179963827133179 484.5162048339844 182.41983032226562 509.4979248046875 231.02389526367188 1.4377328 1.6128117 0.5207311 -3.9434 1.9540555 24.970333 1.661366581916809 0.10561500489711761
Car 0.0 0 2.169135808944702 0.0 167.1309051513672 314.6319274902344 375.0 3.5460446 1.5308741 1.5325457 -3.4916224 1.5070299 4.8412356 1.5443061590194702 0.8068927526473999
Car 0.0 0 1.4231023788452148 672.3425903320312 177.55288696289062 706.493896484375 204.4324493408203 4.1530204 1.6952726 1.6732305 5.243362 2.0242414 48.349148 1.5311280488967896 0.1464051455259323
Car 0.0 0 -1.647961139678955 680.57666015625 183.5387725830078 733.861572265625 232.01480102539062 2.7242277 1.4501091 1.5096483 3.0828686 1.8206934 23.59846 -1.518058180809021 0.14495238661766052
Car 0.0 0 -1.887225866317749 1185.2470703125 143.2146759033203 1242.0 184.00022888183594 3.5730288 1.7534527 1.7612923 28.001461 0.47955677 33.00439 -1.1836519241333008 0.12313317507505417
Car 0.0 0 1.4671144485473633 645.246337890625 181.36032104492188 674.7993774414062 206.4881591796875 3.9905965 1.6348673 1.645068 3.4205108 2.252524 50.335392 1.5349645614624023 0.11089693754911423
