Pedestrian 0.0 0 1.3533778190612793 553.7827758789062 140.72210693359375 633.8499145507812 321.701904296875 0.9591217 1.8289897 0.6714079 -0.19392112 1.428686 7.6866617 1.3281549215316772 0.8044939637184143
Pedestrian 0.0 0 1.1598689556121826 834.8631591796875 148.05552673339844 897.4021606445312 256.7894592285156 1.1276418 1.8418981 0.639997 4.570433 1.2939535 12.554585 1.5090007781982422 0.16288848221302032
Pedestrian 0.0 0 1.4322702884674072 533.100830078125 197.08692932128906 574.8040161132812 286.113525390625 0.9523715 1.7784128 0.74655807 -1.1262287 2.1416852 14.866672 1.3566594123840332 0.10879439860582352
Cyclist 0.0 0 1.1393568515777588 837.8701782226562 151.95339965820312 904.8981323242188 262.21630859375 1.5107995 1.8253108 0.514189 4.621922 1.3543965 12.472484 1.4942375421524048 0.2300415337085724
Cyclist 0.0 0 -1.6855309009552002 761.7947998046875 130.3814239501953 801.9589233398438 240.67970275878906 0.9566263 1.8666215 0.5766908 3.062372 1.0200934 12.471463 -1.4447444677352905 0.10793813318014145
Car 0.0 0 1.7795870304107666 0.0 193.15084838867188 100.55175018310547 294.414794921875 3.5607584 1.412322 1.5192598 -10.033972 1.6680968 12.268721 1.0940563678741455 0.45238345861434937
Car 0.0 0 -1.2529957294464111 497.7093200683594 141.8124237060547 581.5810546875 196.20315551757812 3.2480638 1.5026063 1.5767334 -1.9177356 0.435395 21.288244 -1.3428374528884888 0.22709894180297852
Car 0.0 0 1.9864939451217651 0.0 6.66715669631958 122.17943572998047 370.0 4.059302 1.7310108 1.760092 -4.935542 1.0851775 4.840203 1.1913434267044067 0.22359749674797058
Car 0.0 0 0.7986407279968262 0.0 201.89874267578125 133.75392150878906 253.4307403564453 4.312674 1.4926144 1.6578661 -17.636784 2.208996 22.505136 0.13393163681030273 0.191367045044899
Car 0.0 0 -1.9733977317810059 753.668701171875 191.55020141601562 880.8931884765625 266.09356689453125 3.7475195 1.5484957 1.5937029 4.9744205 1.8498359 17.21875 -1.6921594142913818 0.10980361700057983
