Pedestrian 0.0 0 -0.39137697219848633 987.8235473632812 131.4893341064453 1100.88916015625 284.2534484863281 1.0442175 1.8001608 0.5870474 5.255264 1.3130804 8.865083 0.14373517036437988 0.17830926179885864
Pedestrian 0.0 0 -2.946181058883667 630.5278930664062 166.9550018310547 639.9415283203125 189.84291076660156 0.60644406 1.7382846 0.64440244 1.9053595 1.2906264 55.179253 -2.9116644859313965 0.16875900328159332
Pedestrian 0.0 0 -0.5455138683319092 1031.1373291015625 139.86260986328125 1125.6712646484375 282.7521057128906 0.94121426 1.8982384 0.538702 6.332861 1.4603168 9.863779 0.02523946762084961 0.1684621274471283
Pedestrian 0.0 0 1.3892507553100586 871.6834716796875 131.50991821289062 930.2902221679688 249.65853881835938 1.4685974 1.6542231 0.5534921 4.301679 1.075714 10.873678 1.7659624814987183 0.1348441243171692
Cyclist 0.0 0 -3.488978385925293 1017.7597045898438 214.15003967285156 1191.2125244140625 351.7004089355469 1.8658754 1.746644 0.7156407 6.7855954 2.3567588 10.077521 -2.8963701725006104 0.2029268890619278
Cyclist 0.0 0 1.3892507553100586 871.6834716796875 131.50991821289062 930.2902221679688 249.65853881835938 1.4685974 1.6542231 0.5534921 4.301679 1.075714 10.873678 1.7659624814987183 0.18632596731185913
Cyclist 0.0 0 0.15384536981582642 789.7745361328125 158.13742065429688 814.8433227539062 182.831787109375 1.8132485 1.9010198 0.6180464 14.949964 0.7684666 56.190193 0.4138813018798828 0.1724892258644104
Car 0.0 0 1.8219451904296875 400.8003234863281 178.96588134765625 463.8541564941406 214.94361877441406 4.23474 1.4377121 1.6857935 -7.750022 1.7244577 31.680012 1.582022786140442 0.9492641091346741
Car 0.0 0 1.80900239944458 513.850341796875 175.8740234375 541.7861938476562 192.811767578125 4.140485 1.4815466 1.610163 -7.5030427 1.7673166 66.033035 1.695862054824829 0.4486798346042633
Car 0.0 0 2.543083667755127 0.0 209.93325805664062 54.4116096496582 256.43548583984375 3.1498303 1.439684 1.7185916 -22.968513 2.9103405 26.863342 1.835686206817627 0.27468588948249817
Car 0.0 0 -1.6099600791931152 794.2396850585938 157.33163452148438 817.0130004882812 178.93333435058594 3.4624856 1.6673205 1.6139306 15.551523 0.4695886 57.556435 -1.3460655212402344 0.26671844720840454
Car 0.0 0 1.4266680479049683 265.24652099609375 192.03875732421875 294.37286376953125 211.96875 4.2201047 1.5768651 1.744652 -29.177933 3.3294895 63.654305 0.9968662261962891 0.18306833505630493
Car 0.0 0 0.921320378780365 646.7296142578125 185.15548706054688 687.8231811523438 202.7820281982422 4.1121225 1.5152764 1.6673218 5.2832737 2.6993742 67.248535 0.9997227191925049 0.1823471039533615
