Pedestrian 0.0 0 -3.256911277770996 1064.2935791015625 199.1790008544922 1096.9927978515625 251.24560546875 0.8690463 1.7373707 0.788415 16.364449 2.6761737 25.172564 -2.6804723739624023 0.28895723819732666
Pedestrian 0.0 0 -1.5874937772750854 177.96066284179688 157.2591552734375 191.79368591308594 193.90533447265625 0.76130164 1.9641101 0.6335225 -23.11134 1.1286376 39.159294 -2.1206672191619873 0.28474465012550354
Pedestrian 0.0 0 -1.1025362014770508 0.0 145.2088165283203 16.99163055419922 196.44442749023438 0.36697984 1.9535319 0.5568496 -23.280447 0.8998232 27.750418 -1.800563931465149 0.2792511582374573
Pedestrian 0.0 0 -1.3309190273284912 777.2207641601562 152.06106567382812 793.359619140625 189.4065704345703 0.6187371 1.9105096 0.6848173 9.036686 0.8471492 37.341545 -1.0934829711914062 0.12853935360908508
Pedestrian 0.0 0 -0.8313099145889282 884.64111328125 154.71142578125 919.9825439453125 210.63609313964844 0.82074577 1.7160435 0.6407085 9.109815 1.1596984 22.604124 -0.4482065737247467 0.11675383150577545
Cyclist 0.0 0 -1.9128797054290771 847.1923828125 161.5973663330078 871.0424194335938 203.583984375 1.6167744 1.6729058 0.4012677 10.150531 1.2247568 29.55665 -1.5820732116699219 0.17729096114635468
Cyclist 0.0 0 -3.4578945636749268 1057.696044921875 197.61074829101562 1093.7142333984375 249.9224090576172 0.86552083 1.7679434 0.7655914 16.285425 2.6534843 25.316309 -2.8862593173980713 0.10055126249790192
Car 0.0 0 -2.1891045570373535 752.5023803710938 186.82276916503906 941.1384887695312 283.93475341796875 3.4137368 1.4590744 1.5712653 4.1153407 1.7519832 13.241853 -1.8877849578857422 0.9694021344184875
Car 0.0 0 2.136181354522705 141.4669647216797 181.348876953125 254.25326538085938 232.25819396972656 4.5737114 1.8838124 1.8811787 -16.89297 2.2625487 29.805172 1.620546817779541 0.8192861080169678
Car 0.0 0 2.32958984375 0.0 191.0245361328125 52.01847457885742 261.5451354980469 4.2249656 1.5620592 1.6487061 -17.39445 2.0998757 19.208477 1.5937108993530273 0.5114309191703796
Car 0.0 0 1.4589309692382812 849.0448608398438 162.37802124023438 902.5296630859375 200.12741088867188 3.9690812 1.473166 1.6581471 11.034623 1.0647002 30.279123 1.8084027767181396 0.1584486961364746
