Pedestrian 0.0 0 1.3601475954055786 951.2915649414062 152.61691284179688 993.3668212890625 222.2977294921875 1.1236526 1.8441757 0.8085144 9.84667 1.308938 19.738403 1.8228815793991089 0.180355966091156
Pedestrian 0.0 0 1.275016188621521 923.1039428710938 141.30355834960938 960.137451171875 202.50479125976562 1.1262084 1.8152705 0.7269998 10.05277 0.8798209 22.004818 1.7035470008850098 0.10470786690711975
Pedestrian 0.0 0 -1.6688084602355957 769.6092529296875 160.21401977539062 782.995361328125 193.4804229736328 1.0011796 1.8938994 0.6560621 9.552446 1.1746475 41.613613 -1.4431664943695068 0.10292477905750275
Car 0.0 0 2.128786087036133 31.64179801940918 194.97116088867188 147.52027893066406 244.0232391357422 3.567292 1.4152958 1.4988109 -17.421309 2.2163973 24.292234 1.5066388845443726 0.9205202460289001
Car 0.0 0 2.0411694049835205 191.95167541503906 189.89154052734375 249.0281524658203 214.3594207763672 4.3511415 1.5402759 1.7445635 -27.298096 2.7890584 50.67223 1.5470284223556519 0.45269453525543213
Car 0.0 0 -1.5050843954086304 537.4988403320312 174.31422424316406 559.9398193359375 192.19451904296875 4.3325987 1.4734573 1.6422077 -5.253524 1.6036971 61.99447 -1.589624285697937 0.2866068482398987
Car 0.0 0 -1.5199095010757446 503.6337585449219 179.27418518066406 525.7719116210938 199.25836181640625 3.6731822 1.4863428 1.5441666 -7.494543 2.0087082 56.77104 -1.6511640548706055 0.14564868807792664
Car 0.0 0 1.0340747833251953 833.7130737304688 189.66555786132812 896.2855224609375 216.48800659179688 4.2187033 1.5074232 1.8205599 16.007326 2.6229858 45.613148 1.3715838193893433 0.14506594836711884
Car 0.0 0 1.9505059719085693 299.0823059082031 182.10536193847656 343.513671875 201.52734375 4.663246 1.4168473 1.6595087 -22.835987 2.1803763 57.18718 1.57058584690094 0.10752681642770767
Car 0.0 0 0.17704442143440247 360.9176025390625 191.6315155029297 467.8055725097656 231.37716674804688 3.7793 1.438933 1.6082181 -7.562911 2.1930525 27.996092 -0.08679945021867752 0.10243865102529526
