Pedestrian 0.0 0 1.354516625404358 567.0897827148438 164.98316955566406 609.9614868164062 251.84840393066406 0.8449025 1.7498338 0.72558606 -0.31664473 1.4183587 14.96363 1.333358883857727 0.8806418180465698
Pedestrian 0.0 0 0.9869194030761719 865.84033203125 143.27737426757812 1009.2425537109375 374.0 0.92371446 1.7811674 0.6947124 2.7413442 1.4876474 6.0507503 1.4123139381408691 0.795071542263031
Pedestrian 0.0 0 -2.925145149230957 610.3682250976562 166.12088012695312 647.5825805664062 239.3992462158203 0.788795 1.7379905 0.62219584 0.63939214 1.3744342 17.434547 -2.8884878158569336 0.7753576040267944
Pedestrian 0.0 0 -1.925965428352356 748.1638793945312 161.7283935546875 772.9765625 206.51992797851562 0.9323025 1.769089 0.691229 6.3731623 0.98919606 28.87805 -1.7087548971176147 0.7045127153396606
Pedestrian 0.0 0 1.5570584535598755 699.9695434570312 168.19332885742188 720.557373046875 214.3629150390625 0.8118941 1.7278211 0.76149744 4.1149993 1.2308737 27.333626 1.7064834833145142 0.539547324180603
Pedestrian 0.0 0 -0.3160927891731262 777.5404052734375 157.78395080566406 839.4786376953125 282.59857177734375 0.6751929 1.7184702 0.6524284 2.8906195 1.3932647 10.227212 -0.040637679398059845 0.5372968912124634
Pedestrian 0.0 0 1.5156018733978271 696.2779541015625 158.8489990234375 711.929931640625 199.20278930664062 0.9910763 1.7325805 0.6206685 4.462676 0.7610307 31.359352 1.656960368156433 0.3284413814544678
Pedestrian 0.0 0 -1.071349859237671 840.1503295898438 181.2061309814453 894.31201171875 279.3535461425781 0.65938276 1.7647 0.7205448 4.917428 1.7606866 13.401365 -0.7196686863899231 0.32544100284576416
Pedestrian 0.0 0 3.4251060485839844 111.81492614746094 176.37669372558594 155.0616455078125 273.8143615722656 0.514252 1.6510532 0.49073273 -8.164092 1.5655229 12.479034 2.84576678276062 0.3081498146057129
Pedestrian 0.0 0 -0.13335421681404114 604.761474609375 171.13572692871094 618.4700317382812 195.80880737304688 0.9389934 1.7949371 0.5432241 0.7600019 1.0415496 52.580776 -0.11890123039484024 0.3005049526691437
Pedestrian 0.0 0 -3.6017723083496094 1154.514404296875 131.1409149169922 1238.0 374.0 0.59075856 1.7127109 0.51502967 3.694377 1.438414 4.2539997 -2.8866653442382812 0.26203227043151855
Pedestrian 0.0 0 2.8339173793792725 586.82177734375 165.8297882080078 600.994873046875 191.28733825683594 0.9467377 1.8828694 0.5064688 -0.54351074 0.72446877 53.514732 2.823761463165283 0.2471318244934082
Cyclist 0.0 0 1.5274255275726318 696.3603515625 156.69041442871094 711.5980224609375 197.33909606933594 1.0487242 1.7448764 0.61200494 4.4606323 0.68087137 31.384214 1.6686097383499146 0.27637267112731934
Cyclist 0.0 0 -0.6006472110748291 1104.2176513671875 139.90695190429688 1214.3955078125 243.48362731933594 1.5446233 1.7519233 0.4040318 9.566081 1.0496905 12.392966 0.056720733642578125 0.2663046717643738
Car 0.0 0 1.8040367364883423 506.4270324707031 166.0473175048828 596.4376831054688 226.8794403076172 4.234673 1.5619752 1.6383326 -1.3462394 1.166376 20.666527 1.7389875650405884 0.4571709632873535
Car 0.0 0 -1.5368459224700928 685.5555419921875 160.4813232421875 712.9441528320312 185.20608520507812 4.2340407 1.624444 1.7261254 6.779752 0.24418092 49.425476 -1.400525450706482 0.28027087450027466
Car 0.0 0 -0.8161239624023438 64.79991912841797 123.14950561523438 205.19488525390625 182.39089965820312 3.5020816 1.649942 1.626572 -14.078977 0.025962558 21.873547 -1.3880244493484497 0.2777014672756195
Car 0.0 0 1.6049859523773193 684.715087890625 165.9415283203125 713.7872314453125 194.02085876464844 3.9771106 1.6081032 1.6004174 5.927364 0.7178604 43.231895 1.7412426471710205 0.21655231714248657
