Car 0.0 0 -1.1649112701416016 156.6901092529297 188.41673278808594 429.68951416015625 346.6494140625 3.6792839 1.4953612 1.6429642 -3.5255513 1.5436167 8.721899 -1.5490487813949585 0.9801336526870728
Car 0.0 0 -1.4337531328201294 455.40081787109375 183.45265197753906 530.620849609375 239.5788116455078 3.9689434 1.4862155 1.6393474 -3.2964225 1.4406615 21.030699 -1.5892314910888672 0.8990470767021179
Car 0.0 0 -1.3691033124923706 421.8924560546875 180.6729736328125 472.9704895019531 212.3007354736328 3.64709 1.4276279 1.681177 -7.614398 1.2237079 34.28171 -1.58766770362854 0.8926189541816711
Car 0.0 0 -1.263721227645874 345.5649719238281 185.67579650878906 429.6580505371094 229.97869873046875 3.871573 1.3916527 1.6493177 -7.4516263 1.4097542 24.563482 -1.5582594871520996 0.8429727554321289
Car 0.0 0 -1.5932931900024414 584.9218139648438 178.2885284423828 621.5158081054688 211.75048828125 3.402109 1.5017618 1.6438894 -0.2904564 1.1920043 33.983986 -1.6018399000167847 0.8177605867385864
Car 0.0 0 -0.9376553893089294 1.744107961654663 188.22781372070312 199.32383728027344 259.86187744140625 4.0565257 1.4243733 1.6005039 -11.42499 1.5032976 16.512121 -1.542934775352478 0.8143328428268433
Car 0.0 0 -1.0162720680236816 135.32891845703125 189.58551025390625 317.3981018066406 274.33526611328125 3.5675614 1.4558756 1.5529791 -7.4580665 1.5555652 14.372087 -1.4949465990066528 0.7830935716629028
Car 0.0 0 -1.2130274772644043 314.10113525390625 182.7691192626953 376.9081726074219 215.10366821289062 3.7429357 1.4387075 1.5671673 -12.306037 1.3309803 33.8599 -1.5616248846054077 0.7003146409988403
Car 0.0 0 2.0302529335021973 141.46856689453125 182.5677032470703 259.3108825683594 234.26495361328125 3.8575082 1.4301878 1.5594134 -12.265785 1.3580632 21.84986 1.5187246799468994 0.6079093217849731
Car 0.0 0 -0.7565891146659851 0.0 204.04220581054688 107.2099380493164 376.0 4.2280383 1.5021015 1.6953087 -7.7532883 1.7601789 7.673769 -1.5471417903900146 0.4218806326389313
