Pedestrian 0.0 0 2.1413636207580566 1196.8861083984375 159.83346557617188 1242.0 292.4914245605469 0.5883369 1.5267677 0.37716237 7.329743 1.3772714 8.566862 2.849095344543457 0.2634468376636505
Pedestrian 0.0 0 2.647813558578491 707.5452880859375 128.8960418701172 744.8912963867188 196.25167846679688 0.814994 1.806692 0.6172062 3.134117 0.6279582 19.777065 2.804978847503662 0.20979882776737213
Car 0.0 0 -1.9658911228179932 756.7877807617188 183.39466857910156 994.67919921875 324.4648742675781 3.825618 1.4953755 1.6249703 3.2915757 1.6692586 9.9076605 -1.645138144493103 0.980080246925354
Car 0.0 0 1.903256893157959 241.64500427246094 185.26864624023438 454.45263671875 329.643310546875 3.7547936 1.5977082 1.6327757 -3.4760988 1.80572 10.185764 1.5743801593780518 0.9769854545593262
Car 0.0 0 -1.8479247093200684 697.53076171875 162.1367645263672 828.513427734375 258.7330322265625 4.19905 1.8413773 1.68964 3.1417174 1.6374365 15.913454 -1.6530060768127441 0.9481741786003113
Car 0.0 0 1.7622891664505005 381.3883972167969 179.06446838378906 486.995361328125 265.7044982910156 3.2899406 1.559583 1.5096058 -3.5596597 1.7026517 14.901606 1.5278056859970093 0.8604651689529419
Car 0.0 0 1.7561665773391724 427.8058776855469 188.9039306640625 508.6018981933594 245.1959228515625 4.207314 1.4702071 1.6783316 -4.2822227 2.0102866 22.152567 1.565215826034546 0.6107840538024902
Car 0.0 0 1.6890194416046143 496.2217712402344 179.97491455078125 531.1370849609375 208.2606964111328 3.7293146 1.5401272 1.5922836 -5.6097727 1.9745564 42.104378 1.5565645694732666 0.28822359442710876
Car 0.0 0 0.15188543498516083 456.2484436035156 181.8522186279297 504.55462646484375 203.14761352539062 3.3560739 1.54765 1.5927981 -9.695592 2.2317407 53.984146 -0.02582073211669922 0.2324553281068802
Car 0.0 0 0.3484824299812317 443.3465270996094 190.71568298339844 525.36328125 221.11843872070312 3.9612746 1.5055938 1.6392504 -6.6693187 2.481147 38.23767 0.17580199241638184 0.1947793811559677
