Pedestrian 0.0 0 -1.2967578172683716 605.3822021484375 159.43243408203125 641.9747924804688 235.59698486328125 0.8396172 1.6979198 0.6392151 0.4832761 1.20719 16.507177 -1.2674894332885742 0.7914371490478516
Pedestrian 0.0 0 0.9015467762947083 1108.928466796875 101.75008392333984 1238.0 351.9293212890625 0.6399852 1.7344909 0.73765343 4.290019 1.1829902 5.3016505 1.5818636417388916 0.783976137638092
Pedestrian 0.0 0 1.0269649028778076 651.1981201171875 161.41555786132812 685.47705078125 235.4004364013672 0.6878452 1.7644662 0.55787736 1.5970732 1.2866709 17.560295 1.1176633834838867 0.6345530152320862
Pedestrian 0.0 0 1.422288417816162 690.8750610351562 161.8352508544922 714.5303344726562 225.31494140625 0.6434675 1.6322285 0.52138424 2.6119382 1.1277726 18.79208 1.5603951215744019 0.6278887987136841
Pedestrian 0.0 0 0.9082285761833191 261.2873840332031 214.73313903808594 375.1353454589844 374.0 0.76563513 1.5148154 0.5206425 -2.4106414 1.8126801 5.9886494 0.5255386829376221 0.588575541973114
Pedestrian 0.0 0 0.4875771701335907 663.3702392578125 156.22157287597656 695.3553466796875 230.70797729492188 0.5372772 1.6504523 0.52697307 1.7321628 1.0915579 16.282753 0.5935587882995605 0.5213180780410767
Pedestrian 0.0 0 2.3268847465515137 420.4338073730469 162.6790313720703 491.96624755859375 295.1611022949219 0.4863165 1.7007492 0.83427274 -1.9968512 1.4604663 9.644839 2.1227307319641113 0.5179536938667297
Pedestrian 0.0 0 0.1272108554840088 724.6853637695312 148.4054412841797 753.8897094726562 203.28358459472656 0.8738441 1.7670861 0.5839112 4.495574 0.7025322 23.541151 0.3159055709838867 0.517477810382843
Pedestrian 0.0 0 -1.9805930852890015 802.7610473632812 138.07644653320312 918.976318359375 374.0 0.66630733 1.7182978 0.5991208 1.8703412 1.4152185 5.3891726 -1.6465439796447754 0.5107885599136353
Pedestrian 0.0 0 1.9669207334518433 496.69195556640625 161.42391967773438 519.4931640625 206.18426513671875 0.74314135 1.6656889 0.617414 -3.5465415 0.9196234 27.168856 1.8371176719665527 0.4798428416252136
Pedestrian 0.0 0 1.7551442384719849 836.1597290039062 140.95248413085938 870.9226684570312 220.2877197265625 0.80774593 1.7374846 0.60512054 5.665745 0.8506943 16.230148 2.09100604057312 0.44654780626296997
Pedestrian 0.0 0 1.9346932172775269 705.1633911132812 156.76275634765625 725.225341796875 203.34898376464844 0.8400203 1.8071741 0.51820844 4.475882 0.8485823 28.356302 2.0912458896636963 0.4306659698486328
Pedestrian 0.0 0 0.21717144548892975 307.31451416015625 189.4906005859375 392.7181396484375 355.69927978515625 0.7104572 1.6039311 0.5955736 -2.585293 1.6903088 7.30112 -0.12314720451831818 0.4270559847354889
Pedestrian 0.0 0 0.733181893825531 417.2584228515625 164.7209014892578 450.2320861816406 237.5316619873047 0.43994448 1.6973315 0.6576313 -4.0317316 1.3073901 17.13698 0.5021188259124756 0.3884941339492798
Pedestrian 0.0 0 2.116889476776123 388.770263671875 194.1399383544922 445.98724365234375 299.9934387207031 0.61727184 1.4862928 0.5795053 -2.7405639 1.6800029 10.5529585 1.862805962562561 0.3543601334095001
Pedestrian 0.0 0 -0.16357383131980896 675.1358032226562 158.75181579589844 699.5966186523438 210.79132080078125 0.76501673 1.799926 0.5794162 2.9810922 1.0141867 25.149769 -0.04559076204895973 0.3516410291194916
Pedestrian 0.0 0 -2.0764825344085693 750.2080688476562 227.34764099121094 834.0736083984375 370.0543518066406 0.6533715 1.4943107 0.6911646 2.1112936 2.043669 8.180792 -1.8239144086837769 0.3493195176124573
Pedestrian 0.0 0 -0.692306637763977 368.66949462890625 193.57322692871094 427.68280029296875 298.27099609375 0.66096354 1.7224734 0.73942244 -3.550681 1.9404204 12.407753 -0.971024215221405 0.33157873153686523
Pedestrian 0.0 0 -3.1019113063812256 717.4661254882812 154.760498046875 749.3799438476562 217.26272583007812 0.87165624 1.746101 0.6187218 3.7348843 1.0002382 20.46233 -2.9213738441467285 0.3126286268234253
Pedestrian 0.0 0 -1.8504135608673096 642.126953125 163.78233337402344 661.4266357421875 204.60813903808594 0.7697858 1.834908 0.69053274 2.2778332 1.0395321 32.731255 -1.7809336185455322 0.29455485939979553
Pedestrian 0.0 0 1.6185352802276611 626.5894775390625 160.42225646972656 647.8255004882812 212.70867919921875 1.0189173 1.760621 0.6843289 1.2146965 1.0519572 24.725761 1.6676225662231445 0.29085513949394226
Pedestrian 0.0 0 1.731477975845337 548.259521484375 166.85458374023438 563.9714965820312 202.47027587890625 0.8394662 1.9609277 0.7496842 -2.5212145 1.1553987 40.00177 1.6685336828231812 0.2882140278816223
Cyclist 0.0 0 -1.4169615507125854 910.5731201171875 135.67259216308594 940.9071044921875 202.8140869140625 1.7545505 1.6430053 0.44904956 8.303243 0.5227636 18.43332 -0.9937355518341064 0.6299464106559753
Cyclist 0.0 0 1.7551442384719849 836.1597290039062 140.95248413085938 870.9226684570312 220.2877197265625 0.80774593 1.7374846 0.60512054 5.665745 0.8506943 16.230148 2.09100604057312 0.22174274921417236
Cyclist 0.0 0 -1.9805930852890015 802.7610473632812 138.07644653320312 918.976318359375 374.0 0.66630733 1.7182978 0.5991208 1.8703412 1.4152185 5.3891726 -1.6465439796447754 0.11769933998584747
Car 0.0 0 -1.5890874862670898 560.1212768554688 171.18344116210938 586.868408203125 196.09059143066406 3.788916 1.4854099 1.5891757 -1.77057 0.8709139 44.774582 -1.6286109685897827 0.5832893252372742
Car 0.0 0 -1.8809894323349 707.1575927734375 187.9054412841797 830.159423828125 268.97430419921875 3.3117247 1.4143683 1.4442083 3.2058027 1.5603454 14.516099 -1.6636335849761963 0.33274713158607483
