Pedestrian 0.0 0 -0.6269792914390564 890.2731323242188 147.70233154296875 951.36669921875 251.5221710205078 0.74336183 1.7312456 0.60911053 5.441931 1.1689394 12.351906 -0.21199148893356323 0.7314543128013611
Pedestrian 0.0 0 1.8999124765396118 149.1804656982422 160.76007080078125 265.4226989746094 374.0 0.8985419 1.6948806 0.61847407 -3.388677 1.5328404 6.1540403 1.3965760469436646 0.7157018184661865
Pedestrian 0.0 0 -1.4966986179351807 484.4725646972656 166.18878173828125 505.03302001953125 215.51031494140625 0.73098797 1.8710856 0.7319754 -4.119208 1.2912586 27.63999 -1.6446404457092285 0.6004610657691956
Pedestrian 0.0 0 1.0277154445648193 0.0 137.66485595703125 115.2777328491211 369.49578857421875 1.0048399 1.8706235 0.6831643 -4.996483 1.5183126 6.28896 0.35634660720825195 0.5443419218063354
Pedestrian 0.0 0 -1.5153779983520508 300.1697082519531 204.09613037109375 384.79974365234375 374.0 0.675423 1.5559545 0.73189044 -2.5180867 1.7883487 6.9126067 -1.8647125959396362 0.46077612042427063
Pedestrian 0.0 0 0.5603424906730652 469.53057861328125 161.8079376220703 496.2818603515625 207.7837371826172 0.8639828 1.8755789 0.68316627 -4.9285183 1.0732346 29.78367 0.39635133743286133 0.3827941417694092
Pedestrian 0.0 0 -2.5597498416900635 73.92853546142578 160.75192260742188 210.6878662109375 339.8586730957031 1.0280335 1.8728652 0.74147874 -5.0553246 1.6572709 7.885554 -3.129833698272705 0.36102259159088135
Pedestrian 0.0 0 -3.009639024734497 528.849609375 177.6900177001953 552.7841186523438 223.44041442871094 0.82470036 1.7225622 0.7164706 -2.3283932 1.580142 27.420948 -3.094348669052124 0.3515281081199646
Pedestrian 0.0 0 -1.8143067359924316 859.8445434570312 151.45021057128906 955.381103515625 351.9267272949219 0.9763941 1.6432848 0.55499697 2.6477144 1.3983594 6.4093285 -1.4225558042526245 0.3407796323299408
Pedestrian 0.0 0 0.6310969591140747 475.023681640625 172.99676513671875 501.34979248046875 218.1593475341797 0.7664094 1.7540952 0.69349253 -4.490728 1.4248489 28.380676 0.4741661548614502 0.32119524478912354
Pedestrian 0.0 0 -2.4655282497406006 565.1746215820312 170.12460327148438 582.5037231445312 200.43800354003906 0.8098609 1.7360818 0.59379315 -1.5980664 1.0853908 41.616825 -2.50390887260437 0.2354917824268341
Pedestrian 0.0 0 -1.6385473012924194 651.03271484375 174.39218139648438 661.5987548828125 202.36508178710938 0.84195274 1.6375253 0.5659993 3.2440133 1.2222108 42.4719 -1.5623151063919067 0.21755167841911316
Cyclist 0.0 0 -0.682893693447113 885.1441650390625 148.3756561279297 955.0950927734375 253.6328125 0.9325513 1.7501856 0.5964081 5.4316993 1.20069 12.352917 -0.26862990856170654 0.11658746749162674
Cyclist 0.0 0 -2.5597498416900635 73.92853546142578 160.75192260742188 210.6878662109375 339.8586730957031 1.0280335 1.8728652 0.74147874 -5.0553246 1.6572709 7.885554 -3.129833698272705 0.11144600063562393
Cyclist 0.0 0 -0.8312901854515076 0.0 139.9384765625 119.58828735351562 371.4831848144531 1.0980383 1.8426479 0.59796757 -4.956557 1.513291 6.2829356 -1.4992210865020752 0.10660100728273392
Car 0.0 0 -1.7282243967056274 679.865234375 160.71336364746094 745.996337890625 219.0125274658203 3.8516052 1.8218367 1.6125196 3.671498 1.1733669 24.377346 -1.5787369012832642 0.853765606880188
Car 0.0 0 -0.6163449287414551 763.7607421875 188.2433624267578 1017.5333862304688 297.18951416015625 3.315229 1.4503226 1.451328 4.249551 1.5633253 10.7969675 -0.2413788139820099 0.2786385416984558
Car 0.0 0 -1.2724816799163818 564.4944458007812 170.87538146972656 601.2608032226562 193.1238555908203 3.7205806 1.5121157 1.5779996 -1.2584118 0.7906736 50.823265 -1.2972371578216553 0.2332230508327484
