Pedestrian 0.0 0 0.3277023136615753 241.4906463623047 175.11346435546875 301.9797058105469 286.08056640625 0.72744405 1.8213524 0.7610722 -5.791375 1.8614743 12.276392 -0.11309012770652771 0.44673871994018555
Pedestrian 0.0 0 -0.04190623760223389 706.0888061523438 180.86192321777344 720.1569213867188 210.197509765625 0.82626146 1.7697234 0.5559302 6.2551794 2.2621467 44.01627 0.0992591381072998 0.27569741010665894
Pedestrian 0.0 0 1.0158697366714478 1107.1026611328125 38.82529067993164 1242.0 375.0 0.7202792 1.8312397 0.52405393 3.157727 1.1678334 3.959155 1.6891309022903442 0.271258145570755
Car 0.0 0 -1.1236871480941772 18.412948608398438 214.13038635253906 350.9960632324219 375.0 3.5654402 1.3508309 1.5901793 -4.1803484 1.896389 7.7075763 -1.6206525564193726 0.9685094356536865
Car 0.0 0 -1.7641037702560425 723.0442504882812 180.91726684570312 863.0146484375 290.9778747558594 3.1193595 1.4836859 1.552918 2.7224193 1.63084 11.544995 -1.532524824142456 0.9598069190979004
Car 0.0 0 -1.6975444555282593 658.370849609375 178.40072631835938 711.5840454101562 221.676513671875 3.4425366 1.4989059 1.556629 2.7183876 1.7215916 27.176695 -1.5978496074676514 0.9514211416244507
Car 0.0 0 -1.276524305343628 351.84765625 181.15342712402344 474.15826416015625 264.3028564453125 3.9097512 1.662421 1.6674702 -4.474181 1.87886 16.800858 -1.5367906093597412 0.948363721370697
Car 0.0 0 1.732392430305481 468.134033203125 183.5630645751953 522.850341796875 221.90357971191406 3.9380438 1.471022 1.6907467 -4.848069 1.9572 30.756575 1.5760517120361328 0.9450896382331848
Car 0.0 0 -1.865686058998108 761.999755859375 174.2932586669922 844.2468872070312 236.19863891601562 3.7537746 1.8675268 1.5728085 6.209527 1.9190857 23.759148 -1.6100510358810425 0.6071833372116089
Car 0.0 0 1.8327398300170898 517.7069702148438 183.20703125 557.9277954101562 209.49612426757812 4.000613 1.5574602 1.5988928 -4.6325517 2.2553008 46.503815 1.7334507703781128 0.3197869062423706
Car 0.0 0 1.5713204145431519 740.2687377929688 174.40829467773438 782.6925048828125 212.4327392578125 4.116627 1.4415036 1.5933921 6.187213 1.5105499 29.706419 1.7766634225845337 0.26679080724716187
