Pedestrian 0.0 0 -1.3539810180664062 129.02630615234375 145.731689453125 154.68263244628906 198.65927124023438 0.521517 2.0035274 0.7315171 -17.999441 0.9771942 27.68325 -1.93049156665802 0.7772132754325867
Car 0.0 0 -1.7079644203186035 658.7369384765625 178.09507751464844 725.5132446289062 227.2913818359375 4.1406946 1.4837612 1.6596259 2.6263695 1.6758506 24.29891 -1.6002964973449707 0.9324436187744141
Car 0.0 0 -2.4928176403045654 0.0 172.8514862060547 283.52264404296875 330.4372253417969 4.237805 1.6540003 1.640858 -6.343575 1.6543318 8.3943205 -3.139955759048462 0.9284335374832153
Car 0.0 0 0.3095692992210388 241.9771728515625 174.03932189941406 445.357177734375 246.30848693847656 4.0071144 1.5422134 1.6434824 -5.9498987 1.5708752 16.325384 -0.0399262011051178 0.9163376092910767
Car 0.0 0 -2.593472957611084 0.0 187.67831420898438 349.9252624511719 292.65283203125 4.334684 1.42356 1.55733 -6.4011784 1.6628698 10.8190365 -3.1277365684509277 0.851376473903656
Car 0.0 0 3.2532131671905518 381.76788330078125 177.3833465576172 509.05023193359375 217.8184814453125 4.2580833 1.3662872 1.5640348 -5.799171 1.5338334 25.617733 3.0305919647216797 0.811457633972168
Car 0.0 0 3.4810597896575928 248.4630889892578 172.72657775878906 410.54412841796875 232.2743377685547 3.6066332 1.4760112 1.5553731 -7.2305584 1.4732107 18.712141 3.112323522567749 0.7326321005821228
Car 0.0 0 -0.10883179306983948 724.143798828125 172.85072326660156 822.0042724609375 214.55810546875 3.7063148 1.6317173 1.6602659 6.500627 1.631947 29.25422 0.10982704162597656 0.6508268117904663
Car 0.0 0 1.1038305759429932 728.4830932617188 169.7767791748047 885.5697631835938 249.97189331054688 4.0125175 1.4945419 1.5917064 4.008235 1.4375516 15.573947 1.355731725692749 0.6149751543998718
Car 0.0 0 -2.9132063388824463 458.6908264160156 173.77987670898438 538.3862915039062 202.89947509765625 3.937024 1.5125327 1.6270103 -5.9467893 1.5635217 38.495354 -3.0664753913879395 0.5680232048034668
Car 0.0 0 3.964125156402588 0.0 193.71263122558594 58.39897537231445 375.0 3.9003754 1.493416 1.6198524 -7.145664 1.6901442 5.8623734 3.0803914070129395 0.562516450881958
Car 0.0 0 0.41625794768333435 303.0315856933594 172.40672302246094 454.78021240234375 226.38987731933594 3.9151685 1.4993405 1.5603738 -6.7211328 1.4872757 21.02184 0.10680770874023438 0.5555866360664368
Car 0.0 0 3.3891589641571045 303.70526123046875 164.62100219726562 441.81231689453125 210.06617736816406 3.9749403 1.4097809 1.5623406 -7.6185865 1.1547384 23.295872 3.073086738586426 0.5166248679161072
