Car 0.0 0 -1.8476521968841553 769.2557373046875 185.71109008789062 958.9340209960938 312.479736328125 3.8400648 1.478549 1.5933695 3.4792762 1.7053072 10.755317 -1.5347833633422852 0.9736247658729553
Car 0.0 0 1.982157826423645 140.31764221191406 192.02993774414062 383.3484802246094 319.01605224609375 4.3271904 1.393424 1.5869524 -4.873839 1.7372545 10.7463665 1.5563691854476929 0.9638370275497437
Car 0.0 0 -1.8026154041290283 725.44140625 181.42819213867188 837.0011596679688 259.7930603027344 3.7760913 1.5230197 1.5927833 3.6808648 1.7400091 16.33125 -1.5809319019317627 0.9604486227035522
Car 0.0 0 -2.1051254272460938 857.6123657226562 184.85569763183594 1242.0 375.0 4.0840106 1.4783081 1.6222099 3.4603355 1.6098064 5.838829 -1.570133924484253 0.9538251757621765
Car 0.0 0 1.8053874969482422 450.2530517578125 179.32872009277344 514.3810424804688 223.94741821289062 3.4418304 1.504092 1.5696911 -4.6765947 1.7589905 26.597784 1.6313400268554688 0.949081540107727
Car 0.0 0 -1.7839891910552979 696.1312866210938 179.1081085205078 779.4046630859375 233.74496459960938 4.1150765 1.4610467 1.6220168 3.708919 1.669064 21.862913 -1.615944743156433 0.9412303566932678
Car 0.0 0 1.7677524089813232 481.8822021484375 178.73934936523438 534.4803466796875 214.92776489257812 3.8293126 1.4404491 1.5399579 -4.3912387 1.7121632 31.309408 1.6284083127975464 0.8570801019668579
Car 0.0 0 2.249455451965332 0.0 215.58551025390625 219.099853515625 375.0 3.8526068 1.4728237 1.5654802 -4.7809477 1.9127421 5.463166 1.530555248260498 0.8502388596534729
Car 0.0 0 -2.2973580360412598 8.158038139343262 184.13453674316406 153.8603973388672 233.3828125 3.835595 1.4379935 1.5493963 -16.695646 1.8122953 22.756195 -2.930328845977783 0.695726215839386
Car 0.0 0 -1.6938388347625732 695.2317504882812 180.02426147460938 749.1538696289062 221.54701232910156 3.6256642 1.4354849 1.5754074 4.150582 1.726463 27.408463 -1.543546438217163 0.6104057431221008
