Pedestrian 0.0 0 0.7842843532562256 560.2164916992188 153.026123046875 584.4387817382812 205.22720336914062 0.69870394 1.908227 0.5726013 -1.4442295 1.1837707 26.819641 0.7304866313934326 0.41199278831481934
Pedestrian 0.0 0 -2.1878409385681152 966.7984008789062 130.2389373779297 996.6270141601562 183.05258178710938 0.65487474 1.9212097 0.73450506 13.666529 0.37135318 26.621098 -1.7135528326034546 0.37609055638313293
Pedestrian 0.0 0 2.6558291912078857 855.4937744140625 129.0848388671875 918.380126953125 239.3399658203125 0.729721 1.74146 0.6663182 4.453284 1.0504918 11.769551 3.0175540447235107 0.3663165271282196
Pedestrian 0.0 0 -1.3897448778152466 983.4290161132812 134.79249572753906 1049.0140380859375 268.19512939453125 0.6735091 1.6908613 0.653027 5.360418 1.2087945 9.610207 -0.8809452056884766 0.26774129271507263
Pedestrian 0.0 0 1.363649845123291 571.7920532226562 157.2803497314453 588.40771484375 195.45651245117188 0.8918188 1.8681291 0.6534343 -1.5264132 1.1063989 35.81812 1.3210599422454834 0.24009640514850616
Pedestrian 0.0 0 -1.6339058876037598 904.7548828125 140.09034729003906 967.7274169921875 269.2514953613281 0.65070593 1.734636 0.7618846 4.5065374 1.2949774 10.125153 -1.2151480913162231 0.22110769152641296
Pedestrian 0.0 0 0.7604491710662842 180.6077880859375 152.39785766601562 342.5149230957031 375.0 0.7870223 1.6348528 0.62439734 -2.4287345 1.5065632 4.950746 0.3043663501739502 0.1785728484392166
Pedestrian 0.0 0 -1.4613369703292847 1059.793701171875 135.13917541503906 1129.20751953125 272.9195251464844 0.5681499 1.704588 0.6920621 6.23521 1.2383463 9.363894 -0.8738806247711182 0.15461494028568268
Pedestrian 0.0 0 1.557491421699524 833.0018310546875 142.3917236328125 881.9884643554688 246.203857421875 0.99965024 1.9077125 0.8599871 4.6912465 1.3482777 13.864584 1.8837608098983765 0.14156848192214966
Cyclist 0.0 0 2.1897802352905273 136.9837646484375 152.66517639160156 362.1916198730469 375.0 1.6051385 1.6756452 0.5425102 -2.4119916 1.5609447 4.9456367 1.7360203266143799 0.6114617586135864
