Pedestrian 0.0 0 1.2043951749801636 847.3032836914062 165.69532775878906 871.9462280273438 219.55126953125 0.68179923 1.6193854 0.4990817 7.574793 1.4044904 22.042568 1.5353963375091553 0.7060620188713074
Pedestrian 0.0 0 -1.6006828546524048 747.6419677734375 172.13319396972656 761.1823120117188 207.6656036376953 0.80387414 1.6637548 0.6046675 6.808119 1.6303617 34.2287 -1.4043443202972412 0.43840986490249634
Pedestrian 0.0 0 -1.9897050857543945 866.6744995117188 164.1715850830078 899.4280395507812 222.94593811035156 1.0938315 1.7510507 0.53549755 8.289167 1.4927355 22.055712 -1.630208134651184 0.23594243824481964
Pedestrian 0.0 0 -2.5889744758605957 956.7568969726562 160.1675262451172 1024.743408203125 224.0384521484375 1.5965756 1.6342608 0.46630892 10.0924635 1.310011 19.26468 -2.1064023971557617 0.12038157135248184
Cyclist 0.0 0 -1.872843861579895 819.1719970703125 159.22596740722656 859.0646362304688 228.5027618408203 1.6492989 1.6475194 0.47236887 5.6391454 1.3237797 17.981722 -1.568953275680542 0.9463508129119873
Cyclist 0.0 0 -2.0793092250823975 863.7237548828125 164.88551330566406 907.0005493164062 221.14515686035156 1.7783141 1.6579171 0.4258897 8.3904705 1.4234517 22.171007 -1.717523217201233 0.4631696343421936
Cyclist 0.0 0 -2.593137264251709 955.6434326171875 159.87576293945312 1026.239501953125 224.5098114013672 1.6630903 1.649956 0.4691359 10.087715 1.31901 19.25032 -2.110452175140381 0.3735695779323578
Car 0.0 0 -3.3482954502105713 752.4662475585938 174.87391662597656 811.817626953125 196.7897186279297 3.9254315 1.5566784 1.6576388 12.411841 1.705893 52.290565 -3.1152453422546387 0.21321946382522583
Car 0.0 0 -1.6256484985351562 822.4457397460938 179.02072143554688 864.5293579101562 214.42259216308594 3.9278882 1.4976891 1.625685 10.695636 1.8011936 33.36131 -1.315401315689087 0.18757696449756622
Car 0.0 0 0.8394466042518616 1163.596923828125 187.28684997558594 1242.0 215.1316375732422 4.203809 1.5031604 1.763819 35.74278 2.4124281 43.299725 1.5295283794403076 0.18579423427581787
Car 0.0 0 -3.6119651794433594 1092.746337890625 182.5411834716797 1164.8343505859375 205.00839233398438 3.9446576 1.573959 1.6599438 37.759033 2.2959604 52.62909 -2.989619731903076 0.16291619837284088
Car 0.0 0 1.292872667312622 888.2950439453125 183.6657257080078 922.26416015625 203.76390075683594 3.6542335 1.5432246 1.6416501 24.223503 2.4615955 59.356472 1.6803441047668457 0.13696075975894928
