Pedestrian 0.0 0 -0.8331819772720337 158.83184814453125 194.74440002441406 261.3199462890625 375.0 0.55446506 1.6386541 0.5178256 -3.4119353 1.833479 6.0789237 -1.3446388244628906 0.25176528096199036
Pedestrian 0.0 0 2.633176326751709 825.5313720703125 139.51083374023438 869.21337890625 200.018310546875 1.0828692 1.7627387 0.58598745 6.9916573 0.7917244 21.408789 2.948835611343384 0.16280457377433777
Pedestrian 0.0 0 -1.295804738998413 969.7089233398438 137.71487426757812 992.7942504882812 183.00584411621094 0.7825871 1.7836998 0.63479364 14.838632 0.40016922 28.916348 -0.8216869235038757 0.13582217693328857
Pedestrian 0.0 0 1.9156291484832764 1040.4324951171875 162.36407470703125 1090.4605712890625 257.518310546875 0.52783906 1.6696941 0.6254521 8.195229 1.4859828 13.067206 2.4757802486419678 0.10473273694515228
Pedestrian 0.0 0 1.3179110288619995 1109.2337646484375 151.99847412109375 1167.747314453125 262.152099609375 0.6207204 1.6551442 0.59688145 8.163491 1.3421314 11.237089 1.946186900138855 0.10412868857383728
Cyclist 0.0 0 1.1692936420440674 1086.0384521484375 145.5081329345703 1165.8961181640625 251.83273315429688 1.4664531 1.5964533 0.5048041 8.20251 1.1862155 11.601167 1.7847299575805664 0.1734548658132553
Cyclist 0.0 0 1.9780840873718262 621.55126953125 170.78724670410156 648.5294189453125 216.53005981445312 1.2129511 1.5671285 0.5114688 0.8445588 1.4966803 25.37443 2.0113556385040283 0.11338427662849426
Car 0.0 0 -1.8247344493865967 832.8803100585938 148.9705047607422 1027.3377685546875 282.8065490722656 4.0444126 1.6659949 1.68126 4.586079 1.3690503 11.097562 -1.4328571557998657 0.9653599262237549
Car 0.0 0 -0.5439870953559875 1088.7305908203125 180.24441528320312 1242.0 375.0 4.288038 1.5209031 1.5982522 5.5336995 1.5810145 4.321327 0.3638167381286621 0.152712881565094
Car 0.0 0 -0.7859096527099609 0.0 124.77268981933594 181.52943420410156 375.0 4.050675 1.6192989 1.6943156 -4.590706 1.4714289 4.2761493 -1.6067684888839722 0.10768835991621017
