Car 0.0 0 -1.71073579788208 661.1141357421875 177.21925354003906 735.3034057617188 230.81419372558594 4.3728824 1.4851409 1.6783308 2.6006901 1.63534 22.557755 -1.5959522724151611 0.964672863483429
Car 0.0 0 0.37068700790405273 185.28382873535156 174.06661987304688 428.623291015625 254.56346130371094 4.196032 1.5175675 1.6519364 -5.9940505 1.5437567 14.496908 -0.021378055214881897 0.9202404022216797
Car 0.0 0 -2.4762802124023438 0.0 179.77076721191406 305.1531982421875 306.1044006347656 4.184335 1.4152821 1.5398489 -6.2934422 1.5111501 9.069332 -3.0829179286956787 0.88755863904953
Car 0.0 0 3.42279052734375 280.9317626953125 167.38433837890625 428.3384704589844 216.53509521484375 3.8379443 1.3950642 1.5350136 -7.515475 1.2401747 21.352934 3.0843665599823 0.838969886302948
Car 0.0 0 0.44147607684135437 272.88140869140625 172.83270263671875 440.33001708984375 229.99191284179688 3.8969927 1.4337547 1.5229682 -6.6772375 1.4335787 19.056454 0.10445165634155273 0.8348735570907593
Car 0.0 0 -0.11216790974140167 736.822509765625 171.63760375976562 836.2408447265625 215.40408325195312 3.5056117 1.60237 1.6463143 6.6017017 1.5581937 27.447475 0.1238698959350586 0.8058590888977051
Car 0.0 0 3.4589900970458984 209.14976501464844 174.8855438232422 389.3722229003906 240.52987670898438 3.5332818 1.4317336 1.5221022 -7.129564 1.4816844 16.700785 3.055511236190796 0.7666003704071045
Car 0.0 0 0.8322843909263611 0.0 178.7391357421875 190.461669921875 369.1868896484375 4.20065 1.4773879 1.6104847 -6.4222245 1.5389996 6.579531 0.05898451805114746 0.7625928521156311
Car 0.0 0 0.20178158581256866 359.40887451171875 173.79611206054688 502.961181640625 219.4951171875 4.367778 1.4501699 1.5975085 -5.859877 1.4827808 23.814667 -0.03948700428009033 0.7406625151634216
Car 0.0 0 3.2570056915283203 447.8952941894531 172.75074768066406 532.543212890625 203.2186737060547 4.051132 1.4974054 1.6021041 -6.0209775 1.492689 36.357346 3.0928895473480225 0.7343695163726807
Car 0.0 0 0.3180629014968872 402.4197692871094 162.2384796142578 516.9981079101562 206.96788024902344 3.7905548 1.5758247 1.6357927 -5.5046196 1.2021962 26.443243 0.11282658576965332 0.5926292538642883
