Pedestrian 0.0 0 -0.7006821632385254 770.9343872070312 151.66018676757812 806.8268432617188 220.95217895507812 0.6553375 1.786476 0.6482226 4.66812 1.2404182 19.035751 -0.4601987898349762 0.32762610912323
Pedestrian 0.0 0 2.6916821002960205 887.1489868164062 158.5181884765625 954.967529296875 260.68377685546875 1.0060838 1.8313577 0.54101926 5.6391253 1.5747408 13.224874 3.094740390777588 0.2042357623577118
Pedestrian 0.0 0 -3.3221874237060547 1160.2369384765625 143.33607482910156 1236.0086669921875 301.32275390625 0.55467397 1.7461028 0.76615435 6.803028 1.4202223 8.440853 -2.643820285797119 0.18971224129199982
Pedestrian 0.0 0 0.6555585861206055 121.12371826171875 185.7552490234375 167.3636474609375 274.5010986328125 0.557152 1.4401267 0.33084947 -7.761862 1.6574996 11.947409 0.07941603660583496 0.10474865883588791
Cyclist 0.0 0 -2.0383095741271973 735.64794921875 164.98004150390625 771.0612182617188 218.33206176757812 1.7566595 1.7285591 0.41748 4.759397 1.473808 24.276499 -1.8447153568267822 0.33021271228790283
Cyclist 0.0 0 -0.4817657470703125 875.767333984375 162.63455200195312 951.1744384765625 260.3984069824219 1.1566885 1.7522005 0.54320395 5.510876 1.5693973 13.250392 -0.08762560039758682 0.1287659853696823
Cyclist 0.0 0 1.90401291847229 0.0 144.4413604736328 106.98274993896484 329.9908142089844 1.1813458 1.7911161 0.64722115 -5.9508095 1.5172057 7.6258845 1.241373062133789 0.11640159040689468
Car 0.0 0 -1.6470322608947754 675.5099487304688 174.4268798828125 762.9581298828125 249.96998596191406 3.5215464 1.4554026 1.5922896 2.2298453 1.494111 15.781769 -1.5066689252853394 0.9590452909469604
Car 0.0 0 1.8532769680023193 393.29681396484375 184.33529663085938 522.8367309570312 268.9554748535156 4.068171 1.5270182 1.6636422 -3.1772356 1.8103093 15.682288 1.653382420539856 0.95658940076828
Car 0.0 0 -1.408121943473816 613.4762573242188 174.04864501953125 638.8475341796875 193.10536193847656 3.3849244 1.5259727 1.576942 1.3431419 1.6283561 59.81006 -1.3856688737869263 0.46406006813049316
