Pedestrian 0.0 0 -0.7136862874031067 133.10989379882812 168.84527587890625 238.05189514160156 344.2838134765625 0.67570305 1.7858702 0.70888084 -4.614709 1.7454214 7.7746468 -1.2493560314178467 0.6276167631149292
Pedestrian 0.0 0 1.1809196472167969 746.1685791015625 139.3817596435547 785.2315063476562 201.5674591064453 1.7177926 1.7965014 0.5323423 4.622548 0.8298697 21.734684 1.3904778957366943 0.11876469850540161
Cyclist 0.0 0 1.1809196472167969 746.1685791015625 139.3817596435547 785.2315063476562 201.5674591064453 1.7177926 1.7965014 0.5323423 4.622548 0.8298697 21.734684 1.3904778957366943 0.4128813147544861
Car 0.0 0 -1.7859750986099243 668.8131713867188 180.2529754638672 791.2655029296875 264.7872314453125 3.909481 1.438203 1.599944 2.221597 1.6090988 14.625648 -1.6352300643920898 0.9756937623023987
Car 0.0 0 0.47058120369911194 159.46141052246094 190.5335693359375 328.5598449707031 251.6721954345703 3.4600568 1.4349113 1.5888453 -9.186135 1.900723 18.193697 0.003015279769897461 0.9283071756362915
Car 0.0 0 -1.7332252264022827 636.7921142578125 176.49697875976562 697.3892822265625 223.2407989501953 3.9680252 1.6122422 1.6430533 2.0333042 1.7605478 27.251633 -1.6587510108947754 0.9224429726600647
Car 0.0 0 -1.5304243564605713 498.8243713378906 178.44662475585938 545.7836303710938 222.35130310058594 4.3290353 1.5621545 1.6638746 -3.4295118 1.8003653 28.460304 -1.6503477096557617 0.9187188744544983
Car 0.0 0 -1.0756468772888184 0.0 187.6487579345703 360.6427917480469 375.0 4.1764092 1.4683416 1.629056 -3.475448 1.6296626 5.720529 -1.6215918064117432 0.8749058842658997
Car 0.0 0 -1.5958027839660645 624.400390625 174.1261444091797 653.3888549804688 203.6347198486328 3.9132516 1.7069466 1.6551985 1.6844401 1.7881303 43.87235 -1.5574275255203247 0.5951283574104309
Car 0.0 0 -1.5304292440414429 499.423583984375 175.23736572265625 538.7062377929688 210.37109375 3.6858273 1.5275891 1.665169 -4.214157 1.6450249 33.534576 -1.6554399728775024 0.509398341178894
Car 0.0 0 -1.648582935333252 630.965576171875 178.58154296875 672.3453979492188 212.96145629882812 3.8159294 1.4648674 1.6029122 1.8294191 1.744934 33.308197 -1.5937141180038452 0.32450276613235474
