Car 0.0 0 2.1494312286376953 0.0 209.49948120117188 275.697998046875 362.79217529296875 3.540361 1.4169594 1.4838344 -5.937122 1.9797804 9.294332 1.580977201461792 0.9742452502250671
Car 0.0 0 -1.783565640449524 699.5049438476562 179.28936767578125 805.9756469726562 250.11219787597656 4.0002947 1.4455805 1.6285037 3.1911216 1.6166474 17.11476 -1.599228024482727 0.9653578996658325
Car 0.0 0 1.918836236000061 243.65333557128906 196.99398803710938 395.5334167480469 282.4201354980469 4.212254 1.4214666 1.6244522 -5.998134 2.005937 15.330511 1.5458916425704956 0.9635556936264038
Car 0.0 0 1.8568214178085327 377.324951171875 190.8302001953125 467.91546630859375 244.91065979003906 4.239837 1.4455109 1.6384296 -5.8516526 2.0689316 22.858458 1.606208324432373 0.9504143595695496
Car 0.0 0 -1.7171313762664795 679.0468139648438 175.3083953857422 752.0889892578125 232.00531005859375 4.143112 1.6113148 1.666439 3.1800566 1.6961739 22.760866 -1.5783140659332275 0.9298335909843445
Car 0.0 0 2.4378068447113037 1039.5823974609375 135.20095825195312 1242.0 245.74632263183594 3.7556481 1.5901339 1.6434749 9.005588 1.0488735 11.251673 3.1127779483795166 0.8834696412086487
Car 0.0 0 2.551933526992798 907.6669311523438 152.4275665283203 1108.4486083984375 222.86593627929688 3.736351 1.4923383 1.5304396 8.816056 1.0599327 16.217192 3.04986834526062 0.8112065196037292
Car 0.0 0 2.52167010307312 993.8650512695312 142.75694274902344 1240.287841796875 227.6236114501953 3.586074 1.5076832 1.5356413 9.39039 0.9733573 13.612074 3.125556468963623 0.8062599897384644
Car 0.0 0 1.3907276391983032 660.387939453125 177.79837036132812 709.4337158203125 212.5691375732422 3.6956675 1.4496914 1.5500215 3.2765996 1.6859933 32.525227 1.4911291599273682 0.7619896531105042
Car 0.0 0 1.7906432151794434 434.65264892578125 187.28204345703125 491.8313903808594 228.0995635986328 3.491709 1.4598826 1.5117528 -5.833926 2.0715775 28.809189 1.590842843055725 0.72618168592453
Car 0.0 0 2.6977763175964355 834.2191772460938 158.87030029296875 1019.6975708007812 217.6602020263672 4.174172 1.4693791 1.5838021 8.162362 1.1202322 18.897886 3.1054930686950684 0.7240378856658936
Car 0.0 0 1.796444296836853 476.86212158203125 186.1947479248047 525.1786499023438 218.02249145507812 4.1122503 1.506441 1.6395273 -5.714815 2.2491052 38.03231 1.647297978401184 0.6781801581382751
Car 0.0 0 1.75289785861969 517.8123168945312 179.65174865722656 548.5933227539062 202.9155731201172 3.8365743 1.6089675 1.582379 -5.632103 2.127509 53.02615 1.647080898284912 0.638427197933197
