Pedestrian 0.0 0 0.6926379799842834 26.209672927856445 178.2062530517578 96.95906829833984 274.1772766113281 0.883912 1.7956827 0.63068116 -10.579519 1.9014033 13.868042 0.04095053672790527 0.3734551668167114
Pedestrian 0.0 0 -1.8309879302978516 807.4563598632812 181.1202850341797 856.1522827148438 267.9244079589844 1.5560697 1.5985214 0.5273035 4.2946506 1.770838 14.220666 -1.5376965999603271 0.1571102887392044
Cyclist 0.0 0 -1.832108497619629 807.8058471679688 181.5924530029297 856.8258666992188 268.82086181640625 1.570311 1.6035103 0.5274433 4.302104 1.7856469 14.213488 -1.5381970405578613 0.7697581052780151
Car 0.0 0 -1.750359296798706 678.0016479492188 175.85191345214844 788.218017578125 264.00616455078125 3.8691652 1.6892666 1.6879851 2.5186243 1.7638546 15.909782 -1.5933555364608765 0.9812793731689453
Car 0.0 0 1.736972451210022 421.9714050292969 187.1857147216797 526.7724609375 271.3476867675781 3.3620613 1.5227039 1.6422347 -2.8080537 1.8610777 15.321606 1.555709958076477 0.9764045476913452
Car 0.0 0 -1.7198948860168457 664.2816772460938 184.3121795654297 736.4652099609375 241.5521697998047 3.4275143 1.4369981 1.5253042 2.4415615 1.7912014 20.542933 -1.6015981435775757 0.8862048983573914
Car 0.0 0 -1.7459588050842285 645.4219360351562 174.08914184570312 714.6461791992188 226.63694763183594 4.3838897 1.7052255 1.6984214 2.3564165 1.7535688 25.773325 -1.6547837257385254 0.8581979870796204
Car 0.0 0 1.6805540323257446 531.0426025390625 180.33737182617188 572.2197265625 211.2368927001953 4.607501 1.5772327 1.7973932 -3.2293928 2.0195937 40.28516 1.6005617380142212 0.844886302947998
Car 0.0 0 0.40700042247772217 0.0 0.0 1242.0 375.0 3.7714014 1.4838251 1.587644 2.7732131 1.5148376 1.4156654 1.5058015584945679 0.43334662914276123
Car 0.0 0 -1.7180558443069458 638.0604858398438 172.79296875 679.7704467773438 206.41278076171875 4.2451353 1.7669843 1.6969273 2.6245186 1.7641346 40.10457 -1.6527070999145508 0.41246169805526733
