Pedestrian 0.0 0 -1.3927847146987915 275.4546203613281 174.7928466796875 316.31182861328125 260.9966735839844 0.7516773 1.7031296 0.6421758 -6.328813 1.5920032 14.404682 -1.8067536354064941 0.25660640001296997
Pedestrian 0.0 0 2.7000954151153564 508.72247314453125 164.28041076660156 521.7553100585938 186.40438842773438 1.0000094 1.8891866 0.48853275 -7.7058783 0.50537765 60.84533 2.5741190910339355 0.24149753153324127
Pedestrian 0.0 0 -1.4292192459106445 116.37591552734375 151.59703063964844 136.61093139648438 192.71792602539062 0.86109996 1.9896039 0.7106253 -23.527018 0.5925957 34.747784 -2.0243961811065674 0.19501978158950806
Pedestrian 0.0 0 -0.05896347761154175 997.1312255859375 103.0609130859375 1064.045654296875 245.70045471191406 0.76112956 1.8918571 0.508549 5.8192205 0.86643946 9.773608 0.47806787490844727 0.17971771955490112
Pedestrian 0.0 0 2.8087456226348877 724.1362915039062 162.91384887695312 737.0052490234375 186.82415771484375 0.8942851 1.8801559 0.47815466 9.9390955 0.4985339 55.898922 2.9847114086151123 0.14851327240467072
Pedestrian 0.0 0 -0.5425022840499878 1050.02099609375 171.69786071777344 1087.485107421875 237.74095153808594 0.6073252 1.6037024 0.4863771 11.3832445 1.3915625 17.418127 0.03634953498840332 0.1405586153268814
Cyclist 0.0 0 -1.9690289497375488 983.1025390625 150.4447479248047 1030.610107421875 216.14991760253906 1.7396814 1.6233226 0.42520303 10.366902 0.88236934 18.352093 -1.4548262357711792 0.4883273243904114
Cyclist 0.0 0 1.1820862293243408 878.815673828125 157.93240356445312 905.7887573242188 194.70693969726562 1.9031799 1.6917696 0.49527636 13.568933 0.6550297 33.47447 1.5671976804733276 0.32328271865844727
Car 0.0 0 -0.8326009511947632 0.0 207.65557861328125 284.8966064453125 370.0 3.67003 1.462367 1.538411 -3.213364 1.6682649 3.4696722 -1.5796657800674438 0.8846076726913452
Car 0.0 0 1.6755390167236328 432.0000305175781 172.79721069335938 466.8958740234375 199.84129333496094 3.929531 1.5277196 1.6232319 -9.1919985 1.0939764 41.978718 1.4599732160568237 0.6846700310707092
Car 0.0 0 1.717450737953186 413.010498046875 175.11317443847656 436.3634948730469 191.73574829101562 3.8015878 1.4924195 1.5580648 -16.634378 1.0099441 65.44624 1.468552589416504 0.20335151255130768
Car 0.0 0 3.326421022415161 4.253144264221191 160.09109497070312 94.71891784667969 186.53289794921875 4.065869 1.5345948 1.6418514 -33.447887 0.35150608 42.69631 2.6618900299072266 0.18647313117980957
