Pedestrian 0.0 0 2.180853843688965 423.721923828125 155.4090118408203 459.0341491699219 201.304443359375 1.4976639 1.7211179 0.5749933 -6.5393267 1.0672739 27.857594 1.950287103652954 0.12209422886371613
Cyclist 0.0 0 2.1582274436950684 424.700439453125 154.42604064941406 458.86431884765625 200.73814392089844 1.4908013 1.7365361 0.5521922 -6.521462 1.0459123 27.847183 1.9281857013702393 0.29321107268333435
Car 0.0 0 1.9374279975891113 301.8307800292969 195.12852478027344 417.9657287597656 264.96722412109375 3.4936123 1.4672678 1.5911858 -6.173092 2.080169 18.064037 1.6081361770629883 0.9762246012687683
Car 0.0 0 -1.7374416589736938 672.1447143554688 178.90106201171875 748.6781616210938 234.92613220214844 3.8412166 1.4995143 1.6376647 2.870259 1.6979002 21.677881 -1.6058024168014526 0.9574525952339172
Car 0.0 0 1.8573874235153198 378.3764343261719 191.3911590576172 464.6258544921875 244.90240478515625 4.1336412 1.4964579 1.6335843 -6.120801 2.1600409 23.719091 1.604843258857727 0.9396164417266846
Car 0.0 0 1.6429481506347656 448.3132629394531 183.59349060058594 492.2384338378906 220.95236206054688 4.18444 1.4773636 1.6119226 -6.1622696 1.9856896 31.95256 1.4524303674697876 0.8450285792350769
Car 0.0 0 -2.2081692218780518 1138.2047119140625 140.12135314941406 1242.0 184.15463256835938 3.935901 1.7641786 1.741922 24.844385 0.453114 30.906403 -1.531079649925232 0.32265186309814453
Car 0.0 0 2.3654253482818604 0.0 196.36190795898438 49.59576416015625 248.64599609375 3.964808 1.4416443 1.6142263 -20.93747 2.282462 23.75832 1.64305579662323 0.318522572517395
Car 0.0 0 1.7572529315948486 470.66827392578125 181.80047607421875 515.1605834960938 215.4652557373047 4.1198416 1.6613208 1.625679 -6.26843 2.168483 38.79072 1.5970418453216553 0.30211779475212097
Car 0.0 0 1.7824969291687012 527.3602294921875 182.42828369140625 553.18896484375 200.42025756835938 3.658221 1.502457 1.5547451 -6.192607 2.3798563 64.18639 1.6863161325454712 0.2637284994125366
Car 0.0 0 -0.5055299401283264 1016.335205078125 156.81585693359375 1084.2967529296875 175.9346923828125 4.434977 1.5144831 1.6262926 35.36432 0.24439126 58.057888 0.04156970977783203 0.2454874962568283
Car 0.0 0 -3.483743667602539 934.4686889648438 158.24026489257812 1000.8515014648438 178.2627716064453 4.2921543 1.5129669 1.596648 27.469278 0.40906146 55.562435 -3.024597406387329 0.2259095460176468
