Pedestrian 0.0 0 0.8771055340766907 258.2112731933594 170.2310028076172 271.4498596191406 194.7593994140625 0.78146094 1.8299263 0.51745725 -25.967714 1.6345968 54.225334 0.43049192428588867 0.1265634149312973
Pedestrian 0.0 0 -1.3213133811950684 1145.1185302734375 125.02264404296875 1188.3424072265625 209.85755920410156 0.6554267 1.8435305 0.6232298 12.392213 0.8044748 16.124348 -0.6660516858100891 0.10766884684562683
Cyclist 0.0 0 1.8683078289031982 132.83221435546875 188.3446807861328 151.802978515625 217.58212280273438 1.513598 1.6936206 0.5399328 -28.18441 2.6439688 43.444866 1.2928190231323242 0.22834792733192444
Car 0.0 0 2.0204379558563232 239.32058715820312 185.1024169921875 322.9505310058594 225.82948303222656 3.7047286 1.4653872 1.6001854 -13.134322 1.9890726 28.954857 1.5945827960968018 0.9333888292312622
Car 0.0 0 1.8968641757965088 414.574951171875 179.919677734375 448.7998962402344 197.7184295654297 4.2049966 1.4657034 1.6562623 -15.616626 2.107134 63.298214 1.6549795866012573 0.5890865921974182
Car 0.0 0 1.2752259969711304 688.7305297851562 180.51170349121094 728.5813598632812 201.65223693847656 4.328401 1.4472369 1.7236118 7.2076135 2.03759 53.31445 1.4096019268035889 0.14067582786083221
Car 0.0 0 1.9016019105911255 111.78715515136719 178.28929138183594 167.32749938964844 210.85923767089844 4.0707498 1.8810679 1.640377 -29.009682 2.2335553 44.568905 1.324597716331482 0.1350182443857193
Car 0.0 0 1.7561801671981812 654.7539672851562 176.57284545898438 689.4453125 200.9949951171875 4.188978 1.616125 1.685295 4.375511 1.8892258 50.67176 1.8423166275024414 0.1309622824192047
Car 0.0 0 1.9008338451385498 325.3057861328125 183.6212158203125 360.108642578125 202.11390686035156 4.337897 1.5503057 1.6334867 -24.129839 2.556645 65.22246 1.5464872121810913 0.12684565782546997
Car 0.0 0 2.109933376312256 374.2469482421875 179.89686584472656 424.03955078125 199.67242431640625 4.557845 1.4377465 1.6414145 -16.493439 2.0140095 56.586014 1.8263154029846191 0.11221960932016373
