Pedestrian 0.0 0 3.4745380878448486 216.7827911376953 103.78760528564453 353.9855651855469 346.4258117675781 0.82831585 1.7886745 0.61763424 -2.5539842 1.189536 5.6410985 3.049402952194214 0.15650302171707153
Cyclist 0.0 0 0.6527717709541321 0.0 98.50585174560547 225.09716796875 320.5873718261719 1.6737633 1.6595911 0.54798335 -4.0516963 1.012749 5.668978 0.03223896026611328 0.15316323935985565
Car 0.0 0 -1.5462812185287476 559.2425537109375 174.48690795898438 626.470703125 233.74563598632812 3.3403652 1.4970504 1.6987911 -0.41643563 1.2271407 19.829796 -1.5672786235809326 0.9557019472122192
Car 0.0 0 3.341956853866577 336.8477783203125 193.51327514648438 503.2644958496094 253.67735290527344 3.9881966 1.4827565 1.5779516 -4.864962 1.7118144 18.850561 3.0893876552581787 0.5227867960929871
Car 0.0 0 -1.7159614562988281 632.3092041015625 170.24957275390625 683.9054565429688 206.95028686523438 4.001957 1.4401014 1.5888147 2.0142593 0.85397667 30.260685 -1.6494959592819214 0.3166468143463135
Car 0.0 0 1.7791498899459839 486.0461730957031 177.71128845214844 548.6812744140625 217.35594177246094 4.098336 1.4288516 1.6061516 -3.4751856 1.1595134 28.014763 1.6557320356369019 0.3063892722129822
Car 0.0 0 -2.1264517307281494 500.9110412597656 170.4265899658203 558.6188354492188 197.78733825683594 3.7616425 1.5170643 1.587519 -4.60494 0.69818795 41.82411 -2.236112594604492 0.22612857818603516
Car 0.0 0 1.4578001499176025 621.5733032226562 169.78770446777344 654.5592651367188 197.52923583984375 3.8242977 1.6151938 1.5792514 1.7795244 0.71806246 43.81441 1.498392939567566 0.18682466447353363
Car 0.0 0 -1.5683517456054688 497.8179016113281 159.70425415039062 518.9337158203125 182.12579345703125 3.6086283 1.7598768 1.660442 -8.144856 -0.259979 58.84287 -1.7058948278427124 0.16956958174705505
Car 0.0 0 1.8825750350952148 0.0 165.2268829345703 53.493831634521484 193.79954528808594 3.659932 1.7373784 1.6758608 -36.94628 0.5230779 45.715595 1.202868103981018 0.15860871970653534
