Pedestrian 0.0 0 2.1213340759277344 842.791259765625 162.41128540039062 893.8673095703125 252.27517700195312 0.6011473 1.6651397 0.7084228 5.0749345 1.3126974 13.772075 2.47438907623291 0.8259002566337585
Pedestrian 0.0 0 2.4208645820617676 458.4058532714844 186.18409729003906 540.4970092773438 306.4850769042969 0.98561585 1.7536328 0.7906593 -1.6199887 1.8317579 11.149135 2.2765727043151855 0.7884604930877686
Pedestrian 0.0 0 0.0723126083612442 606.1676635742188 170.0607452392578 622.9764404296875 211.42376708984375 0.7052698 1.8331065 0.713599 0.5802146 1.3270961 32.21936 0.09031891822814941 0.7022022604942322
Pedestrian 0.0 0 -1.9012426137924194 774.1278076171875 160.74789428710938 805.2339477539062 233.55560302734375 0.55775803 1.6862249 0.55710286 4.39754 1.2068137 16.933327 -1.6471580266952515 0.6947755813598633
Pedestrian 0.0 0 -1.94426691532135 585.2269287109375 170.51075744628906 614.9181518554688 229.75025939941406 0.84637785 1.7075955 0.60811853 -0.07493274 1.3919652 21.208998 -1.9477999210357666 0.6947476863861084
Pedestrian 0.0 0 2.71772837638855 495.8803405761719 167.54359436035156 536.6597900390625 246.5905303955078 0.6940132 1.6751207 0.6064637 -1.8960564 1.3805951 15.659066 2.597231388092041 0.6562069058418274
Pedestrian 0.0 0 1.5947550535202026 692.5746459960938 163.42308044433594 710.007080078125 209.47218322753906 0.6972916 1.7772757 0.66062963 3.893891 1.0806116 28.11894 1.7323591709136963 0.6384202837944031
Pedestrian 0.0 0 0.5859028100967407 388.43280029296875 178.19375610351562 438.0284118652344 276.9207763671875 0.6791527 1.624687 0.44345504 -3.21933 1.571567 12.137523 0.32663488388061523 0.6225971579551697
Pedestrian 0.0 0 -2.394240379333496 4.882644176483154 165.49880981445312 145.1109619140625 358.2153625488281 0.9384541 1.8206054 0.6463181 -5.2704225 1.6708155 7.1573915 -3.0289549827575684 0.4005507528781891
Pedestrian 0.0 0 -1.1694872379302979 231.79808044433594 193.7245635986328 298.8183898925781 306.7651672363281 0.7710159 1.6090782 0.65805525 -5.036609 1.7993941 10.706357 -1.6092015504837036 0.39869818091392517
Pedestrian 0.0 0 -2.059551954269409 661.712646484375 171.73944091796875 677.6402587890625 204.2811279296875 0.6769374 1.8319225 0.66136336 3.8810744 1.2832574 40.875305 -1.9648865461349487 0.39171749353408813
Pedestrian 0.0 0 0.06967025995254517 632.0714111328125 174.4027862548828 646.8445434570312 215.5524139404297 0.6184514 1.8231714 0.64708936 1.6936452 1.5096719 32.182705 0.12224769592285156 0.34830227494239807
Pedestrian 0.0 0 2.205029010772705 569.8253173828125 171.35263061523438 591.6702270507812 220.9921417236328 0.5444378 1.7589858 0.57500196 -0.76543224 1.4004694 25.839127 2.175414562225342 0.30643197894096375
Pedestrian 0.0 0 0.4802648723125458 615.7097778320312 174.06512451171875 633.6591796875 214.7352752685547 0.5927016 1.8539944 0.65677726 1.0641186 1.5160004 33.174984 0.5123298168182373 0.27719733119010925
Pedestrian 0.0 0 -3.060736894607544 559.997802734375 170.58934020996094 576.6239624023438 205.8982696533203 0.8029589 1.7753837 0.5179101 -1.6820496 1.2276559 36.389004 -3.1069281101226807 0.27047592401504517
Pedestrian 0.0 0 -2.009561777114868 513.406982421875 188.92173767089844 548.8197021484375 254.01483154296875 0.9793587 1.7213917 0.60611594 -1.9664758 1.9320577 19.700693 -2.1090497970581055 0.2575479745864868
Pedestrian 0.0 0 -0.2860163748264313 670.4920043945312 167.86550903320312 704.0387573242188 204.0419158935547 1.5331273 1.7745439 0.64947426 4.251416 1.106629 35.68148 -0.16742634773254395 0.1018887385725975
Cyclist 0.0 0 -1.2946125268936157 543.7388305664062 183.0148468017578 566.3767700195312 229.9307098388672 1.6521484 1.6262424 0.37805375 -1.6758792 1.6834763 25.79862 -1.3594814538955688 0.5166264176368713
Cyclist 0.0 0 -0.3085020184516907 665.5260620117188 168.17996215820312 705.8212280273438 204.35916137695312 1.8830396 1.7717047 0.6345409 4.17126 1.1203115 35.66561 -0.19207625091075897 0.3801381289958954
Cyclist 0.0 0 3.3498260974884033 320.89190673828125 185.59539794921875 420.20745849609375 269.2705078125 1.8135917 1.6260343 0.57636166 -4.63347 1.7114071 14.374122 3.037994623184204 0.2644104063510895
Car 0.0 0 -2.2572686672210693 855.57177734375 94.5463638305664 1238.0 374.0 3.3025577 1.5413888 1.5308955 2.4377012 1.3659992 3.1279025 -1.595252513885498 0.4152478575706482
