Car 0.0 0 -1.8856985569000244 730.43603515625 177.390380859375 929.046875 305.5033874511719 3.890033 1.5632633 1.6684818 3.0121021 1.6447694 10.923121 -1.6166309118270874 0.9716018438339233
Car 0.0 0 2.027324676513672 165.9347381591797 195.2154998779297 365.8511962890625 297.6767883300781 4.031496 1.4334182 1.6043729 -5.984124 1.9003193 13.015582 1.596379041671753 0.9565302729606628
Car 0.0 0 2.3517181873321533 0.0 209.07278442382812 203.4656982421875 375.0 3.6713533 1.4559134 1.5675291 -6.0898166 1.9172318 7.284979 1.6554425954818726 0.9049539566040039
Car 0.0 0 1.8323643207550049 356.8017578125 180.0218505859375 453.5705871582031 241.0841827392578 4.1935873 1.5826354 1.7097906 -5.952213 1.8155274 21.298788 1.5598540306091309 0.7903523445129395
Car 0.0 0 1.7227009534835815 475.530029296875 183.40309143066406 517.8117065429688 213.96249389648438 4.3051553 1.4706556 1.5877718 -5.999372 2.0634537 38.36389 1.5675766468048096 0.700640082359314
Car 0.0 0 1.5787975788116455 551.4998779296875 179.37347412109375 575.1668701171875 202.8167266845703 3.91603 1.5486674 1.5981973 -3.298272 2.0259018 50.77503 1.5139302015304565 0.5892802476882935
Car 0.0 0 1.8272672891616821 516.1407470703125 179.88214111328125 551.3362426757812 201.8027801513672 3.9006002 1.5252221 1.6649739 -5.6456203 2.0674248 53.571735 1.7222704887390137 0.49457621574401855
Car 0.0 0 -0.12403041124343872 885.1448974609375 157.896728515625 1009.8739624023438 197.26795959472656 4.377307 1.5067393 1.5862625 13.41622 0.93468165 29.031437 0.30886268615722656 0.4916061460971832
Car 0.0 0 1.833842396736145 415.1697998046875 180.9654998779297 487.4918518066406 224.70748901367188 4.2261534 1.517394 1.693381 -6.0918994 1.856489 27.97694 1.6194419860839844 0.49020451307296753
Car 0.0 0 -1.5417754650115967 640.431884765625 175.062255859375 660.3980712890625 193.5484161376953 3.608386 1.4819459 1.5598919 3.3700643 1.6721001 60.14864 -1.4858050346374512 0.4553558826446533
