Pedestrian 0.0 0 1.6647295951843262 328.34857177734375 155.43527221679688 410.2604675292969 350.5699157714844 0.9639845 1.8223711 0.7036134 -2.3627572 1.580327 7.253328 1.3498212099075317 0.5791133642196655
Pedestrian 0.0 0 -0.1791994720697403 540.6053466796875 170.3510284423828 566.7601318359375 229.32537841796875 0.6780147 1.7257377 0.6111933 -1.4550556 1.4006236 21.39691 -0.24709801375865936 0.5441806316375732
Pedestrian 0.0 0 -2.0638887882232666 718.2772216796875 156.01400756835938 754.312744140625 226.68548583984375 0.8235615 1.7439421 0.574368 3.3770645 1.1162192 18.203266 -1.8804545402526855 0.2638205587863922
Pedestrian 0.0 0 -0.9008562564849854 691.9482421875 164.96766662597656 733.7318725585938 242.36013793945312 0.6086582 1.7380098 0.7355607 2.5383527 1.3679574 16.605665 -0.7491698265075684 0.22603720426559448
Pedestrian 0.0 0 1.0000395774841309 796.1116333007812 196.6719207763672 882.1017456054688 346.4269104003906 0.8524157 1.6108421 0.5703886 2.681493 1.7979382 8.307305 1.3122689723968506 0.1454969346523285
Pedestrian 0.0 0 -2.3417375087738037 0.0 138.88946533203125 93.935791015625 359.89288330078125 0.9194197 1.8479342 0.57416844 -5.1861386 1.493031 6.3414483 -3.027247905731201 0.11748214811086655
Pedestrian 0.0 0 2.0883803367614746 428.7059020996094 172.1324005126953 472.8222961425781 258.5362854003906 0.68042177 1.7449247 0.6465679 -3.1624832 1.5569893 14.926516 1.879597544670105 0.1091233417391777
Pedestrian 0.0 0 1.3605144023895264 851.5071411132812 196.54624938964844 938.2437133789062 374.0 0.7959204 1.6857177 0.62027407 2.7738829 1.8425375 6.974881 1.7390331029891968 0.10886543989181519
Pedestrian 0.0 0 2.7803213596343994 839.3770751953125 133.65951538085938 887.0741577148438 213.5934600830078 0.8206107 1.7093071 0.58823186 5.6609197 0.687515 15.658235 3.127230644226074 0.10792084783315659
Cyclist 0.0 0 -1.8663902282714844 774.95703125 150.75929260253906 811.1497192382812 215.18060302734375 1.7580196 1.6725836 0.45225456 5.1583614 0.8756292 19.534515 -1.6082193851470947 0.4733261466026306
Cyclist 0.0 0 -1.5172054767608643 537.253173828125 172.63441467285156 558.5927124023438 239.36289978027344 1.8221941 1.8609364 0.5277911 -1.576283 1.6148405 20.947008 -1.5923149585723877 0.23252809047698975
Cyclist 0.0 0 1.1572738885879517 783.84326171875 197.14947509765625 876.6556396484375 341.738525390625 1.2520841 1.5108125 0.5554073 2.558324 1.7072327 8.298326 1.456322431564331 0.14605699479579926
Cyclist 0.0 0 1.198765516281128 810.1386108398438 167.3512725830078 860.9840698242188 243.02398681640625 1.6274971 1.5916401 0.50865567 5.12942 1.2952796 15.93393 1.5102074146270752 0.13449859619140625
Cyclist 0.0 0 -1.8629118204116821 720.7423706054688 157.7808837890625 754.7437133789062 229.86233520507812 1.1294208 1.7735152 0.5434098 3.420041 1.1911118 18.262022 -1.6777801513671875 0.1319873183965683
Cyclist 0.0 0 1.769435167312622 339.9212951660156 170.46885681152344 422.2650146484375 345.9730224609375 0.8216278 1.6922847 0.6617249 -2.2840052 1.5872897 7.3662457 1.4687714576721191 0.11559111624956131
Car 0.0 0 -2.5845260620117188 1019.8268432617188 225.6732940673828 1238.0 374.0 3.7156215 1.4453722 1.5398104 3.0657089 1.6909623 2.0813162 -1.6101552248001099 0.15934820473194122
