Pedestrian 0.0 0 1.3696868419647217 901.1641235351562 154.35096740722656 949.0236206054688 261.0798645019531 0.68151855 1.8246716 0.6483599 5.4962716 1.5086957 12.732856 1.7771855592727661 0.7118113040924072
Pedestrian 0.0 0 -1.853248119354248 804.4921875 162.16587829589844 829.052978515625 207.98072814941406 0.9783977 1.7369142 0.6629157 7.9286065 1.3320684 27.842764 -1.5758275985717773 0.3263275921344757
Pedestrian 0.0 0 -1.8541810512542725 700.1217651367188 165.64732360839844 728.7612915039062 215.94117736816406 1.7322851 1.8534986 0.6160759 3.9202263 1.5882665 27.489332 -1.7125271558761597 0.17072005569934845
Pedestrian 0.0 0 -2.8895115852355957 739.8802490234375 170.23342895507812 753.6925048828125 195.06715393066406 0.8588045 1.7636008 0.56350994 9.769431 1.5778546 51.675793 -2.702664375305176 0.16315463185310364
Pedestrian 0.0 0 1.4897093772888184 680.1385498046875 170.1529998779297 692.7376098632812 200.5550994873047 1.9047176 1.7385926 0.5777661 4.4303827 1.5844895 42.21845 1.5942661762237549 0.14060339331626892
Cyclist 0.0 0 -1.8541810512542725 700.1217651367188 165.64732360839844 728.7612915039062 215.94117736816406 1.7322851 1.8534986 0.6160759 3.9202263 1.5882665 27.489332 -1.7125271558761597 0.609301745891571
Cyclist 0.0 0 1.4897093772888184 680.1385498046875 170.1529998779297 692.7376098632812 200.5550994873047 1.9047176 1.7385926 0.5777661 4.4303827 1.5844895 42.21845 1.5942661762237549 0.34073761105537415
Cyclist 0.0 0 -1.8917497396469116 808.2149658203125 164.05064392089844 836.1348266601562 210.51817321777344 1.3992003 1.7395248 0.61627877 8.09552 1.4103271 27.718685 -1.6075931787490845 0.2177465707063675
Car 0.0 0 2.118906021118164 245.09251403808594 179.03970336914062 301.2018737792969 200.1754913330078 4.5941052 1.4862494 1.6949495 -25.38832 1.9742751 54.504276 1.6829874515533447 0.16589416563510895
Car 0.0 0 1.4151966571807861 687.4639892578125 169.06146240234375 719.1763305664062 192.60122680664062 4.3698153 1.6982969 1.7005697 6.9440775 1.4250375 54.26132 1.5424795150756836 0.12062935531139374
