Pedestrian 0.0 0 1.8975576162338257 356.36492919921875 167.02005004882812 392.7118835449219 238.70068359375 0.9106642 1.8322006 0.6497672 -6.0650177 1.4892359 18.526318 1.5811808109283447 0.6333135366439819
Pedestrian 0.0 0 -0.736555814743042 168.0809326171875 132.3560791015625 310.7911071777344 363.53515625 0.98628014 1.9347037 0.6469499 -3.373231 1.5334992 6.487002 -1.2160738706588745 0.4026069939136505
Pedestrian 0.0 0 -1.6645857095718384 402.3709716796875 168.29769897460938 419.9254150390625 212.3951416015625 0.77378446 1.7007113 0.59290874 -7.6319146 1.2316083 27.730715 -1.9331519603729248 0.27247902750968933
Pedestrian 0.0 0 2.3731000423431396 692.9258422851562 141.64886474609375 735.6175537109375 223.30331420898438 0.65920633 1.7989541 0.69570315 2.4383187 0.94462764 16.046707 2.523897886276245 0.22652733325958252
Pedestrian 0.0 0 1.8350586891174316 1028.9622802734375 196.34808349609375 1073.66943359375 292.2057800292969 0.57297486 1.7340764 0.5844627 8.373678 2.0437698 13.329876 2.3959476947784424 0.16250289976596832
Cyclist 0.0 0 1.678296446800232 518.0242309570312 167.0789794921875 529.5257568359375 194.66175842285156 1.6990494 1.6540389 0.5217905 -4.9659066 0.85059386 43.24546 1.5639665126800537 0.7343041300773621
Cyclist 0.0 0 -0.736555814743042 168.0809326171875 132.3560791015625 310.7911071777344 363.53515625 0.98628014 1.9347037 0.6469499 -3.373231 1.5334992 6.487002 -1.2160738706588745 0.16519126296043396
Car 0.0 0 -1.5763405561447144 583.4127197265625 156.76686096191406 630.6665649414062 208.79159545898438 3.7089386 1.7658585 1.604195 0.03209705 0.96182835 25.852072 -1.575098991394043 0.6645491719245911
Car 0.0 0 -1.7203648090362549 562.8703002929688 165.14537048339844 613.4750366210938 202.5457763671875 4.0376015 1.5274223 1.6196699 -0.82413286 0.9018334 31.000193 -1.7469433546066284 0.27138081192970276
Car 0.0 0 3.25793194770813 423.626708984375 175.60488891601562 504.5787658691406 204.39654541015625 4.1695457 1.5313019 1.6773838 -7.6461883 1.2723609 38.60091 3.062380313873291 0.2185131460428238
Car 0.0 0 0.8458831906318665 433.5818176269531 173.9398956298828 488.82525634765625 196.06471252441406 4.2318544 1.6061894 1.6983252 -10.850278 1.1312281 53.27507 0.6449658870697021 0.18429946899414062
