Pedestrian 0.0 0 -1.7801730632781982 797.5350952148438 169.33473205566406 817.3084716796875 212.3040008544922 0.755139 1.7531304 0.64354753 8.214253 1.1063244 29.721542 -1.5105302333831787 0.2736494541168213
Pedestrian 0.0 0 -2.616079092025757 496.15643310546875 162.46018981933594 516.0748901367188 202.97532653808594 0.65269566 1.8092225 0.6543813 -4.630925 0.7941961 32.52271 -2.757518768310547 0.12588727474212646
Pedestrian 0.0 0 -3.259089469909668 708.2451171875 177.30630493164062 727.632080078125 216.3565673828125 0.79853827 1.7624338 0.68316215 4.9881544 1.4065951 32.79468 -3.1081438064575195 0.11964691430330276
Car 0.0 0 -1.6448525190353394 633.075439453125 166.0811767578125 668.958251953125 198.2198486328125 3.7249923 1.6163539 1.6135844 2.2122657 0.655151 38.024857 -1.5867385864257812 0.9431382417678833
Car 0.0 0 -1.6291629076004028 556.6923217773438 167.0607147216797 597.7384643554688 202.29991149902344 3.5408874 1.4212464 1.5430545 -1.3937299 0.6901617 30.829414 -1.6743398904800415 0.8892701268196106
Car 0.0 0 -1.656742811203003 598.9945068359375 164.68016052246094 620.7854614257812 182.33543395996094 4.098324 1.6111039 1.7228621 0.1668435 -0.28140733 68.39789 -1.6543035507202148 0.23238851130008698
Car 0.0 0 -1.3932414054870605 586.7680053710938 173.9126434326172 614.4176635742188 193.2601318359375 3.862183 1.4175949 1.4459323 -0.5278181 0.5905496 54.691708 -1.4028918743133545 0.17773593962192535
Car 0.0 0 1.97416353225708 220.60325622558594 170.69236755371094 312.52606201171875 213.2213592529297 4.1604567 1.4692409 1.6018212 -12.6918 0.9686378 26.938778 1.533873438835144 0.15916751325130463
Car 0.0 0 -2.8376967906951904 422.1988525390625 170.77310180664062 520.7744140625 206.15533447265625 3.9902747 1.5185165 1.6411861 -6.0418596 0.8998077 31.895002 -3.0249083042144775 0.12720376253128052
Car 0.0 0 -2.84684419631958 490.5057678222656 172.8086395263672 559.766845703125 199.0897216796875 3.8425012 1.5426296 1.6259254 -4.985104 0.8155003 43.33532 -2.961376428604126 0.12591102719306946
