Pedestrian 0.0 0 -0.08463144302368164 745.8518676757812 156.2916717529297 766.9393310546875 194.89906311035156 0.96578914 1.8615179 0.4960337 7.0770535 1.0632964 35.088875 0.11438798904418945 0.37035486102104187
Pedestrian 0.0 0 -1.367189645767212 1029.2218017578125 159.96932983398438 1057.253662109375 219.76976013183594 0.6862526 1.7221246 0.5811991 12.700296 1.3514316 21.225283 -0.8279790878295898 0.2828481197357178
Pedestrian 0.0 0 -1.6037575006484985 717.3997802734375 174.0358123779297 732.3397827148438 214.03375244140625 1.7778494 1.7932503 0.6195518 5.2561707 1.8496972 33.321064 -1.4473035335540771 0.10919150710105896
Cyclist 0.0 0 -1.5526338815689087 717.764404296875 171.79542541503906 731.3059692382812 211.51470947265625 1.8342587 1.7874202 0.5890051 5.274289 1.7401415 33.421776 -1.396114706993103 0.7048611640930176
Car 0.0 0 -1.7732354402542114 800.001708984375 180.56727600097656 960.8899536132812 297.1763000488281 3.7047634 1.4761088 1.58264 3.9782715 1.6183763 11.330016 -1.435557246208191 0.9721998572349548
Car 0.0 0 1.436976432800293 740.8712158203125 181.3958282470703 824.6928100585938 251.9275665283203 3.572789 1.490824 1.4886961 4.045245 1.7207751 17.54356 1.6635984182357788 0.941908061504364
Car 0.0 0 1.7814677953720093 585.4837646484375 175.3924560546875 633.9057006835938 210.03915405273438 4.3046856 1.7891791 1.8166765 0.011873707 1.9379542 39.889046 1.7817654609680176 0.9043174982070923
Car 0.0 0 1.8041621446609497 622.7208251953125 178.8512420654297 660.4909057617188 204.12867736816406 3.9923017 1.5391736 1.5831678 2.076004 1.9486551 47.08304 1.8482259511947632 0.5095822215080261
Car 0.0 0 -2.427095651626587 0.0 0.0 1242.0 375.0 3.7986777 1.4952304 1.5876354 2.7411447 1.5369655 1.5369346 -1.3673133850097656 0.3585975468158722
Car 0.0 0 -0.8937143683433533 712.6386108398438 182.26577758789062 787.8582153320312 213.3331298828125 4.0557737 1.4729421 1.6405706 7.252058 1.9853168 37.314587 -0.7017582058906555 0.26362404227256775
Car 0.0 0 1.6820627450942993 678.7384033203125 178.4168243408203 701.91943359375 196.51487731933594 3.8897984 1.4907793 1.5841671 6.995469 1.9911218 62.777206 1.7930381298065186 0.25350421667099
