Pedestrian 0.0 0 1.9490196704864502 408.62615966796875 177.7003173828125 447.2879333496094 273.5735168457031 0.62668073 1.3519174 0.3426659 -2.7050447 1.4253061 10.537855 1.6977471113204956 0.22600829601287842
Pedestrian 0.0 0 -0.09428364038467407 500.2525329589844 168.48974609375 526.669921875 216.8673858642578 0.9203223 1.7719711 0.59530747 -3.6356354 1.6124758 26.820013 -0.2290191650390625 0.11802060157060623
Pedestrian 0.0 0 1.2695138454437256 1030.7685546875 156.4080352783203 1061.413818359375 209.92385864257812 0.8703114 1.7979702 0.6697953 14.899626 1.2457933 24.741205 1.8115633726119995 0.11502467840909958
Cyclist 0.0 0 -1.9538482427597046 791.2162475585938 160.4729766845703 842.9273071289062 234.1148681640625 1.9607587 1.8486657 0.6221322 5.405623 1.5382174 19.118435 -1.6782968044281006 0.9437686204910278
Car 0.0 0 -1.556460976600647 590.2817993164062 175.91754150390625 638.9820556640625 222.99217224121094 4.520713 1.5993272 1.6758064 0.15986094 1.7243595 27.084183 -1.5505586862564087 0.9447906017303467
Car 0.0 0 1.6327580213546753 533.568359375 171.88819885253906 554.3356323242188 188.93003845214844 4.3767405 1.4836502 1.5978152 -5.9407735 1.3999256 65.02457 1.5416489839553833 0.24945028126239777
Car 0.0 0 1.341452956199646 715.546142578125 181.45419311523438 753.5029296875 208.1381378173828 3.530648 1.5384927 1.5411733 7.6151323 2.091709 44.57247 1.5106674432754517 0.20638756453990936
Car 0.0 0 -1.546198844909668 456.74456787109375 164.60595703125 496.50762939453125 204.59747314453125 3.9348888 1.6353416 1.6064045 -5.8248296 1.298419 31.571768 -1.728642225265503 0.17384031414985657
Car 0.0 0 2.2230186462402344 38.577056884765625 194.04856872558594 147.7479705810547 234.50189208984375 3.8648567 1.4693227 1.7223877 -21.544281 2.4149427 30.217638 1.6036406755447388 0.16996075212955475
Car 0.0 0 -1.9441496133804321 1183.3182373046875 131.90359497070312 1242.0 180.77772521972656 4.793006 2.527687 1.7759018 33.74316 0.4101596 39.868824 -1.2417757511138916 0.13991624116897583
Car 0.0 0 -1.5108208656311035 508.7452697753906 175.56227111816406 548.0897827148438 209.13621520996094 4.068196 1.5108788 1.6495295 -3.9257028 1.6499405 34.876495 -1.6229091882705688 0.1363222897052765
Car 0.0 0 -2.2106432914733887 255.36721801757812 175.11293029785156 310.25787353515625 197.994873046875 3.881668 1.6165749 1.6851091 -24.060434 1.7880511 52.97961 -2.63693904876709 0.11638297140598297
