Pedestrian 0.0 0 0.2740885019302368 1029.0968017578125 177.04974365234375 1063.8350830078125 234.32211303710938 0.80256987 1.7908927 0.6726722 13.963538 1.9289758 23.158916 0.8166701793670654 0.36783042550086975
Pedestrian 0.0 0 -1.085602879524231 606.2996826171875 175.1778106689453 625.41015625 215.3576202392578 0.6230092 1.6766615 0.58740634 0.2086821 1.7768062 30.567387 -1.0787760019302368 0.1332029402256012
Car 0.0 0 1.8054325580596924 789.3870849609375 176.18711853027344 843.0906372070312 208.99874877929688 4.1063976 1.5090542 1.6547228 10.253509 1.6850456 35.822594 2.0842092037200928 0.8412076234817505
Car 0.0 0 -1.4421441555023193 898.4736938476562 176.42501831054688 999.4317626953125 251.83111572265625 3.463287 1.4535824 1.5891458 7.5262685 1.5423396 15.971764 -1.001781702041626 0.834236204624176
Car 0.0 0 1.8841617107391357 840.1566772460938 177.1014404296875 883.0337524414062 201.2561492919922 4.179148 1.6065747 1.6499058 17.759594 1.9193854 50.912212 2.219791889190674 0.6928373575210571
Car 0.0 0 1.3991892337799072 926.8701782226562 179.3633270263672 984.93994140625 213.55714416503906 4.395964 1.4610168 1.7322539 16.201534 1.7899731 34.071384 1.8430595397949219 0.16020970046520233
Car 0.0 0 -1.4546868801116943 915.5462646484375 182.5448760986328 993.4976196289062 245.953857421875 3.4853103 1.5708202 1.5909847 9.727719 1.8700404 20.350613 -1.0087885856628418 0.14196081459522247
Car 0.0 0 1.2314715385437012 951.5237426757812 171.88934326171875 996.7215576171875 193.93446350097656 4.1849422 1.5593953 1.6714472 26.761879 1.4915161 53.217583 1.6974178552627563 0.13450859487056732
Car 0.0 0 1.5537898540496826 996.5159912109375 168.9880828857422 1023.84228515625 193.07171630859375 4.1932316 1.6708983 1.6544701 28.93587 1.4030423 52.29647 2.059166431427002 0.13173356652259827
Car 0.0 0 1.4455132484436035 985.8430786132812 166.408447265625 1013.8460693359375 186.28489685058594 3.6650667 1.5751781 1.5699166 31.908659 1.0647353 59.170326 1.9400794506072998 0.12716349959373474
