Pedestrian 0.0 0 -1.7675533294677734 520.4494018554688 171.66004943847656 545.9354248046875 214.9297332763672 0.793111 1.6084656 0.82019144 -2.6088905 1.2437209 27.19802 -1.863182783126831 0.7497085928916931
Pedestrian 0.0 0 -2.574732542037964 319.9676208496094 161.8905487060547 374.6111145019531 257.87078857421875 0.8040102 1.7103274 0.4909985 -4.6800437 1.3621674 13.126603 -2.9172139167785645 0.5133376121520996
Pedestrian 0.0 0 2.2810866832733154 1118.1226806640625 126.388916015625 1190.0577392578125 239.88299560546875 0.701147 1.7373806 0.5856319 8.682182 0.8950364 11.35253 2.9339797496795654 0.4855997860431671
Pedestrian 0.0 0 -1.378838062286377 1163.1640625 118.50702667236328 1224.1383056640625 241.1204376220703 0.5914813 1.7477725 0.59722173 8.7407675 0.85116494 10.655393 -0.6918327808380127 0.474023699760437
Pedestrian 0.0 0 3.05753755569458 312.42724609375 167.2010040283203 364.1878356933594 262.19622802734375 0.89999264 1.7861669 0.53616804 -5.1476765 1.5185672 13.937615 2.7037410736083984 0.29330936074256897
Pedestrian 0.0 0 -2.2562248706817627 416.0836486816406 188.37564086914062 478.614013671875 285.9087219238281 0.8575118 1.6864939 0.7332204 -2.8397472 1.8179884 13.050138 -2.470487594604492 0.26887232065200806
Pedestrian 0.0 0 0.46938556432724 441.8558044433594 186.59071350097656 485.64117431640625 268.1944580078125 0.76635647 1.5615973 0.34905887 -2.731001 1.664368 14.050439 0.2774081230163574 0.21406438946723938
Pedestrian 0.0 0 2.2463386058807373 271.2050476074219 123.35858154296875 333.80615234375 220.3542938232422 1.0232793 1.9148464 0.7048332 -6.1675553 0.76829296 14.767527 1.8507157564163208 0.15805649757385254
Cyclist 0.0 0 -1.9077457189559937 632.599853515625 172.57272338867188 649.286865234375 206.45416259765625 1.5710192 1.6985191 0.35172367 2.0104334 1.2518613 36.811825 -1.8531861305236816 0.30762210488319397
Cyclist 0.0 0 2.508417844772339 688.0648193359375 160.4707794189453 725.7756958007812 195.21192932128906 1.813434 1.6947535 0.669328 5.2472897 0.66979384 35.7598 2.6541152000427246 0.2242535650730133
Car 0.0 0 -1.924347996711731 738.72314453125 149.60433959960938 961.4789428710938 316.4117126464844 3.8358064 1.8636601 1.5997744 3.1193445 1.508658 9.978895 -1.6213773488998413 0.9374423027038574
Car 0.0 0 0.5718163251876831 342.1584777832031 195.69371032714844 503.26611328125 269.4881591796875 3.235709 1.4954321 1.5158042 -4.061928 1.8425626 16.267546 0.32712459564208984 0.2065066695213318
Car 0.0 0 -1.4673924446105957 525.7322387695312 179.99598693847656 564.734619140625 210.8257598876953 3.5152338 1.4766867 1.6058296 -2.7910314 1.4055525 36.182472 -1.5443776845932007 0.19126459956169128
Car 0.0 0 0.8169686198234558 1067.055908203125 194.4602508544922 1238.0 374.0 3.8795414 1.4682724 1.6051502 3.0510342 1.5453826 2.129101 1.778497338294983 0.1845695823431015
