Car 0.0 0 -1.3451435565948486 405.0195007324219 182.46937561035156 502.7489013671875 254.85330200195312 3.2514486 1.6044791 1.6435093 -3.6985817 1.5447345 17.570953 -1.5526089668273926 0.9828146696090698
Car 0.0 0 -1.762601613998413 697.3529663085938 190.83531188964844 797.4530029296875 263.1076354980469 3.3876784 1.3980023 1.5187134 2.9182534 1.5365044 15.867295 -1.580717921257019 0.9763225317001343
Car 0.0 0 -1.1138889789581299 37.05139923095703 195.2254180908203 394.2934265136719 376.0 3.7180443 1.4826005 1.6484398 -3.62668 1.6126207 7.392798 -1.5699635744094849 0.9682138562202454
Car 0.0 0 -1.6644930839538574 648.224365234375 184.65065002441406 692.64501953125 219.53814697265625 4.274899 1.5454772 1.6847159 2.8645663 1.5215775 33.986187 -1.580405592918396 0.9324684143066406
Car 0.0 0 -1.3172069787979126 361.3157653808594 186.72657775878906 428.71685791015625 227.56594848632812 3.7921538 1.480932 1.6272948 -8.272987 1.5452278 28.127306 -1.6032665967941284 0.9256584048271179
Car 0.0 0 -1.3937097787857056 465.2909240722656 183.55386352539062 531.4908447265625 231.95472717285156 4.07211 1.6205074 1.6834605 -3.9217262 1.5659992 26.123096 -1.5427218675613403 0.8809930682182312
Car 0.0 0 -1.4658945798873901 498.9537658691406 184.00271606445312 537.734619140625 214.919677734375 3.7067676 1.508053 1.598946 -4.5742226 1.4500184 36.927986 -1.5891355276107788 0.8011012673377991
Car 0.0 0 2.0967752933502197 199.43150329589844 188.23350524902344 351.54754638671875 253.18756103515625 3.9172852 1.3823553 1.5982903 -7.944604 1.4655364 17.51215 1.67087984085083 0.790778398513794
Car 0.0 0 -1.6042282581329346 588.5510864257812 181.43080139160156 611.98876953125 202.8355255126953 3.5574377 1.5120474 1.5907708 -0.5948205 1.2458099 52.58931 -1.615538477897644 0.5386555790901184
Car 0.0 0 -1.6182271242141724 621.0139770507812 184.5926513671875 641.0948486328125 201.29359436035156 3.9058628 1.4916154 1.6590378 2.10937 1.4370999 66.16516 -1.586357593536377 0.48609599471092224
