Pedestrian 0.0 0 -1.9928797483444214 635.6448364257812 169.10885620117188 651.77587890625 197.84486389160156 0.9330953 1.6818234 0.62722164 1.9613277 1.4629904 42.775646 -1.9470603466033936 0.2391950637102127
Pedestrian 0.0 0 3.5021095275878906 327.4920654296875 178.01661682128906 345.4882507324219 208.17906188964844 0.89285225 1.833978 0.558311 -16.80224 2.1529365 44.245342 3.1391797065734863 0.2221807837486267
Pedestrian 0.0 0 -0.4631074070930481 623.3838500976562 162.48892211914062 640.5438232421875 191.07061767578125 0.87672377 1.7431834 0.6098659 1.3197994 1.1113803 44.464363 -0.4334339499473572 0.20420564711093903
Car 0.0 0 -1.5804922580718994 524.1666259765625 174.5087127685547 558.0881958007812 205.9287567138672 3.934919 1.4968578 1.623032 -3.555581 1.5859084 36.62916 -1.6772587299346924 0.7597634196281433
Car 0.0 0 1.812508225440979 424.6270751953125 180.43051147460938 463.5143737792969 205.6139678955078 3.8016005 1.5242368 1.5920421 -10.72811 2.0354362 46.73315 1.5868568420410156 0.7099959850311279
Car 0.0 0 -1.6108142137527466 579.8800048828125 172.61703491210938 607.5552978515625 197.2654571533203 3.939868 1.5295693 1.6300735 -1.1239215 1.5152223 46.790684 -1.6348297595977783 0.6404485702514648
Car 0.0 0 -1.3684569597244263 451.30767822265625 178.46127319335938 475.36688232421875 195.13040161132812 3.5842476 1.5072185 1.542691 -13.859375 2.0518382 68.23881 -1.568832516670227 0.18028593063354492
Car 0.0 0 -1.9405261278152466 619.7935180664062 170.93885803222656 664.0347900390625 195.85691833496094 3.714591 1.540769 1.6169319 1.9853249 1.4227077 46.631042 -1.8979766368865967 0.17791025340557098
Car 0.0 0 1.067861557006836 692.1838989257812 161.21678161621094 736.287353515625 187.41943359375 3.6046836 1.9168082 1.7946786 7.846297 1.065866 54.783134 1.2101187705993652 0.17152626812458038
Car 0.0 0 2.059694290161133 98.51868438720703 186.6503448486328 320.412841796875 288.03509521484375 4.2133083 1.4446776 1.6561173 -6.9238963 1.7332132 12.960613 1.5690423250198364 0.1707971841096878
Car 0.0 0 1.6789863109588623 194.10507202148438 186.4698028564453 226.99671936035156 210.87649536132812 3.8351998 1.5605093 1.6119994 -27.957859 2.5537307 50.53171 1.173633337020874 0.15905584394931793
