Pedestrian 0.0 0 -1.8341624736785889 776.7559204101562 167.76303100585938 799.241455078125 209.30120849609375 0.93374026 1.6541047 0.6617444 7.1560016 1.4517335 29.204206 -1.593863844871521 0.5904192328453064
Pedestrian 0.0 0 -1.673991322517395 1005.4041748046875 156.38027954101562 1039.5797119140625 238.79844665527344 0.6891205 1.6624246 0.5455189 8.502458 1.3304976 14.976191 -1.1576365232467651 0.5366783142089844
Pedestrian 0.0 0 -1.9637596607208252 962.9838256835938 156.91159057617188 1005.9132690429688 240.8136749267578 0.6937737 1.7184926 0.5765268 7.7996597 1.3923162 15.145364 -1.4881947040557861 0.44039177894592285
Pedestrian 0.0 0 -1.9464119672775269 675.9059448242188 172.94142150878906 687.7776489257812 197.95535278320312 0.7199103 1.828781 0.65164125 5.266558 1.8356351 53.18756 -1.847715139389038 0.26249709725379944
Pedestrian 0.0 0 2.0496532917022705 885.5078125 182.54617309570312 912.9341430664062 233.70579528808594 0.6501302 1.6921862 0.63655025 9.771586 2.0276148 24.488384 2.4293227195739746 0.20804241299629211
Cyclist 0.0 0 -1.9921250343322754 918.62451171875 152.81866455078125 998.5426635742188 264.71435546875 1.6704936 1.7987007 0.6010175 5.9112034 1.4769945 12.437581 -1.5484567880630493 0.941062331199646
Cyclist 0.0 0 -2.148049831390381 993.6524047851562 156.53073120117188 1050.3768310546875 240.31385803222656 1.0664033 1.6868547 0.53058666 8.537671 1.3585665 15.072984 -1.632685899734497 0.23003597557544708
Car 0.0 0 -3.373577117919922 775.1769409179688 178.86575317382812 847.505615234375 204.5277557373047 4.043815 1.5415852 1.6255778 12.382686 1.9213928 44.64915 -3.1030430793762207 0.4833054542541504
Car 0.0 0 1.3353416919708252 895.9116821289062 185.97817993164062 940.957763671875 212.470703125 3.7917466 1.4979601 1.7270619 19.057383 2.3498945 44.802177 1.7375234365463257 0.24050691723823547
Car 0.0 0 1.3085048198699951 1024.3221435546875 178.3182373046875 1058.83740234375 196.67437744140625 3.9315698 1.515779 1.6150883 37.581142 2.0088522 62.947586 1.846732258796692 0.2326100468635559
Car 0.0 0 1.9881267547607422 265.7319641113281 190.15939331054688 309.8591003417969 208.95697021484375 4.65551 1.4794656 1.8094778 -28.264688 3.0564644 63.404804 1.5687865018844604 0.20097021758556366
Car 0.0 0 1.4412707090377808 885.5045166015625 179.45106506347656 916.1717529296875 202.33616638183594 3.5816982 1.5107723 1.5416359 20.354328 1.9920261 50.6674 1.8232626914978027 0.1640120893716812
