Pedestrian 0.0 0 -1.8078434467315674 718.9067993164062 163.7830810546875 741.5028686523438 217.5175323486328 0.79561585 1.741058 0.56218326 3.9131277 1.4475079 23.79342 -1.6448400020599365 0.8367171883583069
Pedestrian 0.0 0 0.39855578541755676 634.0594482421875 174.3936309814453 649.460205078125 200.2958526611328 0.96688 1.7958816 0.47873786 2.1939445 1.9048996 50.49716 0.44197535514831543 0.344045490026474
Pedestrian 0.0 0 -3.1503427028656006 660.9265747070312 161.82122802734375 681.3864135742188 200.34718322753906 0.94626105 1.7863088 0.56383 2.819699 1.2751172 33.768726 -3.067035675048828 0.2702430486679077
Cyclist 0.0 0 2.04797625541687 3.1583008766174316 177.67529296875 226.74917602539062 375.0 1.8787593 1.6783003 0.56359667 -3.609129 1.7211621 5.393133 1.4582161903381348 0.8914366364479065
Cyclist 0.0 0 1.9627971649169922 161.31097412109375 173.94476318359375 327.8285827636719 375.0 1.7630596 1.6947325 0.5645386 -2.9122639 1.7052842 5.841238 1.50029456615448 0.8683438301086426
Cyclist 0.0 0 1.6459786891937256 466.6529235839844 180.22718811035156 492.31585693359375 248.551513671875 1.7644012 1.7357053 0.552993 -3.5468068 1.9438944 19.429146 1.4654160737991333 0.8303126692771912
Car 0.0 0 1.8462769985198975 292.76678466796875 193.04721069335938 427.2518005371094 276.15875244140625 4.5030136 1.4932017 1.6895212 -5.5069146 2.0156963 16.363783 1.5216516256332397 0.9567898511886597
Car 0.0 0 1.7571325302124023 474.9545593261719 187.48670959472656 524.7799072265625 222.42874145507812 4.142597 1.5071979 1.6481389 -5.307363 2.259539 34.97803 1.6065469980239868 0.8691936731338501
Car 0.0 0 -1.4980790615081787 642.7196044921875 179.77745056152344 680.6567993164062 213.87548828125 3.8662424 1.6201417 1.672587 2.6707025 1.9964087 37.13971 -1.4262930154800415 0.8359875082969666
Car 0.0 0 -1.5722675323486328 658.7898559570312 175.4666748046875 684.646728515625 201.59446716308594 3.95312 1.6259929 1.6201464 4.012131 1.8051692 47.344547 -1.4877262115478516 0.19517134130001068
