Pedestrian 0.0 0 -0.8722342252731323 460.2657470703125 171.593017578125 497.7765808105469 241.76072692871094 0.64478517 1.6961892 0.6562009 -3.0656643 1.4578989 17.805744 -1.0427353382110596 0.6459664106369019
Pedestrian 0.0 0 -2.757519245147705 745.4284057617188 150.14161682128906 783.1077270507812 239.17291259765625 0.55344087 1.7915535 0.6662255 3.339396 1.161781 14.88362 -2.5368072986602783 0.5172078013420105
Pedestrian 0.0 0 -1.0143153667449951 82.20092010498047 166.50067138671875 276.37310791015625 374.0 0.71466076 1.7245317 0.66165066 -2.3721502 1.6495343 4.0225077 -1.547141194343567 0.28779444098472595
Pedestrian 0.0 0 1.2392098903656006 868.4948120117188 161.8784637451172 914.294921875 259.00457763671875 0.6759507 1.6639547 0.5560497 5.0567455 1.3290809 12.6549015 1.6193609237670898 0.25605395436286926
Pedestrian 0.0 0 1.9827070236206055 710.2122802734375 157.50192260742188 762.397216796875 258.6670837402344 0.6697423 1.8004854 0.7424987 2.4535472 1.3746521 13.267326 2.1655726432800293 0.2266729176044464
Pedestrian 0.0 0 -1.566355586051941 793.810791015625 208.01637268066406 849.6175537109375 347.0883483886719 0.7240083 1.5009392 0.5942945 2.5088377 1.8265184 8.348088 -1.2744140625 0.16841742396354675
Pedestrian 0.0 0 -0.26086604595184326 1163.8568115234375 88.92434692382812 1238.0 310.47607421875 0.7159659 1.866286 0.6498889 5.5713525 1.0878428 6.496373 0.4480292797088623 0.15379372239112854
Pedestrian 0.0 0 -1.8390549421310425 807.98291015625 136.24813842773438 852.2642822265625 212.51792907714844 1.750014 1.614569 0.4908604 5.058809 0.6578554 16.087309 -1.5343858003616333 0.1536666601896286
Pedestrian 0.0 0 -0.6733183860778809 712.6115112304688 140.34800720214844 763.8889770507812 245.35389709472656 0.6511853 2.0084152 0.782809 2.6658232 1.2225698 14.23515 -0.48819220066070557 0.14811435341835022
Pedestrian 0.0 0 0.6364861726760864 14.909716606140137 130.04527282714844 133.05841064453125 302.6733093261719 0.86305934 1.8320504 0.60089123 -5.842177 1.2873367 7.9217563 0.0010428428649902344 0.11186449974775314
Pedestrian 0.0 0 -0.6890395879745483 907.3016357421875 129.15101623535156 958.6619873046875 233.6344757080078 0.5702239 1.7506725 0.57111704 5.6674314 0.87482405 12.382665 -0.2598084807395935 0.10915058106184006
Pedestrian 0.0 0 3.168870687484741 401.4978332519531 162.51266479492188 434.3298034667969 280.8866271972656 0.5012756 1.8592911 0.7278313 -3.0208485 1.5623561 11.690974 2.9160099029541016 0.10056868940591812
Cyclist 0.0 0 -1.8333462476730347 808.21826171875 136.198974609375 852.5389404296875 213.17306518554688 1.772199 1.6277586 0.49449784 5.062953 0.6710165 16.083687 -1.5283782482147217 0.49239981174468994
Cyclist 0.0 0 1.205955982208252 865.0944213867188 160.5138397216797 916.6539306640625 259.6699523925781 0.83276623 1.6913549 0.5816175 5.0501466 1.3346647 12.670915 1.5852222442626953 0.1621979922056198
Cyclist 0.0 0 -0.9373075366020203 458.6166076660156 170.13870239257812 500.5427551269531 241.25491333007812 0.85956573 1.7157528 0.6451998 -3.056336 1.4428452 17.856682 -1.1068241596221924 0.12813229858875275
Cyclist 0.0 0 0.4497681260108948 367.54022216796875 182.96868896484375 488.56591796875 289.88330078125 1.8028048 1.6274166 0.5625622 -2.789744 1.6529791 11.40718 0.2099156379699707 0.10164917260408401
Car 0.0 0 1.1399879455566406 809.0383911132812 211.24209594726562 1200.4627685546875 374.0 3.652179 1.4640428 1.5086423 3.0816522 1.8092877 6.4668326 1.5846854448318481 0.12307030707597733
