Pedestrian 0.0 0 1.2823717594146729 953.4933471679688 136.41139221191406 988.8975219726562 200.2696075439453 1.0057484 1.8480848 0.6802565 10.670153 0.79377794 21.43291 1.7442896366119385 0.142997607588768
Pedestrian 0.0 0 2.870023488998413 28.250696182250977 173.90235900878906 71.91449737548828 212.1256103515625 1.5544409 1.7622727 0.49304128 -26.470524 1.8132666 34.076797 2.2095959186553955 0.12904079258441925
Cyclist 0.0 0 2.024907350540161 282.4632873535156 175.87728881835938 304.50518798828125 204.23960876464844 1.647243 1.7465471 0.612182 -19.955225 1.940824 45.44278 1.6111308336257935 0.5266599655151367
Cyclist 0.0 0 2.8894541263580322 24.253019332885742 174.1390380859375 68.56278228759766 212.3500518798828 1.5739554 1.7580931 0.49251503 -26.60078 1.8204262 34.02147 2.225858688354492 0.13627636432647705
Car 0.0 0 2.1175084114074707 201.41429138183594 189.5147247314453 281.67041015625 226.8086395263672 3.3833652 1.4547545 1.5874876 -16.012035 2.2217271 31.450644 1.646594524383545 0.9140017032623291
Car 0.0 0 2.2923521995544434 0.0 195.89857482910156 75.42446899414062 268.5999450683594 4.070008 1.5054599 1.6231451 -15.912038 2.154546 18.270195 1.5758326053619385 0.7259654998779297
Car 0.0 0 2.0072216987609863 388.1622009277344 178.87155151367188 431.8745422363281 199.35256958007812 4.228777 1.483297 1.6215667 -15.426634 1.9673631 55.777023 1.7373900413513184 0.4700092077255249
Car 0.0 0 1.3011438846588135 777.42578125 176.2142791748047 835.1109619140625 209.093505859375 4.19755 1.4943539 1.6529503 9.487967 1.669043 35.32592 1.563535213470459 0.1563137322664261
Car 0.0 0 1.867645263671875 374.2615051269531 165.7707977294922 408.4899597167969 186.13450622558594 4.221018 1.7527819 1.758795 -19.428747 1.1434611 64.21594 1.5738476514816284 0.1442900449037552
Car 0.0 0 1.449581503868103 154.93734741210938 179.47691345214844 198.524658203125 210.4021453857422 3.9493845 1.590759 1.6021149 -24.111944 1.977468 40.0393 0.9075407981872559 0.11802594363689423
