Pedestrian 0.0 0 -1.5378094911575317 651.614501953125 171.14012145996094 686.6008911132812 241.14146423339844 0.78792137 1.6097655 0.799001 1.5709735 1.3727367 16.95719 -1.4454296827316284 0.9135527610778809
Pedestrian 0.0 0 -3.6880550384521484 1060.4295654296875 144.98635864257812 1190.90576171875 299.8082275390625 1.1015819 1.8177472 0.67559177 6.350654 1.3903905 8.811 -3.0635287761688232 0.8735101819038391
Pedestrian 0.0 0 1.3699965476989746 747.3580322265625 160.90875244140625 818.8319091796875 333.6798400878906 0.8144078 1.6994716 0.56367064 1.8228824 1.4982942 7.480995 1.6090072393417358 0.8602588176727295
Pedestrian 0.0 0 -2.234825849533081 353.19915771484375 169.513916015625 421.5229187011719 272.87603759765625 0.9610219 1.6964208 0.67514294 -3.7200344 1.5009894 12.339734 -2.5276288986206055 0.8445996642112732
Pedestrian 0.0 0 -1.8742221593856812 0.0 169.7506561279297 92.76752471923828 352.505859375 1.0852541 1.797963 0.5806337 -6.0044017 1.6837413 7.6102552 -2.54221248626709 0.7818907499313354
Pedestrian 0.0 0 1.6227935552597046 399.3722229003906 173.09642028808594 429.3138732910156 247.67344665527344 0.8754536 1.7100562 0.64225584 -4.443405 1.5185716 16.962606 1.366597056388855 0.7586182355880737
Pedestrian 0.0 0 1.873870611190796 1000.1925659179688 146.68014526367188 1055.349853515625 266.2333984375 0.5640628 1.7123381 0.5640953 6.297782 1.2149348 10.684319 2.4064903259277344 0.7558237910270691
Pedestrian 0.0 0 -2.8462774753570557 587.8917236328125 172.4264678955078 608.134765625 205.62542724609375 0.9687378 1.7509925 0.5228108 -0.18478903 1.2732784 38.273285 -2.8511056900024414 0.6742029786109924
Pedestrian 0.0 0 1.2477093935012817 832.0137939453125 158.4353485107422 921.8321533203125 330.32855224609375 0.740796 1.7384176 0.688191 2.860155 1.5065227 7.6443563 1.6057368516921997 0.6367440819740295
Pedestrian 0.0 0 -1.9235845804214478 839.664306640625 161.4374237060547 899.592529296875 280.0157775878906 0.68664116 1.7934968 0.6777344 4.1268425 1.4913553 11.205544 -1.5707132816314697 0.5793980956077576
Pedestrian 0.0 0 1.2808582782745361 272.7674560546875 152.17312622070312 294.4871520996094 199.11683654785156 0.84488153 1.8884349 0.5958795 -13.031249 0.7096827 29.409027 0.8637540340423584 0.4863418936729431
Pedestrian 0.0 0 0.18066824972629547 623.2528686523438 170.65753173828125 650.4429321289062 231.77264404296875 0.6986757 1.7734692 0.6512264 1.0228314 1.4599726 21.238754 0.2287898063659668 0.4787430167198181
Pedestrian 0.0 0 -1.0791707038879395 1147.466064453125 136.46087646484375 1238.0 281.117919921875 1.3833327 1.7403729 0.59302616 7.6936817 1.1998487 9.172253 -0.3812151253223419 0.392461895942688
Pedestrian 0.0 0 1.908989667892456 908.1390380859375 161.98268127441406 946.3890380859375 232.4109344482422 0.870424 1.684043 0.6049546 7.9973817 1.2185532 17.697456 2.3334178924560547 0.36033564805984497
Cyclist 0.0 0 1.7987864017486572 424.93255615234375 173.9016876220703 469.991455078125 259.2582702636719 1.9015858 1.8503774 0.6028674 -3.5487354 1.6868848 16.525225 1.5872524976730347 0.8983086943626404
Cyclist 0.0 0 -0.8748422265052795 882.7032470703125 154.7682342529297 952.3768310546875 215.24273681640625 1.7587888 1.5409441 0.7329849 8.342374 0.86097366 19.020948 -0.4615183174610138 0.42450150847435
Cyclist 0.0 0 -3.1190011501312256 1023.1576538085938 139.2884063720703 1154.737548828125 247.20599365234375 1.83708 1.7423686 0.6212343 8.318819 1.0621396 12.37843 -2.5272867679595947 0.4079829156398773
Cyclist 0.0 0 -1.0791707038879395 1147.466064453125 136.46087646484375 1238.0 281.117919921875 1.3833327 1.7403729 0.59302616 7.6936817 1.1998487 9.172253 -0.3812151253223419 0.39946314692497253
Cyclist 0.0 0 -1.831000566482544 0.0 172.30418395996094 91.11628723144531 354.9005126953125 1.0686601 1.7934405 0.58610857 -5.9976807 1.7044898 7.6077003 -2.4986095428466797 0.12830930948257446
Car 0.0 0 1.602455496788025 532.7760009765625 172.3453826904297 562.3308715820312 199.94154357910156 3.6821692 1.5763637 1.6466824 -3.1771765 1.0542209 42.904774 1.5285385847091675 0.7830146551132202
Car 0.0 0 1.617514729499817 467.316162109375 166.15347290039062 510.4823303222656 208.61009216308594 4.2345963 1.7087725 1.6503109 -4.821474 1.0921121 31.101927 1.4637172222137451 0.4570744037628174
