Pedestrian 0.0 0 1.9623879194259644 370.61431884765625 165.7429962158203 397.3293762207031 212.25086975097656 1.1758517 1.7733881 0.59124833 -8.842485 1.5025967 28.121529 1.657738208770752 0.24946880340576172
Cyclist 0.0 0 -1.2068731784820557 369.6523132324219 162.92796325683594 396.2509765625 210.07696533203125 1.1767209 1.7880057 0.60589886 -8.832846 1.4119439 27.964647 -1.5128140449523926 0.1015034019947052
Car 0.0 0 -1.821580410003662 720.5403442382812 173.3853759765625 931.2215576171875 322.8169860839844 4.307579 1.6353415 1.6721308 2.6441724 1.6447058 10.067743 -1.564742922782898 0.9749106764793396
Car 0.0 0 -1.707114577293396 669.352294921875 180.70472717285156 743.3674926757812 235.72824096679688 4.1838183 1.4252361 1.5908082 2.7028213 1.6811699 21.386288 -1.5814000368118286 0.9522737264633179
Car 0.0 0 -1.7718760967254639 693.78271484375 181.09324645996094 808.523681640625 264.7876281738281 3.895357 1.5233039 1.6246918 2.8250628 1.7228918 15.480478 -1.5913704633712769 0.9391359090805054
Car 0.0 0 -1.4427480697631836 503.8831787109375 178.8065643310547 559.1753540039062 223.99002075195312 3.9440806 1.6381377 1.6928269 -3.0857868 1.8914528 28.670156 -1.5499659776687622 0.9118560552597046
Car 0.0 0 -1.712814211845398 644.4658203125 178.4821319580078 684.5247802734375 210.05084228515625 3.5317683 1.5448984 1.5981609 2.7688463 1.8540778 37.772057 -1.6396410465240479 0.7465482950210571
Car 0.0 0 -2.107767343521118 847.1432495117188 67.02021026611328 1242.0 375.0 4.215494 1.8365172 1.7878436 2.8282905 1.5305594 4.236699 -1.5191400051116943 0.31540367007255554
Car 0.0 0 3.234445333480835 500.3751220703125 174.32119750976562 554.2620239257812 195.71609497070312 3.9604597 1.6077063 1.6624035 -6.32032 1.7221092 55.209347 3.120462417602539 0.29709070920944214
Car 0.0 0 -1.5174365043640137 636.9052124023438 178.7191925048828 664.4016723632812 202.74388122558594 4.0368147 1.5027521 1.6246685 2.7247303 1.9123586 48.24795 -1.461022973060608 0.2816535532474518
