Pedestrian 0.0 0 -1.046626091003418 1052.1466064453125 160.76333618164062 1116.8448486328125 259.54193115234375 1.1211543 1.8350196 0.5571776 9.093222 1.6107678 13.902613 -0.467398077249527 0.21943296492099762
Pedestrian 0.0 0 2.2074246406555176 153.189208984375 156.7459259033203 202.336669921875 226.67637634277344 0.965129 1.8378215 0.7029361 -11.7000885 1.4148479 19.473682 1.6664057970046997 0.1840730607509613
Pedestrian 0.0 0 1.8846352100372314 195.76065063476562 171.58297729492188 238.34722900390625 246.0301055908203 0.96765584 1.7944129 0.66467553 -9.796762 1.7641352 17.925632 1.3844656944274902 0.15003526210784912
Pedestrian 0.0 0 -0.123249351978302 1044.77294921875 154.0365447998047 1073.8355712890625 234.07318115234375 0.504262 1.8343921 0.62265366 10.4822035 1.4034654 16.922691 0.43132519721984863 0.12363383173942566
Pedestrian 0.0 0 2.129094362258911 1009.2603149414062 151.5736846923828 1049.3250732421875 223.86000061035156 0.6216527 1.7093878 0.6012107 10.101709 1.2065203 17.471073 2.653327465057373 0.11548694968223572
Car 0.0 0 -1.0021249055862427 897.6658325195312 185.0773162841797 1085.4412841796875 265.7876892089844 3.9185836 1.447452 1.627066 7.980001 1.7323668 15.1195545 -0.5164905786514282 0.9477671980857849
Car 0.0 0 -0.6319786310195923 630.4012451171875 156.2916259765625 695.5824584960938 179.6679229736328 4.4194207 1.5764351 1.6728047 3.7036638 0.45986983 50.536606 -0.5588226318359375 0.2551192045211792
Car 0.0 0 -0.6639484763145447 630.4407348632812 161.24478149414062 696.7437133789062 185.88888549804688 4.210804 1.5480301 1.6350201 3.4954472 0.81915 47.17163 -0.5899830460548401 0.21638880670070648
Car 0.0 0 -1.7001124620437622 565.017333984375 172.8214874267578 604.0274658203125 203.94371032714844 3.456993 1.536887 1.5830668 -1.4024601 1.5356394 37.464336 -1.7375295162200928 0.13707894086837769
Car 0.0 0 -1.6970655918121338 707.802734375 148.18284606933594 790.7535400390625 222.75718688964844 4.536557 1.9985621 1.8508915 4.0000186 1.3377435 21.651028 -1.514375925064087 0.11864932626485825
Car 0.0 0 -1.6205995082855225 599.255126953125 159.33448791503906 630.468505859375 189.94677734375 3.8570743 1.6729912 1.591463 0.2034601 0.93449485 41.39229 -1.615684151649475 0.1163833737373352
