Pedestrian 0.0 0 3.524845838546753 95.6397705078125 134.38723754882812 157.3901824951172 235.6658172607422 0.7687017 1.7772053 0.5713096 -8.76128 1.1025603 13.017801 2.932455539703369 0.24215982854366302
Pedestrian 0.0 0 1.8826502561569214 311.0390319824219 142.1757049560547 339.7542419433594 194.27658081054688 1.1448042 1.8661559 0.66098356 -10.459628 0.767675 26.434017 1.505866527557373 0.2334548532962799
Cyclist 0.0 0 1.8826502561569214 311.0390319824219 142.1757049560547 339.7542419433594 194.27658081054688 1.1448042 1.8661559 0.66098356 -10.459628 0.767675 26.434017 1.505866527557373 0.12653771042823792
Car 0.0 0 1.4287108182907104 646.2164916992188 180.18093872070312 727.1580200195312 244.86370849609375 4.061367 1.6214668 1.7113861 2.0328069 1.8522129 20.619062 1.5269819498062134 0.9602428078651428
Car 0.0 0 1.8859179019927979 202.93692016601562 187.89785766601562 431.5175476074219 335.109130859375 4.09165 1.556287 1.7163925 -3.8370392 1.8114556 10.134819 1.5239951610565186 0.9520174860954285
Car 0.0 0 1.7173128128051758 466.9649963378906 185.76194763183594 531.1466064453125 231.22373962402344 4.4461317 1.4901925 1.7503847 -4.1176615 2.0159454 27.139545 1.5667393207550049 0.9201102256774902
Car 0.0 0 -1.7212285995483398 630.3674926757812 187.35606384277344 686.9148559570312 231.69798278808594 3.7463388 1.4974179 1.5958475 1.7450224 2.0907586 27.565039 -1.6580073833465576 0.6424773335456848
Car 0.0 0 1.5579854249954224 513.0086669921875 183.5406494140625 541.1593017578125 212.1728515625 3.711056 1.5407518 1.5652542 -4.9111204 2.1951182 42.21376 1.442166805267334 0.5263015031814575
Car 0.0 0 -2.365396499633789 448.7520751953125 182.7099151611328 528.3449096679688 216.3986053466797 3.6468825 1.4808469 1.6267108 -5.8540063 1.9747844 34.422592 -2.5338478088378906 0.31432074308395386
Car 0.0 0 1.4669631719589233 619.6143188476562 184.70603942871094 665.5820922851562 222.24749755859375 4.197004 1.5238599 1.6453402 1.3764088 2.0980392 32.78543 1.5089209079742432 0.26478949189186096
Car 0.0 0 1.4250153303146362 615.77978515625 182.86538696289062 654.8604125976562 210.00997924804688 4.3433685 1.4987652 1.7455443 1.4466919 2.1375895 43.756584 1.4580655097961426 0.21938203275203705
