Pedestrian 0.0 0 -0.5841734409332275 451.1898498535156 173.9041290283203 478.10211181640625 224.21292114257812 0.67676204 1.7217473 0.64531624 -5.1168957 1.7594332 25.177786 -0.7846733331680298 0.30412009358406067
Pedestrian 0.0 0 0.2511674761772156 1141.196533203125 159.66270446777344 1242.0 375.0 0.77100784 1.7978295 0.62360144 4.7482576 1.7021681 5.7444925 0.9419043064117432 0.2677522301673889
Cyclist 0.0 0 1.7304058074951172 562.8114624023438 171.7842559814453 602.0402221679688 247.56671142578125 1.6899446 1.7605119 0.7022588 -0.70165265 1.7360184 17.640282 1.6906511783599854 0.9199984073638916
Car 0.0 0 -1.7137726545333862 718.8582153320312 184.94662475585938 858.57958984375 309.2682800292969 3.3669927 1.5607857 1.569852 2.5373223 1.7770115 11.136045 -1.4897494316101074 0.9712792634963989
Car 0.0 0 -2.610538959503174 23.004709243774414 174.48606872558594 348.88909912109375 266.06658935546875 4.5596905 1.4430186 1.6740874 -7.069202 1.4730277 12.251459 -3.1338818073272705 0.9710119366645813
Car 0.0 0 -1.9216735363006592 778.6751708984375 190.10475158691406 1081.794189453125 375.0 2.868818 1.5761967 1.4326576 2.456191 1.7628679 6.3426037 -1.5522041320800781 0.9522828459739685
Car 0.0 0 -1.4389241933822632 512.1028442382812 179.38198852539062 568.0018310546875 223.04638671875 3.8575022 1.4494457 1.5473093 -2.5382824 1.7071775 26.489119 -1.5344561338424683 0.9017890095710754
Car 0.0 0 1.7440472841262817 449.7630615234375 172.72833251953125 543.0630493164062 246.88026428222656 4.023502 1.6973149 1.6874739 -2.8390741 1.6947966 18.542307 1.592113971710205 0.7998358011245728
Car 0.0 0 1.4168683290481567 636.6396484375 177.512939453125 675.88232421875 203.0733184814453 4.4054136 1.4302167 1.6930081 2.6963737 1.7259384 43.46959 1.4788179397583008 0.6914598941802979
Car 0.0 0 -1.5872210264205933 639.7367553710938 169.124267578125 660.3228759765625 187.7924041748047 4.3278975 1.539954 1.6808456 3.370385 1.2326417 61.712067 -1.5326606035232544 0.2889896333217621
