Pedestrian 0.0 0 -3.252729654312134 685.531005859375 143.54994201660156 717.8417358398438 203.21966552734375 0.9380205 1.8301523 0.55109286 2.9661953 0.69840056 21.967495 -3.1185147762298584 0.8309783935546875
Pedestrian 0.0 0 1.2384142875671387 628.8740844726562 127.20914459228516 678.7265625 239.0918426513672 0.8469744 1.8736311 0.6215124 0.79515594 0.98285127 12.326194 1.3028345108032227 0.7743979692459106
Pedestrian 0.0 0 1.3065303564071655 563.7257690429688 138.55245971679688 605.0220947265625 230.03939819335938 0.85639536 1.856633 0.6636034 -0.4836473 1.006977 14.850372 1.273973822593689 0.6884611248970032
Pedestrian 0.0 0 1.3379465341567993 598.1346435546875 136.37271118164062 632.105224609375 209.82679748535156 0.55047476 1.6473348 0.6676449 0.18773946 0.65931606 16.193613 1.3495393991470337 0.6535061597824097
Pedestrian 0.0 0 0.3688819408416748 985.2229614257812 119.25839233398438 1161.385986328125 370.0 0.6773223 1.6981902 0.5931823 2.6183488 1.3874941 4.0503173 0.9427611827850342 0.6172992587089539
Pedestrian 0.0 0 1.341579794883728 436.748046875 136.1044158935547 478.5290832519531 227.1639862060547 0.81936705 1.7426163 0.6397921 -2.974852 0.8946473 14.032597 1.1326768398284912 0.6166818737983704
Pedestrian 0.0 0 1.213516116142273 584.8115844726562 136.2165985107422 634.9141845703125 243.5692596435547 0.76090425 1.7703723 0.6301467 0.029931823 1.0417379 12.121313 1.2159854173660278 0.5967618823051453
Pedestrian 0.0 0 0.837338924407959 915.0015869140625 128.66615295410156 1063.7276611328125 370.0 0.80553883 1.7754284 0.52554065 2.658019 1.440168 5.0466795 1.3221073150634766 0.5154464244842529
Pedestrian 0.0 0 0.6406464576721191 508.5361328125 144.49742126464844 562.1994018554688 226.3484649658203 0.9894849 1.825981 0.7385008 -1.646511 1.0244274 16.339415 0.5402162075042725 0.5036512017250061
Pedestrian 0.0 0 1.0803048610687256 458.9737243652344 145.45889282226562 508.56854248046875 234.64613342285156 0.8536216 1.8166732 0.7147699 -2.609834 1.1045393 14.953412 0.9075143337249756 0.39725080132484436
Pedestrian 0.0 0 -1.392129898071289 68.10426330566406 147.40765380859375 103.67864227294922 214.32322692871094 0.7769913 1.840897 0.6835147 -14.669574 0.93208003 19.9457 -2.0262703895568848 0.3841079771518707
Pedestrian 0.0 0 2.973785161972046 415.50787353515625 148.7874298095703 444.01995849609375 201.69190979003906 0.9011628 1.8875164 0.70397896 -6.406594 0.7576053 25.723938 2.72969913482666 0.3780597150325775
Pedestrian 0.0 0 0.801367998123169 1042.122314453125 121.2959976196289 1193.628173828125 370.0 0.6565764 1.7085526 0.5307974 3.42723 1.3354343 4.8364267 1.4178614616394043 0.3511508107185364
Pedestrian 0.0 0 1.912619709968567 513.39599609375 133.18173217773438 552.61572265625 199.3304443359375 1.1032263 1.9203285 0.849033 -2.1757352 0.54822475 21.157528 1.8101449012756348 0.34924203157424927
Pedestrian 0.0 0 -2.619748115539551 1007.9800415039062 151.03175354003906 1137.930908203125 370.0 0.6939182 1.7066468 0.54994243 3.7085276 1.4885106 5.7040253 -2.0432605743408203 0.343271940946579
Pedestrian 0.0 0 1.6327186822891235 586.6600952148438 142.1011505126953 607.7359619140625 200.7305450439453 0.7007242 1.7442207 0.59735096 -0.26379973 0.6034208 21.394434 1.6203889846801758 0.31224116683006287
Pedestrian 0.0 0 1.073313593864441 531.5690307617188 149.31005859375 564.6143798828125 225.16334533691406 0.6606444 1.6176867 0.46033898 -1.2899013 0.95413315 15.47637 0.990159273147583 0.2977208197116852
Pedestrian 0.0 0 0.6499707698822021 252.98416137695312 135.8680877685547 329.09893798828125 249.3717041015625 1.0048188 1.8159477 0.58192575 -5.2357106 1.1035349 11.704686 0.22934985160827637 0.27851954102516174
Pedestrian 0.0 0 -1.0943622589111328 239.27528381347656 161.2643585205078 267.4027099609375 208.16590881347656 0.80787534 1.6606997 0.6043026 -12.674162 0.9811263 25.438557 -1.556589961051941 0.2618553936481476
Cyclist 0.0 0 0.7147634625434875 238.48402404785156 134.56622314453125 352.35418701171875 249.2931671142578 1.7799278 1.8081024 0.5741973 -5.1581144 1.0858399 11.674454 0.2987251281738281 0.3075827658176422
Cyclist 0.0 0 3.3390822410583496 414.0694274902344 152.10801696777344 443.75177001953125 203.2916259765625 0.93143326 1.8362694 0.69484997 -6.4286056 0.81919795 25.730291 3.0942487716674805 0.10219180583953857
Car 0.0 0 1.9052355289459229 0.0 80.72203826904297 287.5221862792969 370.0 4.0388813 1.6672289 1.6154985 -3.128789 1.3706284 4.2765822 1.2736084461212158 0.3100265562534332
