Pedestrian 0.0 0 -1.4387977123260498 788.689208984375 161.24461364746094 806.0300903320312 196.0322265625 0.9610797 1.8237426 0.7723338 10.237742 0.8156917 37.65468 -1.1733298301696777 0.30907437205314636
Pedestrian 0.0 0 2.885310411453247 509.0613098144531 165.29066467285156 521.6589965820312 187.3534698486328 0.9792126 1.8858646 0.5063055 -7.6969476 0.58701086 60.849014 2.759486198425293 0.2840821444988251
Pedestrian 0.0 0 1.4261574745178223 276.8368835449219 180.11929321289062 322.1969909667969 271.8812561035156 1.0580435 1.7925581 0.7021232 -6.291932 1.7867523 14.441752 1.0152785778045654 0.24310347437858582
Pedestrian 0.0 0 -0.08505640923976898 768.8678588867188 158.61630249023438 801.7599487304688 191.2249755859375 1.7852098 1.8511133 0.57205856 10.327435 0.61021554 40.56057 0.16426348686218262 0.1402122974395752
Cyclist 0.0 0 -1.9270179271697998 985.5115966796875 149.94602966308594 1030.087158203125 216.51803588867188 1.7247264 1.6433486 0.42399105 10.382888 0.89071226 18.333784 -1.4117273092269897 0.774071991443634
Cyclist 0.0 0 1.0967786312103271 876.3082885742188 157.4019012451172 908.9871826171875 194.9579620361328 2.0214448 1.7237465 0.56976 13.582634 0.66504776 33.479103 1.4821932315826416 0.5571980476379395
Cyclist 0.0 0 -0.07649222016334534 769.2583618164062 158.1894989013672 801.6405029296875 190.8105926513672 1.7594833 1.8509611 0.57646674 10.3322935 0.58642054 40.549236 0.17300701141357422 0.2221992462873459
Car 0.0 0 0.09424693882465363 642.742919921875 168.7744903564453 772.3056640625 213.52232360839844 4.336335 1.4774582 1.6739523 3.5764463 1.0918539 24.664986 0.23824429512023926 0.9460301399230957
Car 0.0 0 -0.8192530870437622 0.0 198.8290252685547 287.302490234375 370.0 3.6153352 1.4822989 1.544966 -3.2151763 1.6214434 3.4841082 -1.5645294189453125 0.8867168426513672
Car 0.0 0 1.8594560623168945 324.19842529296875 180.12539672851562 374.5852966308594 205.93600463867188 4.3142643 1.4657676 1.6798276 -15.238617 1.4458796 42.349182 1.51404869556427 0.801923930644989
Car 0.0 0 1.6348048448562622 448.1412048339844 172.04469299316406 476.7015075683594 195.05813598632812 4.0584755 1.5235848 1.6833581 -9.821498 0.9651315 48.92807 1.436704158782959 0.6094217300415039
Car 0.0 0 -1.1449694633483887 407.5115661621094 171.6829833984375 446.54998779296875 191.27488708496094 4.1580925 1.6046758 1.6492884 -15.05863 0.8837369 60.099186 -1.3904778957366943 0.2011764645576477
