Pedestrian 0.0 0 1.6195532083511353 833.093017578125 115.76763916015625 871.6723022460938 234.23297119140625 0.61008 1.6433386 0.4997874 3.439837 0.85180056 10.380954 1.9395270347595215 0.5295918583869934
Car 0.0 0 -2.1113436222076416 812.5797119140625 189.54937744140625 1242.0 375.0 4.054525 1.4163731 1.6088765 3.2182214 1.611263 6.3259864 -1.6407361030578613 0.9741544723510742
Car 0.0 0 -1.819757103919983 708.2894287109375 173.00079345703125 830.498779296875 253.56024169921875 3.6126988 1.4584457 1.5825638 3.0929525 1.4622113 14.906326 -1.6151676177978516 0.9721899628639221
Car 0.0 0 1.8613698482513428 365.4644775390625 181.3301239013672 457.5228576660156 239.2540283203125 3.7336366 1.4959147 1.5813366 -5.7264967 1.7659713 21.06948 1.595989465713501 0.9472827911376953
Car 0.0 0 2.3678107261657715 0.0 208.44171142578125 214.3712615966797 375.0 3.871614 1.5059198 1.6029406 -5.5669813 1.922306 6.436033 1.6546893119812012 0.8963677883148193
Car 0.0 0 1.7804608345031738 423.9379577636719 181.63494873046875 484.8699035644531 224.50570678710938 3.5022087 1.4131478 1.469263 -5.6314073 1.7543379 26.25142 1.5691452026367188 0.8944197297096252
Car 0.0 0 -1.8124072551727295 687.33984375 172.06167602539062 769.3153686523438 230.86192321777344 3.3190978 1.5094334 1.4977144 3.1814237 1.489452 20.23705 -1.6564756631851196 0.8773286938667297
Car 0.0 0 0.4987257421016693 56.97578048706055 178.7977294921875 215.73316955566406 227.77261352539062 3.91864 1.4590138 1.5102724 -14.798905 1.6532596 22.623915 -0.08054498583078384 0.6025928258895874
Car 0.0 0 -1.7380461692810059 677.4284057617188 175.48167419433594 740.0289916992188 219.24398803710938 3.8449047 1.4207237 1.5636573 3.3776278 1.5214391 25.605158 -1.606891393661499 0.5621293783187866
Car 0.0 0 1.8765358924865723 380.9010314941406 173.37367248535156 419.0993347167969 196.58401489257812 3.3560789 1.48046 1.4895748 -13.896707 1.5164591 47.790592 1.5935560464859009 0.3688754439353943
