Pedestrian 0.0 0 0.7181379795074463 329.4130859375 158.42897033691406 434.53509521484375 332.6405944824219 0.93002075 1.7431588 0.55743563 -2.3750138 1.513678 7.6279845 0.41629624366760254 0.888468325138092
Pedestrian 0.0 0 -2.7282748222351074 413.27337646484375 161.6704559326172 462.70416259765625 263.0 0.6805498 1.74602 0.5771936 -2.928938 1.4056141 12.721928 -2.954559326171875 0.8458195328712463
Pedestrian 0.0 0 0.6189433336257935 466.27618408203125 146.88217163085938 591.091552734375 369.0452880859375 0.85817426 1.722247 0.5943332 -0.6581256 1.4552786 6.034935 0.5103199481964111 0.8437598347663879
Pedestrian 0.0 0 -1.6754175424575806 246.00762939453125 171.72845458984375 310.86175537109375 313.76214599609375 0.9321864 1.734236 0.6706134 -4.2575574 1.6162655 9.340058 -2.103116035461426 0.7771788835525513
Pedestrian 0.0 0 0.22560685873031616 426.2972412109375 166.40289306640625 500.1624450683594 297.0071716308594 0.9144931 1.7556344 0.50118 -1.9420366 1.5540185 9.9187355 0.032258033752441406 0.7427681684494019
Pedestrian 0.0 0 0.5365887880325317 359.88995361328125 165.30215454101562 445.25628662109375 317.22064208984375 0.92544043 1.8249032 0.45310453 -2.523422 1.6316713 8.965056 0.26221466064453125 0.6615976095199585
Pedestrian 0.0 0 0.36388924717903137 485.74755859375 177.7731475830078 589.152587890625 350.6088562011719 0.9294915 1.6631651 0.49269095 -0.6888746 1.6286743 7.270948 0.2694277763366699 0.5871706604957581
Pedestrian 0.0 0 -0.7907208800315857 354.9182434082031 157.14590454101562 414.3276672363281 273.0591735839844 0.6369967 1.7379354 0.6173855 -3.416933 1.374091 11.193208 -1.0870040655136108 0.4564342200756073
Pedestrian 0.0 0 1.88009512424469 184.1524658203125 152.47039794921875 211.77972412109375 204.09239196777344 0.7302478 1.9452704 0.73608994 -15.457849 0.8523783 27.498163 1.3679783344268799 0.4243442714214325
Pedestrian 0.0 0 3.4323108196258545 339.5350341796875 174.21527099609375 379.80792236328125 264.08648681640625 0.6097099 1.5774746 0.33569676 -4.339917 1.4508839 12.784912 3.105059862136841 0.403610497713089
Pedestrian 0.0 0 0.4568023681640625 663.0980224609375 168.5557403564453 689.6460571289062 216.2117462158203 0.7598571 1.7483908 0.6924972 2.781944 1.2745371 26.84664 0.5600574016571045 0.3231129050254822
Pedestrian 0.0 0 1.5224701166152954 647.9219360351562 162.2630615234375 668.168701171875 214.11131286621094 0.9320013 1.813652 0.67277735 1.9885198 1.1418066 25.600374 1.599989891052246 0.31469014286994934
Pedestrian 0.0 0 1.5457136631011963 348.3814697265625 164.24285888671875 376.57232666015625 238.072509765625 0.571762 1.8173515 0.65703624 -6.045281 1.3937483 18.060333 1.2227094173431396 0.27314242720603943
Pedestrian 0.0 0 2.4932870864868164 573.14404296875 168.67344665527344 596.252685546875 219.14544677734375 0.5655326 1.8745534 0.69758713 -0.65389127 1.3992057 27.125677 2.4691858291625977 0.25275111198425293
Cyclist 0.0 0 1.614715576171875 492.68194580078125 165.56906127929688 510.381103515625 212.33544921875 1.7490892 1.7569203 0.6074289 -3.8863358 1.1594578 27.883131 1.4762282371520996 0.8974096179008484
Cyclist 0.0 0 0.704034686088562 705.1211547851562 166.5844268798828 764.2434692382812 224.1029815673828 1.6586822 1.574583 0.6053093 3.753843 1.1674216 20.49553 0.885181188583374 0.3096023499965668
Cyclist 0.0 0 1.5224701166152954 647.9219360351562 162.2630615234375 668.168701171875 214.11131286621094 0.9320013 1.813652 0.67277735 1.9885198 1.1418066 25.600374 1.599989891052246 0.1707603931427002
Car 0.0 0 1.862169623374939 344.0464172363281 177.48355102539062 469.1158142089844 250.37103271484375 4.232843 1.4604056 1.6069062 -4.3394704 1.3811753 16.533278 1.6054904460906982 0.6082918643951416
