Car 0.0 0 -1.6982777118682861 666.463134765625 180.8276824951172 733.3944702148438 233.3105010986328 3.8600237 1.4698427 1.5913006 2.6982598 1.742838 22.730793 -1.5801255702972412 0.9723520874977112
Car 0.0 0 2.086927890777588 0.0 211.18373107910156 363.22576904296875 375.0 3.5664797 1.3449626 1.5493033 -3.786514 1.8028506 6.8196764 1.5800753831863403 0.9661574363708496
Car 0.0 0 -3.61574387550354 865.7364501953125 166.9423370361328 1115.999267578125 241.49142456054688 4.5299087 1.5281466 1.6906523 8.057888 1.4073241 15.63683 -3.1399197578430176 0.9428262710571289
Car 0.0 0 1.9526667594909668 247.5242919921875 197.29705810546875 388.4104919433594 278.2679443359375 3.756141 1.4539987 1.587474 -6.332432 2.059245 15.9714775 1.5751953125 0.9215735793113708
Car 0.0 0 -1.3304047584533691 406.027587890625 184.25877380371094 476.0635986328125 229.68865966796875 4.0914264 1.5190897 1.6406599 -6.316981 1.9820995 27.21186 -1.5585054159164429 0.8418776392936707
Car 0.0 0 -3.4371185302734375 770.8876953125 163.38577270507812 917.4378662109375 213.62863159179688 4.5150533 1.6749079 1.7000048 7.957771 1.359631 24.93089 -3.128147602081299 0.8157185316085815
Car 0.0 0 1.7523661851882935 469.09674072265625 183.89097595214844 512.3829956054688 215.45799255371094 3.8859732 1.5301514 1.5918937 -6.309249 2.1463182 38.298283 1.5890929698944092 0.7023397088050842
Car 0.0 0 -1.4183772802352905 379.2260437011719 198.13233947753906 443.4560241699219 246.7732391357422 3.2949126 1.3368293 1.5193744 -6.3966336 2.2154784 23.343172 -1.6858376264572144 0.6880266666412354
Car 0.0 0 -0.768226146697998 1125.6243896484375 149.63211059570312 1242.0 188.53492736816406 4.059992 1.4614823 1.601538 22.56276 0.58945143 28.086454 -0.09145651012659073 0.6127038598060608
Car 0.0 0 -0.5926000475883484 1063.8175048828125 147.71910095214844 1195.1466064453125 187.6561737060547 4.4151893 1.6774845 1.7032471 22.35455 0.6220964 31.219023 0.028820276260375977 0.5772362947463989
Car 0.0 0 2.707585334777832 831.3579711914062 153.65553283691406 1021.5552978515625 227.7215118408203 4.1829157 1.8275446 1.7248205 8.057372 1.354189 18.72061 3.1140217781066895 0.5229135155677795
Car 0.0 0 -0.8047641515731812 1172.0767822265625 133.35092163085938 1242.0 179.98370361328125 4.152882 1.5372092 1.6192265 21.876438 0.23538297 24.757195 -0.08106185495853424 0.5115973353385925
