Pedestrian 0.0 0 -2.8875210285186768 432.6059265136719 167.7931671142578 456.1719055175781 205.91421508789062 0.9854653 1.8072898 0.5825661 -7.695892 1.2063154 33.82178 -3.1112542152404785 0.46786823868751526
Pedestrian 0.0 0 -1.9916125535964966 1100.0579833984375 128.35084533691406 1141.3209228515625 185.7286376953125 1.068727 1.8670565 0.738864 17.170118 0.17168307 23.601372 -1.3626643419265747 0.4589084982872009
Pedestrian 0.0 0 -3.2860984802246094 1155.631103515625 112.90416717529297 1219.42431640625 212.06329345703125 0.8266287 1.7579674 0.59106773 10.647105 0.5612207 12.996478 -2.5997414588928223 0.4102470576763153
Pedestrian 0.0 0 -3.0861268043518066 807.9309692382812 154.19677734375 831.3853759765625 192.39602661132812 1.0815512 1.870012 0.61940217 10.639899 0.58379674 35.08435 -2.7916760444641113 0.3997214138507843
Pedestrian 0.0 0 0.22504721581935883 330.8869934082031 181.08775329589844 346.7264709472656 210.9396209716797 0.7440916 1.6405342 0.42898425 -14.738294 1.6746714 39.12439 -0.13521607220172882 0.29929447174072266
Cyclist 0.0 0 -1.0459740161895752 346.33551025390625 176.53175354003906 378.37689208984375 219.17005920410156 1.737785 1.7141415 0.448636 -10.066212 1.5561044 29.3156 -1.376733660697937 0.9471727609634399
Cyclist 0.0 0 -3.116440534591675 711.14501953125 157.85952758789062 753.5213623046875 192.456787109375 1.9684085 1.6231269 0.90536845 6.077784 0.56240183 33.807995 -2.9385669231414795 0.8993290066719055
Cyclist 0.0 0 -0.14934971928596497 652.7460327148438 163.1412353515625 688.6473388671875 197.7276153564453 1.8313911 1.8185002 0.5701732 3.467918 0.90721494 37.507545 -0.057152628898620605 0.7428769469261169
Cyclist 0.0 0 -0.37006333470344543 570.0887451171875 167.2691650390625 599.7471923828125 195.76950073242188 1.7793963 1.7587723 0.54123545 -1.2571539 0.94364214 44.222065 -0.39848387241363525 0.5675921440124512
Cyclist 0.0 0 -3.0305609703063965 808.2631225585938 154.83848571777344 833.6368408203125 192.69107055664062 1.145003 1.8507446 0.5954849 10.6972275 0.59750116 35.065216 -2.7344624996185303 0.21064278483390808
Car 0.0 0 -1.4280966520309448 489.8279113769531 173.02627563476562 542.2957153320312 210.8758087158203 3.6249988 1.4698638 1.6572405 -3.639557 1.1811295 29.280798 -1.5517607927322388 0.9712468981742859
Car 0.0 0 -0.5352961421012878 936.0213012695312 147.27774047851562 1017.702880859375 171.966552734375 4.4649205 1.5445448 1.6549958 24.060041 -0.5631361 45.822006 -0.051789455115795135 0.6623470187187195
Car 0.0 0 2.1439788341522217 1114.7587890625 127.61353302001953 1224.0 202.76780700683594 4.056322 1.5099165 1.593972 13.475011 0.44900763 15.531907 2.8585848808288574 0.5239315032958984
