Pedestrian 0.0 0 1.3360295295715332 940.4367065429688 144.96165466308594 974.2003784179688 209.80516052246094 0.88520193 1.8628598 0.70676136 10.163249 1.0619111 21.23295 1.7824554443359375 0.6894789934158325
Car 0.0 0 -1.997994303703308 770.3501586914062 173.08570861816406 1229.104248046875 375.0 4.0076776 1.5592668 1.6215276 2.5931547 1.5622241 6.069995 -1.5942543745040894 0.9561259150505066
Car 0.0 0 3.687929391860962 0.0 192.97140502929688 307.9945068359375 314.00396728515625 3.9558904 1.3843229 1.5606682 -6.2950788 1.6710776 9.403497 3.0980091094970703 0.9558060765266418
Car 0.0 0 3.5478515625 155.36688232421875 187.28541564941406 402.13397216796875 269.5776672363281 4.1023803 1.4884892 1.6491543 -6.430138 1.7904352 14.213407 3.1230039596557617 0.9491888284683228
Car 0.0 0 -1.6614289283752441 649.6238403320312 177.74200439453125 685.465087890625 205.82794189453125 3.9697516 1.4450169 1.6082624 3.0906062 1.7286009 39.81004 -1.5839505195617676 0.8869677782058716
Car 0.0 0 0.5344760417938232 339.40692138671875 180.74142456054688 476.9504699707031 234.63368225097656 3.7300258 1.5048298 1.5267447 -6.0981045 1.7559634 21.719727 0.2607595920562744 0.7656464576721191
Car 0.0 0 2.256216526031494 0.0 225.0966796875 321.7008361816406 375.0 3.3292854 1.454424 1.502088 -2.5297024 1.7813162 2.8084757 1.5229934453964233 0.7341040372848511
Car 0.0 0 -2.6401476860046387 219.63046264648438 184.76242065429688 400.9410400390625 252.3369140625 3.5741153 1.4421232 1.5437055 -6.914006 1.7339485 16.696005 -3.032759666442871 0.6919395923614502
Car 0.0 0 0.37035101652145386 374.7270812988281 183.39768981933594 500.6035461425781 229.58151245117188 3.8366907 1.4605294 1.5032749 -5.802086 1.8303788 24.27832 0.13576865196228027 0.6544651985168457
Car 0.0 0 0.1658903807401657 448.5785827636719 184.72935485839844 539.21728515625 216.42481994628906 4.0256767 1.4359145 1.5405692 -5.471872 2.009721 34.05604 0.006579399108886719 0.4659739136695862
