Pedestrian 0.0 0 -0.8810123801231384 1104.7376708984375 89.90361022949219 1242.0 287.82232666015625 1.0880293 1.8517544 0.55019224 5.5326295 1.0760171 7.1359525 -0.22150392830371857 0.16936704516410828
Pedestrian 0.0 0 -2.2347660064697266 999.4617919921875 189.905517578125 1050.4990234375 264.92425537109375 1.1898685 1.7649539 0.45792848 10.214746 2.2025466 17.877153 -1.715652346611023 0.15101604163646698
Pedestrian 0.0 0 1.9517958164215088 199.95823669433594 182.7357177734375 216.8225555419922 214.4342498779297 0.7209603 1.7730982 0.61402524 -22.853104 2.3404527 41.00127 1.443307638168335 0.13736873865127563
Cyclist 0.0 0 1.6877816915512085 0.0 158.205322265625 20.27631187438965 207.66273498535156 1.6688472 1.759218 0.57143897 -22.198395 1.238517 26.51715 0.99080491065979 0.344209760427475
Cyclist 0.0 0 -1.7814767360687256 1049.0587158203125 188.7111358642578 1079.8394775390625 240.86819458007812 1.5898405 1.7246003 0.5875599 15.8223915 2.2978568 25.218042 -1.2211365699768066 0.1757587045431137
Car 0.0 0 -1.5743720531463623 568.5977783203125 187.9331512451172 605.0850830078125 220.62286376953125 3.655393 1.3287145 1.570364 -1.1052372 2.0553205 32.892597 -1.607960820198059 0.9452779293060303
Car 0.0 0 -1.5501500368118286 520.7977905273438 185.7179718017578 549.3384399414062 213.50473022460938 3.905898 1.558667 1.6666571 -4.5991554 2.385731 44.35199 -1.653477430343628 0.7496377229690552
Car 0.0 0 1.621809720993042 906.3707885742188 199.9985809326172 945.3228759765625 231.5397491455078 4.116362 1.509615 1.8034992 17.793968 3.1233273 40.638138 2.0345253944396973 0.24593740701675415
Car 0.0 0 0.4746148884296417 117.58340454101562 173.40367126464844 204.24301147460938 201.72775268554688 3.8414958 1.5559675 1.589571 -25.261948 1.5879948 40.620327 -0.08175507932901382 0.21455438435077667
Car 0.0 0 -3.220836639404297 914.6484985351562 155.89590454101562 1016.8768920898438 188.5346221923828 4.4078164 1.5416446 1.6655883 17.434261 0.74101067 35.661064 -2.766118288040161 0.16394484043121338
