Cyclist 0.0 0 2.6760072708129883 821.1456298828125 161.73263549804688 858.1036376953125 196.4463653564453 1.7778404 1.8098053 0.5987644 12.069638 1.2303494 38.0506 2.983167886734009 0.517024576663971
Car 0.0 0 -0.39008572697639465 695.5221557617188 166.2756805419922 887.5269775390625 239.35325622558594 3.6642845 1.4653031 1.6393557 3.791475 1.3337569 15.550906 -0.15094086527824402 0.9725428223609924
Car 0.0 0 3.830900192260742 0.0 202.83592224121094 161.05471801757812 360.121826171875 4.108963 1.4393376 1.583607 -7.5467043 1.8070877 7.8986807 3.068286657333374 0.9083297848701477
Car 0.0 0 0.3627248704433441 118.30249786376953 172.27099609375 332.5196838378906 248.83090209960938 3.8942802 1.5988092 1.6428238 -8.486024 1.5869921 16.117313 -0.12190983444452286 0.8993885517120361
Car 0.0 0 3.682497501373291 0.0 186.91746520996094 222.7589569091797 304.0553283691406 3.868535 1.457672 1.5608014 -7.905756 1.6767818 10.218597 3.0240230560302734 0.873708963394165
Car 0.0 0 3.480196714401245 190.53550720214844 181.75193786621094 363.0321960449219 242.1136016845703 3.748663 1.4589089 1.5484371 -8.552691 1.7009774 18.655882 3.050342321395874 0.8713580965995789
Car 0.0 0 -0.1923019140958786 640.4219360351562 169.37075805664062 746.1021728515625 211.7333984375 3.5750017 1.4841897 1.5711817 2.9335053 1.3625112 26.203909 -0.08081695437431335 0.8617414832115173
Car 0.0 0 -0.12739020586013794 625.6243286132812 166.75965881347656 721.1734008789062 207.58998107910156 3.5712235 1.5600747 1.6357085 2.4094262 1.3275756 28.460035 -0.04293162375688553 0.6566681265830994
Car 0.0 0 3.3461642265319824 297.15618896484375 172.9840545654297 421.0189514160156 216.73263549804688 4.0621166 1.545387 1.616996 -9.187319 1.5507231 26.553522 3.013063907623291 0.6436170935630798
Car 0.0 0 -1.8643662929534912 443.1223449707031 168.13339233398438 473.9963073730469 187.25003051757812 3.80137 1.6445513 1.652688 -13.509056 1.2388073 64.13306 -2.071972370147705 0.5046923756599426
