Pedestrian 0.0 0 1.941960334777832 184.43548583984375 161.4958038330078 285.78265380859375 344.7753601074219 0.7822704 1.7269857 0.66789556 -3.687083 1.539867 7.1893425 1.4680825471878052 0.8737137913703918
Pedestrian 0.0 0 -1.8852485418319702 828.920166015625 163.26287841796875 872.1461181640625 256.5273132324219 0.67162603 1.6489755 0.55854756 4.4711776 1.3278053 13.03823 -1.5548875331878662 0.7879127860069275
Pedestrian 0.0 0 2.596447467803955 856.5944213867188 166.48329162597656 910.6151123046875 247.213134765625 0.90175813 1.7005135 0.6048717 6.045793 1.3854302 15.50424 2.9682552814483643 0.7744098901748657
Pedestrian 0.0 0 -1.8407161235809326 776.1846923828125 160.2005615234375 804.045166015625 228.670166015625 0.57337934 1.6620615 0.52966046 4.617008 1.146223 17.725224 -1.5859016180038452 0.6376392245292664
Pedestrian 0.0 0 0.49603861570358276 411.9793395996094 169.93338012695312 442.7904357910156 233.82493591308594 0.5616042 1.7164825 0.6904674 -4.7996 1.4069005 19.701138 0.25707316398620605 0.5918600559234619
Pedestrian 0.0 0 1.5887852907180786 710.6315307617188 172.51316833496094 740.1333618164062 251.8387908935547 1.092535 1.9402621 0.7136896 3.1095233 1.7216402 18.170677 1.7582721710205078 0.5389794111251831
Pedestrian 0.0 0 0.34100210666656494 443.1248474121094 175.52720642089844 462.11944580078125 218.21133422851562 0.6619746 1.8421053 0.562122 -6.5003457 1.5853021 31.321781 0.13637256622314453 0.4792287051677704
Pedestrian 0.0 0 -1.6742967367172241 716.8178100585938 152.95046997070312 796.2701416015625 343.1832275390625 0.79961485 1.7459904 0.67199683 1.443328 1.4853352 7.02152 -1.4715629816055298 0.4372086226940155
Pedestrian 0.0 0 -0.3622204065322876 562.0848999023438 172.09616088867188 579.3551025390625 202.85105895996094 0.90439874 1.8245226 0.5301139 -1.838084 1.2674088 43.03411 -0.4049067199230194 0.3819451630115509
Pedestrian 0.0 0 0.18015938997268677 612.7272338867188 172.27969360351562 624.8276977539062 194.7784881591797 0.8848872 1.8005415 0.58163774 1.423057 1.0631676 57.859245 0.20474958419799805 0.3532489538192749
Pedestrian 0.0 0 -0.012914001941680908 643.1260375976562 173.7636260986328 661.707275390625 210.74331665039062 0.87893957 1.7543865 0.55333436 2.426455 1.3882694 34.378048 0.057550668716430664 0.3286608159542084
Pedestrian 0.0 0 0.10930672287940979 905.6217651367188 122.8931884765625 970.6470336914062 261.7174377441406 0.74952215 1.8142687 0.56952554 4.562177 1.0496771 9.82281 0.5441098213195801 0.28142049908638
Pedestrian 0.0 0 -0.6101946830749512 797.8577270507812 164.29977416992188 839.5118408203125 221.23611450195312 1.2062109 1.8302903 0.55545145 7.0928364 1.2784649 23.541315 -0.31755197048187256 0.2776082456111908
Cyclist 0.0 0 1.9107462167739868 217.3070831298828 147.52099609375 375.6919860839844 374.0 1.9253126 1.751192 0.5928052 -2.4762526 1.5165771 5.96412 1.5172126293182373 0.8964546918869019
Cyclist 0.0 0 -1.2775378227233887 0.0 136.31216430664062 71.973388671875 283.31829833984375 1.8225919 1.775622 0.5469568 -7.747508 1.2311603 9.621158 -1.9554762840270996 0.3219914734363556
Car 0.0 0 1.7046455144882202 518.4834594726562 169.23793029785156 563.3589477539062 205.00413513183594 4.3274345 1.7816895 1.8032541 -3.1388288 1.1717376 37.98836 1.622206687927246 0.5388352870941162
Car 0.0 0 0.6016738414764404 331.44775390625 191.26910400390625 424.03533935546875 225.15081787109375 3.884405 1.4625981 1.5323691 -10.298421 1.9309472 33.06366 0.2997252941131592 0.38782110810279846
Car 0.0 0 -1.5981488227844238 545.515869140625 178.14263916015625 567.0474243164062 197.82192993164062 3.773286 1.5202137 1.6103386 -3.613944 1.2614061 57.439877 -1.6609829664230347 0.3289417028427124
Car 0.0 0 3.5677661895751953 140.18408203125 187.80853271484375 355.0703125 267.81158447265625 3.5222971 1.4889485 1.5401454 -6.967279 1.6230712 14.312139 3.1147267818450928 0.32740581035614014
Car 0.0 0 -0.8996322154998779 1007.0665893554688 182.90936279296875 1238.0 366.0948791503906 4.011271 1.4987006 1.5628858 6.2580276 1.5159712 7.0011535 -0.17022162675857544 0.2678866982460022
