Pedestrian 0.0 0 0.236331969499588 717.834228515625 190.32594299316406 742.5020141601562 237.1631317138672 0.78217876 1.7357562 0.7305402 4.5556245 2.4161112 27.590328 0.39997220039367676 0.46627065539360046
Pedestrian 0.0 0 -3.1523900032043457 856.927001953125 198.2483367919922 878.177734375 239.2236328125 0.8814667 1.7623689 0.7298319 11.420555 2.9106195 32.124447 -2.8108150959014893 0.3633168339729309
Pedestrian 0.0 0 1.654505968093872 414.9974365234375 171.12806701660156 438.3628845214844 231.4712371826172 0.80946493 1.7968509 0.62481797 -5.6124816 1.7458153 21.93361 1.403996229171753 0.1997462511062622
Pedestrian 0.0 0 -3.382406234741211 843.785400390625 182.67222595214844 949.254638671875 352.60455322265625 0.97901493 1.8122019 0.6157067 3.1367698 1.9278593 8.102515 -3.0130391120910645 0.15163147449493408
Pedestrian 0.0 0 1.8243156671524048 435.1930236816406 201.06475830078125 462.4389343261719 254.64830017089844 1.5884581 1.7016772 0.52617216 -5.516793 2.693712 24.558693 1.6033467054367065 0.12265820056200027
Cyclist 0.0 0 0.3330380916595459 1118.8768310546875 204.39712524414062 1242.0 301.86749267578125 1.8714284 1.752324 0.5623961 11.379156 2.4284039 14.515406 0.9979071617126465 0.5176728963851929
Cyclist 0.0 0 1.8243156671524048 435.1930236816406 201.06475830078125 462.4389343261719 254.64830017089844 1.5884581 1.7016772 0.52617216 -5.516793 2.693712 24.558693 1.6033467054367065 0.186618834733963
Cyclist 0.0 0 -2.4163081645965576 877.3189697265625 179.99725341796875 918.5780639648438 224.3072052001953 1.6798261 1.7897726 0.52748466 12.029892 2.0986342 30.290417 -2.038259506225586 0.16781367361545563
Cyclist 0.0 0 -3.4401087760925293 855.608154296875 196.0952606201172 880.4010620117188 237.29086303710938 0.85196656 1.7866132 0.7638847 11.44685 2.8352437 32.1413 -3.097973346710205 0.10624253749847412
Car 0.0 0 1.6265422105789185 537.135986328125 200.20750427246094 577.7630615234375 237.6339874267578 3.8392076 1.4815453 1.6606095 -2.411891 2.8183875 33.318317 1.5542789697647095 0.9352113008499146
Car 0.0 0 -1.5628201961517334 666.9790649414062 196.11814880371094 691.9148559570312 219.8055877685547 3.8455992 1.5153364 1.7261298 4.997877 3.2598107 52.08931 -1.4671647548675537 0.2758679986000061
Car 0.0 0 1.8256244659423828 568.162353515625 201.88101196289062 614.2767333984375 231.5426483154297 3.7770092 1.512646 1.8461239 -1.0970539 3.3194551 42.852192 1.8000291585922241 0.22141218185424805
Car 0.0 0 -1.3795499801635742 1138.7447509765625 184.91177368164062 1242.0 267.3704528808594 4.438577 1.5660106 1.7371142 13.692524 1.874847 16.38185 -0.6833370923995972 0.20447416603565216
Car 0.0 0 1.2053613662719727 863.0266723632812 213.92063903808594 1128.5771484375 375.0 3.8132224 1.4248849 1.6211957 4.498871 2.060731 9.1911335 1.6605571508407593 0.1708759218454361
Car 0.0 0 1.4645740985870361 814.0502319335938 189.10411071777344 916.7321166992188 270.05474853515625 4.3536134 1.4927213 1.7176087 5.642297 1.9178088 16.54346 1.7932615280151367 0.1525602489709854
