Pedestrian 0.0 0 -1.5698047876358032 937.0474853515625 148.12026977539062 990.0194091796875 291.5567932128906 0.95349437 1.6716285 0.5591692 4.4439163 1.2839638 8.920388 -1.1076180934906006 0.7743940353393555
Pedestrian 0.0 0 -1.6793614625930786 775.8333740234375 153.35162353515625 808.1666259765625 231.29994201660156 0.6740978 1.8217632 0.67555845 4.5120683 1.1651002 17.169191 -1.4223722219467163 0.5660503506660461
Pedestrian 0.0 0 3.1369638442993164 576.6460571289062 158.38450622558594 594.05810546875 192.4396514892578 0.93629044 1.8309952 0.47002348 -0.874729 0.58901024 38.866714 3.114461660385132 0.5045502781867981
Pedestrian 0.0 0 1.9296706914901733 594.4493408203125 158.39303588867188 609.056640625 192.59518432617188 0.8581015 1.8341227 0.5264333 0.017454889 0.5958253 39.012997 1.9301180839538574 0.39637312293052673
Pedestrian 0.0 0 0.3117147386074066 373.47705078125 152.81288146972656 425.357666015625 225.85494995117188 1.1608095 1.8865277 0.69040364 -5.341209 1.1467725 18.91668 0.036524057388305664 0.38099101185798645
Pedestrian 0.0 0 -1.1128413677215576 825.062744140625 161.02593994140625 951.5643310546875 374.0 0.65953624 1.7009981 0.69299626 2.1697237 1.5572886 5.5669193 -0.7411997318267822 0.35394784808158875
Pedestrian 0.0 0 -0.6237499117851257 729.2467651367188 149.95895385742188 746.1466064453125 188.12351989746094 0.5269248 1.8694253 0.6756493 6.74353 0.3253336 35.601326 -0.4365497827529907 0.27485284209251404
Pedestrian 0.0 0 1.695274829864502 521.3826293945312 143.12855529785156 547.2263793945312 200.9015655517578 0.9845849 1.8905752 0.7456012 -2.2600026 0.6359911 24.007786 1.6014151573181152 0.2096569538116455
Pedestrian 0.0 0 2.564769983291626 28.03134536743164 127.1160659790039 107.46664428710938 266.0011901855469 0.5913207 1.7596997 0.63527936 -7.0861797 1.0719802 9.48594 1.923179268836975 0.15989738702774048
Cyclist 0.0 0 2.091649293899536 9.84185791015625 128.79335021972656 322.434814453125 374.0 1.668145 1.6968094 0.57871526 -2.0860784 1.4915268 3.6493347 1.5723494291305542 0.5609239935874939
Car 0.0 0 -1.4750399589538574 609.2442016601562 167.8246612548828 649.61328125 199.66102600097656 3.8785584 1.4475106 1.5852524 1.3935722 0.82666576 34.686863 -1.4348857402801514 0.7796775102615356
Car 0.0 0 -0.20918774604797363 1060.2386474609375 136.88084411621094 1238.0 199.06060791015625 4.4304013 1.8032869 1.7944876 17.145874 0.5104141 22.585514 0.44014596939086914 0.19502870738506317
Car 0.0 0 -1.574385166168213 603.7112426757812 160.95205688476562 628.5494384765625 186.84494018554688 3.6447296 1.7114968 1.6418873 1.0116148 0.35397878 49.314693 -1.5538746118545532 0.13470515608787537
