Car 0.0 0 -1.6952646970748901 721.1381225585938 185.24542236328125 799.675537109375 244.77159118652344 4.021576 1.4023204 1.6043866 3.992695 1.7802536 19.918839 -1.4974381923675537 0.9680930972099304
Car 0.0 0 2.0967068672180176 0.0 198.57077026367188 377.1636657714844 375.0 3.4130206 1.4255967 1.4813341 -2.9018154 1.6606846 4.868088 1.5591678619384766 0.9292606711387634
Car 0.0 0 -2.054006576538086 841.575927734375 173.12863159179688 1213.6356201171875 375.0 3.3524392 1.5791993 1.6644461 3.5936537 1.582881 7.044716 -1.582295298576355 0.9178759455680847
Car 0.0 0 1.3264904022216797 760.12451171875 185.00343322753906 907.8001708984375 283.8914489746094 4.2007427 1.5323563 1.6705102 4.0250707 1.8015705 13.833029 1.609647274017334 0.8651177287101746
Car 0.0 0 -1.4591975212097168 444.68499755859375 163.2880401611328 544.1737060546875 252.1208038330078 4.3246555 1.715294 1.7023484 -2.4818778 1.5309404 16.125095 -1.6119130849838257 0.8511642217636108
Car 0.0 0 1.5785109996795654 558.2529907226562 173.4354705810547 592.1769409179688 205.07183837890625 4.2336636 1.5616524 1.6780415 -1.8466252 1.5942421 37.842724 1.529752254486084 0.8397151231765747
Car 0.0 0 -1.719730019569397 708.8432006835938 180.4634246826172 765.483154296875 230.15435791015625 3.1269436 1.5848999 1.4772596 4.312876 1.8663648 25.073313 -1.5493863821029663 0.824161946773529
Car 0.0 0 -1.7169476747512817 679.730712890625 176.46446228027344 721.7205810546875 209.2833251953125 3.6103525 1.5493181 1.5759696 4.473017 1.7403723 36.28405 -1.59428870677948 0.7126079201698303
Car 0.0 0 -1.677968978881836 694.0565795898438 178.2836151123047 738.9010620117188 216.01657104492188 3.5854034 1.5444334 1.573203 4.607201 1.7983633 31.874168 -1.5344197750091553 0.664197564125061
Car 0.0 0 -1.394251823425293 494.31298828125 180.9768829345703 564.8561401367188 236.4911346435547 3.5087707 1.4959804 1.5197487 -2.3900135 1.7617266 21.769648 -1.5036003589630127 0.5368091464042664
