Pedestrian 0.0 0 0.525766134262085 144.23959350585938 143.24444580078125 265.4875793457031 304.8072509765625 1.1376461 1.88234 0.5771636 -4.852944 1.4499652 8.526024 0.008307695388793945 0.8940827250480652
Pedestrian 0.0 0 2.5608506202697754 1012.5397338867188 177.66441345214844 1072.2445068359375 278.6679992675781 0.6174626 1.6391076 0.59918964 7.231682 1.594744 11.77791 3.1115033626556396 0.2403034269809723
Pedestrian 0.0 0 3.6317782402038574 164.32852172851562 165.65768432617188 217.396728515625 261.2189636230469 0.6978023 1.7216564 0.4814362 -7.644622 1.4558946 12.988483 3.099806070327759 0.21953895688056946
Pedestrian 0.0 0 -1.5758945941925049 840.9873046875 173.6151580810547 868.7694702148438 245.39120483398438 0.61552155 1.7648621 0.6477547 6.24216 1.5971719 17.776909 -1.2382057905197144 0.14230762422084808
Pedestrian 0.0 0 -2.109956979751587 823.7288208007812 131.2379150390625 880.317626953125 235.1840057373047 0.75248235 1.790156 0.6580665 4.3503776 0.9434124 12.607605 -1.7776899337768555 0.140640988945961
Pedestrian 0.0 0 3.347537040710449 55.09718322753906 190.1952362060547 94.5311279296875 256.0278015136719 0.77760756 1.8356187 0.7260789 -15.282685 2.1230502 20.348814 2.703373432159424 0.12829963862895966
Pedestrian 0.0 0 -0.2205493450164795 666.3025512695312 151.8369903564453 680.9127197265625 183.79615783691406 0.7215672 1.7870296 0.5240748 3.854902 0.18569925 39.835068 -0.1240781620144844 0.11660543084144592
Cyclist 0.0 0 -1.996323585510254 755.897705078125 129.96365356445312 806.987548828125 239.767333984375 1.1444384 1.8529211 0.44028994 3.0648968 1.0017763 12.529391 -1.7564181089401245 0.1670020967721939
Cyclist 0.0 0 -2.0439682006835938 839.1399536132812 143.73658752441406 905.4213256835938 250.32415771484375 1.5657547 1.7520612 0.4128172 4.6169033 1.1494046 12.418974 -1.6880393028259277 0.10976523905992508
Car 0.0 0 1.6838551759719849 0.0 168.34507751464844 58.459468841552734 206.788330078125 4.098843 1.6279229 1.6188887 -26.080175 1.114689 32.09836 1.0015337467193604 0.17092612385749817
Car 0.0 0 -2.3138976097106934 0.0 196.14662170410156 128.64443969726562 245.2982635498047 4.0009794 1.4431976 1.6103951 -17.673248 1.969534 22.589296 -2.977797269821167 0.10178026556968689
