Cyclist 0.0 0 -1.6226130723953247 753.4833984375 165.5382843017578 794.2791137695312 272.5999755859375 1.7849762 1.7864441 0.6124298 2.8677082 1.6647308 12.967706 -1.4049735069274902 0.9244417548179626
Cyclist 0.0 0 1.4556132555007935 736.44921875 172.7194366455078 770.6065063476562 249.25384521484375 1.7075335 1.6355273 0.5560726 3.1701956 1.6330096 16.289026 1.647831916809082 0.3491380512714386
Car 0.0 0 1.8390750885009766 433.4982604980469 189.74502563476562 543.5357055664062 266.9696350097656 3.6286366 1.4446393 1.5167377 -2.6472065 1.8685111 16.20402 1.677138328552246 0.9692313075065613
Car 0.0 0 1.7644015550613403 619.0040893554688 180.6389923095703 662.7211303710938 211.20411682128906 4.0475535 1.5480161 1.6624669 1.7208383 2.001201 39.804386 1.8076070547103882 0.9230282306671143
Car 0.0 0 -2.8910436630249023 460.446044921875 178.73190307617188 537.8099365234375 210.2552947998047 3.499428 1.4959478 1.5054518 -5.4627266 1.7930282 35.50116 -3.0437207221984863 0.6769225001335144
Car 0.0 0 -1.4772636890411377 768.545166015625 177.052001953125 796.4712524414062 199.37269592285156 3.6991825 1.4754621 1.5622104 12.062165 1.7810051 50.448902 -1.2425730228424072 0.4726904034614563
Car 0.0 0 1.8055508136749268 669.798583984375 179.40643310546875 702.7371826171875 203.3512725830078 3.6786416 1.6388799 1.5710081 5.552327 2.1338847 52.47059 1.9109764099121094 0.32010236382484436
Car 0.0 0 1.745423674583435 641.9183959960938 177.5487060546875 679.54541015625 207.29888916015625 3.9808137 1.701835 1.6269835 3.1112225 2.0028162 44.0723 1.8159003257751465 0.26336750388145447
Car 0.0 0 1.6205331087112427 779.0064697265625 170.81765747070312 803.4412231445312 192.53424072265625 4.22432 1.631157 1.6480404 14.184504 1.4785626 56.453445 1.8666974306106567 0.23596318066120148
Car 0.0 0 -0.29929354786872864 823.1322631835938 161.1874237060547 884.47509765625 183.429931640625 4.068019 1.6553675 1.7305756 18.389097 0.78745556 54.613583 0.025495529174804688 0.2324904203414917
