Pedestrian 0.0 0 3.042853355407715 597.75830078125 160.47186279296875 625.1226196289062 238.26849365234375 0.5631457 1.7416006 0.63760215 0.18731786 1.2720692 16.420599 3.05426025390625 0.8384816646575928
Pedestrian 0.0 0 -3.246958017349243 704.5866088867188 162.3697967529297 722.3828125 206.01478576660156 0.6720515 1.8180844 0.6792479 4.702945 1.0221744 30.276081 -3.0928542613983154 0.8331435918807983
Pedestrian 0.0 0 1.4669569730758667 560.5724487304688 158.42092895507812 602.7553100585938 259.2334899902344 0.9084185 1.7857245 0.6810663 -0.41624796 1.3781909 13.217475 1.4354751110076904 0.8055076003074646
Pedestrian 0.0 0 -0.5536239743232727 795.3931274414062 164.47216796875 891.4014892578125 312.3174743652344 0.9552348 1.7906014 0.651934 3.014421 1.5857136 9.12542 -0.2345767617225647 0.7557083368301392
Pedestrian 0.0 0 1.0734039545059204 897.4751586914062 133.59442138671875 1041.9366455078125 374.0 0.8885461 1.7496231 0.622521 2.70848 1.416691 5.466285 1.533435583114624 0.7123507857322693
Pedestrian 0.0 0 1.339537501335144 757.5313110351562 160.41392517089844 780.560546875 208.40838623046875 0.95983267 1.8648769 0.68258464 6.598808 1.0465701 28.389963 1.5679168701171875 0.574439525604248
Pedestrian 0.0 0 3.027777671813965 615.1990966796875 167.75283813476562 629.2560424804688 192.8031005859375 0.95560336 1.7849507 0.5014617 1.5031033 0.80601925 51.472446 3.056971549987793 0.5242769122123718
Pedestrian 0.0 0 2.9475228786468506 602.8334350585938 171.7963409423828 640.9525146484375 246.0939483642578 0.82961845 1.7665845 0.5646012 0.45639506 1.5370588 17.424978 2.9737088680267334 0.519652783870697
Pedestrian 0.0 0 -1.5295487642288208 711.3848266601562 166.423095703125 731.774658203125 214.72140502929688 0.8590412 1.729164 0.70044124 4.3670526 1.1904371 26.207207 -1.36443030834198 0.48872244358062744
Pedestrian 0.0 0 1.5271415710449219 91.02141571044922 140.77626037597656 148.1355743408203 276.8389892578125 0.70995027 1.729973 0.60050327 -6.4878287 1.2135242 9.594652 0.9325733184814453 0.4143710136413574
Pedestrian 0.0 0 2.0837528705596924 592.994873046875 162.79188537597656 604.7501220703125 188.6841278076172 0.80987245 1.8818225 0.5340483 -0.16918826 0.52273756 52.688988 2.0805418491363525 0.3917272984981537
Pedestrian 0.0 0 1.491492748260498 585.462646484375 168.25042724609375 600.21142578125 208.3096466064453 0.78500974 1.7078681 0.5754389 -0.3898657 1.1439605 31.039814 1.4789332151412964 0.299113392829895
Cyclist 0.0 0 1.2847273349761963 862.4085083007812 177.95826721191406 929.0835571289062 284.8179016113281 1.6625079 1.7001058 0.60008615 4.951668 1.6450531 12.282323 1.6679496765136719 0.339949369430542
Cyclist 0.0 0 1.5271415710449219 91.02141571044922 140.77626037597656 148.1355743408203 276.8389892578125 0.70995027 1.729973 0.60050327 -6.4878287 1.2135242 9.594652 0.9325733184814453 0.1554962694644928
Car 0.0 0 1.646691918373108 526.4791870117188 149.41519165039062 592.8706665039062 203.64894104003906 4.1505823 1.3811697 1.5639269 -1.1200393 0.5652455 20.382462 1.5917960405349731 0.6446699500083923
