Car 0.0 0 -1.3286516666412354 406.04986572265625 180.6338348388672 460.6041259765625 215.43724060058594 3.8199055 1.5794231 1.6795641 -8.340872 1.3726236 34.53307 -1.5656455755233765 0.9356475472450256
Car 0.0 0 -1.5565037727355957 560.6268920898438 179.95481872558594 615.240478515625 229.9736785888672 3.3999083 1.5464405 1.6889282 -0.6791719 1.3849202 23.932861 -1.5848743915557861 0.9335097074508667
Car 0.0 0 -1.2251324653625488 197.44754028320312 187.15248107910156 459.6031494140625 344.24432373046875 4.1465783 1.5170982 1.6785519 -3.19976 1.5482724 9.068416 -1.5643410682678223 0.9210616946220398
Car 0.0 0 -0.9478433728218079 0.0 190.27513122558594 193.40773010253906 327.3555603027344 4.1029644 1.4516513 1.6042598 -7.6493073 1.5367239 9.842567 -1.608505129814148 0.9140375256538391
Car 0.0 0 -1.4502907991409302 464.5489501953125 179.4215545654297 535.41748046875 232.80218505859375 4.1306334 1.5560412 1.7559073 -3.3934903 1.3882737 23.038042 -1.5965385437011719 0.884345531463623
Car 0.0 0 -1.3239418268203735 376.5613708496094 179.34657287597656 416.1307067871094 203.05018615722656 3.47029 1.364447 1.4763125 -12.665305 1.0277351 43.138035 -1.6095162630081177 0.7130126357078552
Car 0.0 0 1.9416494369506836 242.45875549316406 185.05892944335938 322.1161193847656 224.7642364501953 3.82426 1.431797 1.5281739 -12.549312 1.427276 27.868042 1.5185362100601196 0.5410404801368713
Car 0.0 0 -1.4972784519195557 505.5071105957031 179.78025817871094 542.0048217773438 211.0237274169922 3.5514188 1.4913245 1.5663863 -4.206474 1.23301 36.11626 -1.6132264137268066 0.48414310812950134
Car 0.0 0 2.1125173568725586 23.0432186126709 191.01304626464844 196.43392944335938 257.5504455566406 4.1637716 1.4320445 1.6300904 -12.236455 1.5952003 17.96238 1.5145022869110107 0.4540877342224121
Car 0.0 0 -1.3559106588363647 457.7137145996094 175.1470184326172 493.3303527832031 199.49388122558594 3.6096566 1.5461006 1.5816973 -8.712642 0.90784013 47.476 -1.5374078750610352 0.40175917744636536
