Pedestrian 0.0 0 0.5253418684005737 191.0401611328125 148.15663146972656 308.81646728515625 309.4407653808594 1.1457261 1.9120871 0.6131983 -4.4060793 1.5303257 8.716273 0.057303667068481445 0.8575087189674377
Pedestrian 0.0 0 -2.4201550483703613 243.62368774414062 158.04978942871094 309.6800231933594 255.89207458496094 0.9507309 1.8280644 0.67278767 -6.380545 1.4102464 13.661676 -2.857088565826416 0.23705895245075226
Pedestrian 0.0 0 1.0699023008346558 681.4258422851562 170.78936767578125 734.7324829101562 264.30084228515625 1.0898908 1.8289101 0.62827647 2.0497766 1.6406193 14.444256 1.2108705043792725 0.14539039134979248
Pedestrian 0.0 0 2.4876081943511963 1030.020263671875 159.5277557373047 1091.5087890625 265.5172424316406 0.62361497 1.7132006 0.59704036 7.518671 1.3758614 11.747491 3.0569381713867188 0.13990800082683563
Pedestrian 0.0 0 1.8957560062408447 837.6678466796875 174.06973266601562 872.05517578125 245.39710998535156 0.6882597 1.7484316 0.63029015 6.253728 1.5924059 17.79195 2.2337594032287598 0.11032288521528244
Pedestrian 0.0 0 -1.5250842571258545 754.2028198242188 122.64241027832031 797.51611328125 230.51673889160156 0.68168354 1.8191236 0.7072665 2.94666 0.84509915 12.3435545 -1.290749430656433 0.10951920598745346
Cyclist 0.0 0 2.1693007946014404 1093.470947265625 184.31747436523438 1224.0 370.0 1.7983907 1.6370828 0.61151123 5.422813 1.6768045 6.498308 2.86472487449646 0.2723671793937683
Cyclist 0.0 0 0.7464398145675659 229.61270141601562 160.34295654296875 323.9938659667969 259.05145263671875 1.6732018 1.8266599 0.61977863 -6.368746 1.4552798 13.629233 0.30930447578430176 0.2025371640920639
Cyclist 0.0 0 -1.778427243232727 859.16845703125 141.70535278320312 903.9386596679688 253.3026885986328 1.6550119 1.7629479 0.36540815 4.6281123 1.1517493 12.010613 -1.4106265306472778 0.14842399954795837
Car 0.0 0 -2.1791419982910156 790.146728515625 143.53199768066406 861.5501098632812 182.62106323242188 4.8980136 2.313109 1.7956628 13.775908 0.12688391 44.44081 -1.8785514831542969 0.11087188124656677
Car 0.0 0 2.030571699142456 480.6456604003906 137.13331604003906 580.699951171875 195.2710723876953 3.4072003 1.566198 1.5950552 -2.139584 0.3995061 20.917555 1.9286396503448486 0.10207336395978928
