Pedestrian 0.0 0 2.275721311569214 430.14898681640625 150.89898681640625 464.7138977050781 195.56918334960938 1.445177 1.7443541 0.5481663 -6.550999 0.8873775 28.940308 2.053110361099243 0.12993435561656952
Cyclist 0.0 0 2.275721311569214 430.14898681640625 150.89898681640625 464.7138977050781 195.56918334960938 1.445177 1.7443541 0.5481663 -6.550999 0.8873775 28.940308 2.053110361099243 0.25855228304862976
Car 0.0 0 1.8886058330535889 322.3717346191406 192.24041748046875 422.3292541503906 256.66693115234375 3.4946094 1.4611896 1.4973456 -6.2401805 2.023535 19.16415 1.5738157033920288 0.9640567898750305
Car 0.0 0 -1.7343770265579224 669.7753295898438 176.81605529785156 740.1991577148438 230.8395538330078 3.753592 1.5412564 1.5910434 2.8616877 1.6771175 22.767906 -1.60934317111969 0.9594611525535583
Car 0.0 0 1.8327556848526 390.7735900878906 190.46841430664062 468.055908203125 240.61666870117188 4.010158 1.4856806 1.5883299 -6.148768 2.141137 24.812128 1.5898364782333374 0.872361421585083
Car 0.0 0 1.7218700647354126 450.15533447265625 181.06564331054688 499.4840087890625 218.38328552246094 4.0903444 1.5550972 1.6228532 -6.1608562 1.9551625 33.04756 1.5375618934631348 0.8528835773468018
Car 0.0 0 -1.6726722717285156 1214.5166015625 138.17002868652344 1242.0 176.761474609375 3.6346774 1.6476612 1.6590575 28.68372 0.16718754 32.765434 -0.9536008834838867 0.33672696352005005
Car 0.0 0 1.6508749723434448 530.6971435546875 180.03993225097656 551.93359375 197.94747924804688 4.0069327 1.5307378 1.6000439 -6.2072163 2.2015877 65.30639 1.5561120510101318 0.3244606554508209
Car 0.0 0 1.5764095783233643 506.9909973144531 179.468017578125 531.2704467773438 202.7462158203125 4.1750007 1.4934219 1.5898904 -6.2760043 1.9691355 49.68727 1.4507648944854736 0.2868764102458954
Car 0.0 0 2.122997760772705 0.0 201.48573303222656 96.64618682861328 249.91470336914062 4.19542 1.4496281 1.7387165 -20.972 2.5831442 26.367018 1.451075553894043 0.2841677963733673
Car 0.0 0 -3.341001033782959 767.1053466796875 161.90025329589844 829.8098754882812 183.6070556640625 4.116327 1.531397 1.6198266 13.467992 0.75897664 51.822697 -3.0867397785186768 0.2214023917913437
