Pedestrian 0.0 0 -2.979843854904175 645.82666015625 188.8706817626953 657.0170288085938 215.15406799316406 0.64968646 1.7240081 0.6559766 2.7382624 2.8028574 48.191784 -2.9230847358703613 0.2617913484573364
Pedestrian 0.0 0 -1.9495015144348145 754.1927490234375 154.17588806152344 775.9358520507812 196.51622009277344 0.8898848 1.8754834 0.673717 6.9292545 1.0484861 32.453175 -1.7391448020935059 0.1237846165895462
Pedestrian 0.0 0 -1.5286016464233398 783.4374389648438 149.20191955566406 799.5413818359375 193.6209716796875 0.6464065 1.8994213 0.6508017 7.8235807 0.88838315 31.253426 -1.2833150625228882 0.1200571060180664
Pedestrian 0.0 0 3.066182851791382 523.0018310546875 168.1233367919922 534.4862060546875 189.41311645507812 0.9710971 1.8654714 0.48461503 -7.1791067 1.4513143 63.549168 2.953690528869629 0.11499359458684921
Pedestrian 0.0 0 -0.23257321119308472 939.4577026367188 144.8373565673828 989.049560546875 229.3607940673828 0.8142528 1.7062066 0.5500733 7.263496 1.141015 14.919773 0.2204885482788086 0.11278418451547623
Pedestrian 0.0 0 -0.5458762049674988 448.96624755859375 154.174072265625 467.8793029785156 190.69796752929688 0.7377654 1.9324049 0.6963483 -8.162252 0.94444585 38.678673 -0.7538520097732544 0.10458708554506302
Cyclist 0.0 0 -2.3483457565307617 801.2683715820312 146.79371643066406 847.7265014648438 198.02633666992188 1.6680104 1.6630901 0.4554617 7.14823 0.81749105 24.262333 -2.0618295669555664 0.3602287173271179
Car 0.0 0 1.7021616697311401 524.986083984375 188.66993713378906 566.430908203125 219.67745971679688 4.1861515 1.5047154 1.7159113 -3.4797995 2.4134603 39.310623 1.6138712167739868 0.8707361221313477
Car 0.0 0 -1.5873552560806274 595.5948486328125 182.2825164794922 616.683349609375 202.5803680419922 4.209206 1.5931604 1.6992384 -0.3781797 2.4148262 60.72623 -1.5935827493667603 0.2684602439403534
Car 0.0 0 -0.2853809893131256 742.0338134765625 166.3002471923828 828.2264404296875 198.9955596923828 3.7563927 1.5473566 1.648023 8.428561 1.2375484 35.061024 -0.0494607612490654 0.11985564231872559
