Pedestrian 0.0 0 1.0505921840667725 579.9319458007812 174.75439453125 615.4371337890625 238.4608154296875 0.8628885 1.7586479 0.6644903 -0.14154515 1.5735848 20.367405 1.0436427593231201 0.8561117053031921
Pedestrian 0.0 0 1.831359624862671 863.5709838867188 163.0478973388672 912.0076293945312 261.623779296875 0.74775505 1.6762873 0.62578213 5.026049 1.3637904 12.699372 2.2082154750823975 0.8480746150016785
Pedestrian 0.0 0 1.7916887998580933 557.1397705078125 170.5164337158203 583.3289184570312 226.13294982910156 0.9755692 1.8410752 0.69063145 -1.0730406 1.4785715 24.317364 1.7475908994674683 0.7325701713562012
Pedestrian 0.0 0 1.5775952339172363 603.9265747070312 173.195068359375 617.155517578125 213.02264404296875 0.8973114 1.713204 0.5690993 0.385518 1.3569276 31.35095 1.5898914337158203 0.7128651738166809
Pedestrian 0.0 0 1.3088473081588745 424.13531494140625 179.80218505859375 492.6960754394531 317.2767028808594 0.9721331 1.7218424 0.6621628 -1.9668206 1.7019142 9.577277 1.1063001155853271 0.7014647126197815
Pedestrian 0.0 0 -3.3980872631073 769.3336791992188 160.38534545898438 815.0271606445312 240.46083068847656 0.86118835 1.7655823 0.62282664 4.242319 1.3012464 16.147532 -3.1411707401275635 0.6344090104103088
Pedestrian 0.0 0 0.5858244299888611 609.872314453125 173.1692657470703 632.8046875 212.2340545654297 0.81906843 1.7389852 0.6401674 0.8877294 1.3690857 32.471817 0.6131560802459717 0.5533641576766968
Pedestrian 0.0 0 3.382981061935425 364.7300720214844 178.49996948242188 404.4979248046875 284.3119812011719 0.48615733 1.5871319 0.47736993 -3.364924 1.5434391 11.023742 3.0867207050323486 0.5258913040161133
Pedestrian 0.0 0 1.3747327327728271 692.3858642578125 159.91810607910156 714.6591796875 211.82803344726562 0.506039 1.8927321 0.72677684 3.7362456 1.106861 26.462109 1.5149978399276733 0.45125195384025574
Pedestrian 0.0 0 0.6092802286148071 627.7770385742188 171.15740966796875 646.9341430664062 211.95521545410156 0.61400247 1.7555426 0.5784867 1.552897 1.311462 31.324215 0.6588146686553955 0.4290962219238281
Pedestrian 0.0 0 3.0091042518615723 577.1741943359375 174.14866638183594 591.1561279296875 211.7208709716797 0.60677105 1.8185138 0.61305994 -0.85540754 1.4636046 35.115314 2.9847490787506104 0.3699767291545868
Pedestrian 0.0 0 2.863100290298462 483.2959899902344 176.04049682617188 529.2344970703125 265.8634338378906 0.7524726 1.7420372 0.6812469 -1.9510334 1.6374078 14.391902 2.7283570766448975 0.31621015071868896
Pedestrian 0.0 0 2.890784740447998 637.4615478515625 172.4085693359375 650.207763671875 193.98883056640625 0.99962926 1.8397157 0.491619 3.6630101 1.065121 61.57179 2.9502065181732178 0.30857089161872864
Pedestrian 0.0 0 -1.2641302347183228 583.765869140625 169.66258239746094 600.6019287109375 207.09359741210938 0.75068676 1.6885195 0.57072765 -0.4317081 1.1554705 32.84345 -1.2772738933563232 0.28858718276023865
Pedestrian 0.0 0 2.96317195892334 643.4866333007812 171.13009643554688 656.3784790039062 192.9391326904297 1.0355908 1.8433217 0.40758067 4.1443048 0.9673047 60.971493 3.031038761138916 0.2737625241279602
Pedestrian 0.0 0 -1.8220468759536743 745.0714111328125 164.56106567382812 768.264892578125 210.56942749023438 1.1802608 1.7668679 0.61283773 6.0634327 1.1173794 28.185469 -1.6101500988006592 0.26088160276412964
Pedestrian 0.0 0 1.353972315788269 621.64013671875 172.15753173828125 637.9428100585938 209.48825073242188 0.79663014 1.7480713 0.6147002 1.3314867 1.3115132 34.08097 1.393020749092102 0.25022614002227783
Pedestrian 0.0 0 -1.4352130889892578 612.6333618164062 167.0653533935547 626.7608642578125 200.56491088867188 0.6649222 1.7959912 0.6818728 0.9883608 1.0229503 38.89185 -1.4098055362701416 0.24674013257026672
Pedestrian 0.0 0 1.4417610168457031 770.0847778320312 156.1964569091797 802.2645263671875 227.0161590576172 1.1092699 1.9106222 0.72616625 5.092877 1.2291266 19.97142 1.6914477348327637 0.24393141269683838
Pedestrian 0.0 0 2.486144542694092 704.7083740234375 163.32073974609375 722.22705078125 201.7744598388672 0.53557914 1.8514891 0.68682176 5.450358 0.9770868 35.013973 2.6405675411224365 0.2399875968694687
Cyclist 0.0 0 1.7271934747695923 481.9390869140625 178.43260192871094 521.8338623046875 267.40655517578125 1.5196362 1.6884029 0.56609833 -2.0128841 1.6314529 14.393421 1.5882470607757568 0.4259397089481354
Cyclist 0.0 0 -0.24010200798511505 664.4093627929688 168.04837036132812 703.2256469726562 205.43319702148438 1.780476 1.7994999 0.62605935 3.999747 1.1529144 34.996758 -0.1263066828250885 0.380161851644516
Cyclist 0.0 0 -1.7560595273971558 426.4126892089844 180.10963439941406 491.19512939453125 317.3342590332031 1.0049742 1.7225155 0.670033 -1.9689385 1.706399 9.606117 -1.9582265615463257 0.17621155083179474
Cyclist 0.0 0 -1.8220468759536743 745.0714111328125 164.56106567382812 768.264892578125 210.56942749023438 1.1802608 1.7668679 0.61283773 6.0634327 1.1173794 28.185469 -1.6101500988006592 0.13436497747898102
Car 0.0 0 -2.393087387084961 926.6494140625 0.0 1238.0 374.0 3.3928308 1.5633699 1.5285429 2.3514216 1.2135305 2.0340962 -1.5354576110839844 0.7529388070106506
