Pedestrian 0.0 0 -0.11736016720533371 664.7539672851562 172.7521209716797 686.0984497070312 212.5182342529297 0.91566753 1.808933 0.5577127 2.959085 1.8046566 33.11118 -0.028228797018527985 0.3219316005706787
Pedestrian 0.0 0 -1.6042695045471191 400.83587646484375 162.08128356933594 432.722412109375 235.00592041015625 0.6078796 1.7892288 0.7510892 -4.9008355 1.525275 18.101187 -1.8686771392822266 0.25905361771583557
Pedestrian 0.0 0 -1.728753685951233 799.0670776367188 151.9729766845703 814.4003295898438 188.42088317871094 0.59308475 1.9148359 0.6985484 10.386207 0.81818336 38.236355 -1.4635215997695923 0.22627051174640656
Cyclist 0.0 0 -1.9295849800109863 779.7901611328125 158.11029052734375 824.600830078125 225.25608825683594 1.876453 1.8114448 0.59889376 5.366331 1.4140502 20.426558 -1.672676920890808 0.9534761905670166
Car 0.0 0 -1.5884062051773071 585.7001953125 178.80633544921875 647.5974731445312 238.75839233398438 4.5465293 1.6256949 1.7186435 0.10845219 1.8288853 22.300457 -1.583543062210083 0.8139200210571289
Car 0.0 0 1.3990501165390015 580.7083129882812 170.2609100341797 612.3539428710938 193.10975646972656 4.0454617 1.587316 1.6172192 -1.0437251 1.4075313 52.26246 1.3790819644927979 0.2267913967370987
Car 0.0 0 1.5428297519683838 518.5936279296875 171.32275390625 542.3140869140625 193.8201904296875 4.205303 1.5675874 1.5903966 -5.844598 1.4612503 52.46546 1.431888222694397 0.21355095505714417
Car 0.0 0 -1.4598276615142822 453.5854187011719 171.1212158203125 520.6000366210938 222.9993133544922 4.063111 1.494326 1.6473153 -3.8431783 1.4447721 22.855043 -1.6264235973358154 0.1613670438528061
Car 0.0 0 1.7552164793014526 356.4146423339844 185.19419860839844 398.6243896484375 212.13665771484375 3.6747634 1.4061449 1.6573992 -13.301437 2.146671 41.347847 1.443975806236267 0.1312767118215561
Car 0.0 0 1.438414454460144 598.5142211914062 180.59820556640625 651.9249267578125 221.10121154785156 4.107422 1.4853574 1.6314181 0.50644 1.8242791 29.407858 1.4556339979171753 0.11740363389253616
Car 0.0 0 1.6640986204147339 415.9196472167969 181.99551391601562 452.7558898925781 207.9752655029297 4.606691 1.4261931 1.7466878 -10.612657 2.0107799 43.705063 1.42588472366333 0.11588677763938904
