Pedestrian 0.0 0 -3.533836841583252 1015.8161010742188 147.4923553466797 1129.931640625 343.3511962890625 0.6822924 1.7081904 0.6673018 4.1984744 1.4873558 6.6764812 -2.9724771976470947 0.5685207843780518
Pedestrian 0.0 0 -1.0394395589828491 381.1466979980469 166.00953674316406 422.8172302246094 250.3773193359375 0.57469577 1.8098046 0.6825517 -4.6112833 1.6633395 15.837563 -1.322767734527588 0.5274806022644043
Car 0.0 0 -1.7390247583389282 657.998779296875 173.25144958496094 727.8362426757812 222.17678833007812 3.9369478 1.4839834 1.6424435 2.6122382 1.4986333 23.929178 -1.630289912223816 0.9758924841880798
Car 0.0 0 -1.9352571964263916 738.3388671875 177.50669860839844 1010.4837646484375 345.6816711425781 3.5179656 1.4241357 1.5713569 2.55712 1.4877459 8.006682 -1.6261228322982788 0.975271999835968
Car 0.0 0 -1.200823426246643 0.0 184.7154083251953 411.6296081542969 375.0 4.103775 1.4213384 1.568837 -2.6943204 1.5445894 5.3552036 -1.6669654846191406 0.9543393850326538
Car 0.0 0 -1.2818291187286377 305.6335754394531 181.68605041503906 506.7276916503906 315.41705322265625 4.06858 1.4820949 1.6107903 -2.6918151 1.6341095 10.32644 -1.5368266105651855 0.9412103891372681
Car 0.0 0 -2.2622179985046387 853.7977294921875 81.7359619140625 1242.0 375.0 3.6676378 1.5710703 1.5974933 2.324397 1.445672 2.8299122 -1.5745832920074463 0.9104700088500977
Car 0.0 0 -1.6160118579864502 539.919189453125 173.36546325683594 575.34375 205.84033203125 4.367187 1.5963577 1.6431149 -2.8314884 1.6251206 37.803265 -1.6907728910446167 0.8539981842041016
Car 0.0 0 -1.7244904041290283 643.5733032226562 172.3802947998047 687.8935546875 206.42788696289062 3.9720886 1.6236693 1.6316582 2.719333 1.6014369 36.450493 -1.6500248908996582 0.8444634675979614
Car 0.0 0 -1.3946723937988281 403.75946044921875 180.02928161621094 504.9531555175781 259.109130859375 3.262141 1.436123 1.5059657 -3.1828432 1.6026787 15.055399 -1.603013515472412 0.623771607875824
