Pedestrian 0.0 0 -2.2438971996307373 1074.634033203125 131.9075164794922 1216.8360595703125 314.5613708496094 0.9234387 1.7628118 0.7665125 5.4260025 1.367991 7.438619 -1.6136869192123413 0.5397329926490784
Pedestrian 0.0 0 -1.7998543977737427 685.9616088867188 165.5924835205078 702.3162231445312 201.14541625976562 0.893887 1.8444862 0.66681075 4.3800364 1.4681169 37.912617 -1.6848344802856445 0.4767697751522064
Pedestrian 0.0 0 -0.2891334891319275 707.92138671875 172.88514709472656 723.4848022460938 200.65907287597656 0.8771078 1.7892169 0.5544403 6.8254857 1.7916101 46.81745 -0.14436407387256622 0.3965708613395691
Pedestrian 0.0 0 2.0201051235198975 855.1027221679688 159.42974853515625 888.2333984375 215.05609130859375 0.94930047 1.6555787 0.59881747 7.9422436 1.2563977 22.01808 2.36629319190979 0.2465667724609375
Pedestrian 0.0 0 0.10146854817867279 680.8290405273438 172.08047485351562 695.458740234375 197.04893493652344 1.025215 1.8205932 0.47100267 5.7081313 1.764549 52.945393 0.20886540412902832 0.21955053508281708
Pedestrian 0.0 0 2.4067115783691406 782.5653076171875 159.57582092285156 814.54638671875 199.61181640625 1.3493983 1.8456595 0.6740092 8.813124 1.2338934 33.870777 2.6612653732299805 0.1828954815864563
Cyclist 0.0 0 -1.845953106880188 717.3113403320312 158.49156188964844 749.9096069335938 218.70315551757812 1.8757806 1.8571348 0.53880537 3.9112234 1.4145052 23.21349 -1.6790316104888916 0.7757067680358887
Cyclist 0.0 0 2.3773391246795654 779.9301147460938 158.7840118408203 817.1763916015625 198.00518798828125 1.7094543 1.8026422 0.66228336 8.814724 1.1563302 33.865837 2.6319727897644043 0.2475503534078598
Cyclist 0.0 0 2.190300464630127 851.3862915039062 159.822265625 891.569091796875 215.22091674804688 1.076787 1.6457461 0.64854795 7.9301667 1.258966 22.005253 2.536189079284668 0.19439807534217834
Car 0.0 0 -1.3333559036254883 679.9081420898438 172.25344848632812 712.5166015625 193.93019104003906 3.7681663 1.5773709 1.6080652 6.5250144 1.534028 54.548264 -1.2143025398254395 0.18341253697872162
