Pedestrian 0.0 0 0.4227873682975769 213.4262237548828 179.56724548339844 235.80052185058594 219.7735595703125 0.58541274 1.6716913 0.7351368 -16.334343 1.9595709 30.513195 -0.0687159076333046 0.5429735779762268
Pedestrian 0.0 0 3.177544116973877 446.9493408203125 174.86383056640625 463.7869567871094 219.20152282714844 0.6308058 1.7354126 0.70638204 -6.184256 1.816784 28.678427 2.9651548862457275 0.40687236189842224
Pedestrian 0.0 0 2.978072166442871 643.440185546875 166.3754425048828 666.2179565429688 210.4600067138672 0.816685 1.7639419 0.7062738 1.771308 1.5050757 29.261192 3.0385327339172363 0.3482001721858978
Pedestrian 0.0 0 -1.1896381378173828 264.9373474121094 153.0725860595703 287.60064697265625 195.41737365722656 0.7895398 1.9467208 0.7159493 -15.566591 1.0376658 33.58173 -1.6236975193023682 0.25203704833984375
Cyclist 0.0 0 -2.362889289855957 650.3146362304688 170.2522430419922 691.990234375 216.84140014648438 1.7551658 1.7373145 0.490131 2.2928104 1.6406528 27.728895 -2.2803902626037598 0.4064968228340149
Cyclist 0.0 0 -1.895673394203186 633.48046875 175.4256591796875 657.35595703125 214.6919708251953 1.725125 1.6375623 0.5001407 1.4734968 1.7519897 31.103975 -1.8483355045318604 0.2651403248310089
Cyclist 0.0 0 -3.140547037124634 641.4430541992188 169.1220703125 665.2675170898438 212.95172119140625 0.9524964 1.7537949 0.7265964 1.7154948 1.604824 29.259806 -3.081984281539917 0.19292564690113068
Car 0.0 0 2.0148508548736572 152.20254516601562 192.73977661132812 298.4770202636719 261.3206481933594 4.2577143 1.4764441 1.7064819 -9.930041 2.0585191 18.944014 1.5320481061935425 0.9626320004463196
Car 0.0 0 -1.4375832080841064 467.5462646484375 178.61581420898438 541.6011962890625 239.01779174804688 3.958621 1.6062827 1.6711664 -3.094064 1.7946284 21.551416 -1.580175518989563 0.9362707734107971
Car 0.0 0 1.866377830505371 337.2232971191406 188.72073364257812 394.3428955078125 219.7903289794922 4.3390293 1.4666113 1.6942933 -12.97836 2.3616898 38.49093 1.54116952419281 0.8260490298271179
Car 0.0 0 -1.4401235580444336 439.3873596191406 183.53663635253906 479.4216613769531 214.73707580566406 3.6190717 1.4967147 1.5935539 -7.864732 2.0836203 37.75048 -1.6455202102661133 0.5987709164619446
Car 0.0 0 -1.7306709289550781 573.6719360351562 176.90432739257812 608.5612182617188 202.7447052001953 3.9066248 1.576626 1.6509236 -1.2973856 1.8510312 46.744038 -1.7584189176559448 0.4130277633666992
Car 0.0 0 -1.1781339645385742 154.75294494628906 163.19125366210938 205.1564178466797 189.06517028808594 4.078907 1.8394434 1.7819723 -31.804499 1.1528511 53.439537 -1.7149790525436401 0.2860409617424011
Car 0.0 0 1.9064087867736816 444.4180908203125 186.99826049804688 483.12335205078125 209.15838623046875 3.8145304 1.4982003 1.6403706 -10.78898 2.5833383 53.334003 1.7068114280700684 0.2857523262500763
Car 0.0 0 1.8488839864730835 473.5836181640625 184.27511596679688 511.33197021484375 204.68263244628906 3.975336 1.4170173 1.7930111 -8.857001 2.3130503 54.503468 1.687788724899292 0.25885772705078125
