Car 0.0 0 -1.7855753898620605 689.6423950195312 183.96881103515625 803.6212158203125 261.997314453125 3.8004866 1.4318731 1.624564 2.7794552 1.7041624 15.719106 -1.6105642318725586 0.9810377955436707
Car 0.0 0 0.5132392644882202 138.91815185546875 175.39596557617188 405.0534362792969 260.93536376953125 4.523513 1.562528 1.6802548 -6.6084576 1.6166928 14.254073 0.0791177749633789 0.9469126462936401
Car 0.0 0 -1.6903010606765747 655.5527954101562 174.76983642578125 713.3339233398438 223.42291259765625 3.862588 1.6542554 1.6544523 2.627808 1.7305077 26.632086 -1.5919486284255981 0.9428824186325073
Car 0.0 0 -2.2463667392730713 906.5733032226562 178.8026580810547 1242.0 375.0 3.7598069 1.5116786 1.5532871 2.892522 1.556319 3.474369 -1.552101731300354 0.8798667192459106
Car 0.0 0 -2.297480583190918 0.0 173.51759338378906 195.19717407226562 375.0 4.06476 1.6667374 1.7052996 -6.3556046 1.6741217 6.625903 -3.0620598793029785 0.8523054122924805
Car 0.0 0 3.417095184326172 279.4076232910156 168.04190063476562 452.4945373535156 237.55052185058594 4.0099015 1.7412442 1.7019814 -6.3682303 1.6210555 19.017786 3.0939743518829346 0.8428810834884644
Car 0.0 0 -2.3989171981811523 0.0 179.04324340820312 243.72210693359375 314.94036865234375 3.9707417 1.5261099 1.6439539 -7.0920954 1.6136771 9.177008 -3.056858539581299 0.7823971509933472
Car 0.0 0 3.3132896423339844 388.0547790527344 175.13681030273438 496.551513671875 220.92330932617188 3.673304 1.6258503 1.6585484 -6.166223 1.7134498 26.641699 3.0858445167541504 0.7517833709716797
Car 0.0 0 -1.6388872861862183 649.82763671875 178.87725830078125 691.508056640625 214.48321533203125 3.9242654 1.4755286 1.5961927 2.6390984 1.7639912 32.53762 -1.557955265045166 0.5638443827629089
Car 0.0 0 -1.7234835624694824 636.7899780273438 173.55905151367188 673.4716796875 203.18869018554688 3.6160634 1.6398326 1.5859209 2.5423124 1.6829593 41.89272 -1.6628715991973877 0.5055347084999084
