Pedestrian 0.0 0 1.6980537176132202 600.1497802734375 170.4508514404297 615.4393310546875 203.8103790283203 1.2336884 1.6962891 0.641525 -0.14511114 1.5744498 37.33813 1.6941673755645752 0.3788518011569977
Cyclist 0.0 0 1.7868562936782837 597.803955078125 172.0303192138672 617.8404541015625 204.55230712890625 1.6885356 1.6459328 0.6951452 -0.13948616 1.6046041 37.41272 1.783128023147583 0.6008128523826599
Car 0.0 0 -1.1922385692596436 134.8743133544922 187.34408569335938 451.904296875 375.0 3.6992276 1.4305452 1.6028025 -2.8856413 1.6162188 7.371179 -1.5653753280639648 0.9750483632087708
Car 0.0 0 -1.698807716369629 694.384033203125 182.9178466796875 784.2730712890625 271.63299560546875 2.8173735 1.6151016 1.4537822 2.5302 1.8433034 14.895964 -1.5305554866790771 0.9359705448150635
Car 0.0 0 -1.6243431568145752 677.73681640625 183.53952026367188 744.16455078125 246.86456298828125 3.4427152 1.5212146 1.5915897 2.628241 1.8398398 19.709381 -1.4917755126953125 0.8737236857414246
Car 0.0 0 0.3104892075061798 294.616455078125 177.04861450195312 453.31036376953125 231.201171875 4.060859 1.4943388 1.611069 -6.778396 1.6206368 20.847467 -0.003871507942676544 0.8716078996658325
Car 0.0 0 1.701122522354126 507.0414733886719 172.6700439453125 566.0885620117188 220.36888122558594 4.084076 1.6515784 1.6827745 -2.7138827 1.6455667 27.047203 1.6011184453964233 0.8691282868385315
Car 0.0 0 -1.4243297576904297 538.8338012695312 179.07293701171875 582.3356323242188 212.14974975585938 3.770463 1.4826516 1.5732324 -2.3816166 1.8015231 35.010895 -1.4922500848770142 0.7880107164382935
Car 0.0 0 1.5071712732315063 636.9435424804688 177.53195190429688 663.9151000976562 199.91502380371094 4.346049 1.5203326 1.6633774 2.850831 1.8726125 52.098248 1.561837077140808 0.7147344350814819
Car 0.0 0 0.17748458683490753 454.22906494140625 167.12875366210938 529.1608276367188 199.67599487304688 3.6749215 1.6829729 1.6762177 -6.253803 1.3872867 38.172733 0.015098094940185547 0.4342460036277771
