Pedestrian 0.0 0 -2.0701961517333984 333.4533386230469 155.9394073486328 353.6502380371094 198.4958953857422 0.5625337 2.0320249 0.7374594 -12.9307165 1.2247297 34.912647 -2.4249045848846436 0.29056698083877563
Pedestrian 0.0 0 1.3187190294265747 705.7286376953125 171.1348114013672 728.7286987304688 219.88548278808594 0.92789483 1.7867293 0.63623536 3.953335 1.7240784 26.936966 1.464441180229187 0.28564903140068054
Pedestrian 0.0 0 -1.1807060241699219 804.4328002929688 140.57748413085938 826.8465576171875 190.53939819335938 0.54231495 1.8935765 0.6743369 7.8711553 0.6706416 27.76538 -0.9044656753540039 0.2455402910709381
Pedestrian 0.0 0 0.8030126690864563 35.273948669433594 139.32327270507812 100.1078872680664 232.96047973632812 0.8149093 1.808393 0.64255553 -10.799476 1.16118 14.313041 0.15662503242492676 0.19547270238399506
Pedestrian 0.0 0 -1.4406698942184448 416.6824035644531 163.23333740234375 428.540771484375 189.32530212402344 0.85849065 1.8610755 0.72176063 -13.512472 1.1752148 51.933514 -1.6952139139175415 0.16140015423297882
Car 0.0 0 1.773921251296997 439.3684997558594 185.92018127441406 519.4793090820312 245.473388671875 3.5209959 1.4333831 1.4921798 -3.5572798 1.8268248 19.924425 1.597244143486023 0.9680625796318054
Car 0.0 0 3.2820634841918945 0.0 189.16961669921875 230.8431396484375 287.9603576660156 3.8774254 1.4965382 1.6883439 -9.137494 1.8298924 13.094601 2.672811269760132 0.9307535290718079
Car 0.0 0 2.856154680252075 434.8758239746094 182.7319793701172 512.7769165039062 209.60354614257812 4.253206 1.4848082 1.6379603 -8.100942 2.0945265 42.81103 2.669140338897705 0.8275671601295471
Car 0.0 0 2.4690585136413574 0.0 210.0571746826172 139.6363983154297 375.0 3.8410926 1.4631522 1.5659553 -7.089799 1.9490616 7.4060135 1.705471158027649 0.24447864294052124
Car 0.0 0 1.6997727155685425 542.1253051757812 179.81700134277344 575.120361328125 203.62353515625 4.509327 1.5712924 1.7743739 -3.6291327 2.0886621 51.269985 1.629105806350708 0.1905248910188675
Car 0.0 0 -3.050084352493286 669.435546875 181.21852111816406 728.8368530273438 205.89088439941406 3.5701506 1.4822938 1.6217428 5.5829344 2.0215585 45.31266 -2.927493095397949 0.1799200177192688
