Pedestrian 0.0 0 2.503261089324951 471.8888244628906 174.32907104492188 485.04730224609375 197.9037322998047 0.87407553 1.8349465 0.53022 -10.364419 1.95229 56.721436 2.3225300312042236 0.22908537089824677
Pedestrian 0.0 0 -3.606388807296753 1098.451904296875 183.12696838378906 1242.0 367.9446716308594 1.1044519 1.8164508 0.6888191 5.8560653 1.9311166 7.5819845 -2.9487266540527344 0.20069608092308044
Pedestrian 0.0 0 -0.2353663146495819 935.3629150390625 192.4754180908203 1031.581298828125 334.6369934082031 1.062953 1.87594 0.68562406 5.146255 2.1635342 10.10231 0.23578381538391113 0.17011365294456482
Pedestrian 0.0 0 3.2682149410247803 375.3513488769531 173.0089569091797 387.010986328125 197.05630493164062 0.7798306 1.8180896 0.57661664 -17.436834 1.8303155 54.907116 2.9607181549072266 0.16903488337993622
Cyclist 0.0 0 -0.1401817798614502 1016.2705078125 199.43556213378906 1224.930419921875 375.0 1.6950138 1.7738252 0.74796593 5.209064 2.0798469 7.581862 0.4617950916290283 0.20884664356708527
Cyclist 0.0 0 1.4119007587432861 835.742431640625 209.93490600585938 864.3823852539062 272.4196472167969 1.6621821 1.6497169 0.52690405 6.901402 2.7703238 20.93318 1.7303662300109863 0.19456632435321808
Cyclist 0.0 0 1.0992625951766968 917.4583129882812 200.4754180908203 1017.8746948242188 339.14984130859375 1.7722994 1.8378996 0.5959063 5.2440033 2.2862182 10.807196 1.5510265827178955 0.17430377006530762
Cyclist 0.0 0 -1.96073317527771 708.4722900390625 189.7853546142578 726.5755615234375 222.96157836914062 1.5787398 1.662146 0.36233082 5.5850124 2.5681722 37.782974 -1.813977599143982 0.17104019224643707
Car 0.0 0 1.5938972234725952 481.59918212890625 178.97622680664062 506.1092529296875 202.68666076660156 3.9092715 1.5631574 1.6115887 -8.150724 2.0108218 50.668713 1.4344005584716797 0.5962197780609131
Car 0.0 0 2.098416805267334 134.1703643798828 196.2664031982422 217.15306091308594 234.33425903320312 3.3917987 1.4810894 1.6578903 -19.131643 2.5711968 31.875336 1.5578486919403076 0.4818369448184967
Car 0.0 0 2.8442459106445312 0.0 193.8607940673828 64.13864135742188 252.55618286132812 3.6202288 1.4710454 1.5386434 -18.714502 2.1515687 21.415724 2.1260576248168945 0.21138638257980347
Car 0.0 0 2.6574041843414307 224.966796875 184.59066772460938 305.4484558105469 213.98233032226562 3.7130506 1.4779131 1.5447974 -18.991497 2.1571906 39.785564 2.212043046951294 0.20024628937244415
Car 0.0 0 1.356961965560913 614.0546875 176.1866455078125 645.3798828125 199.2823028564453 4.192349 1.7527761 1.6412882 1.5082482 2.0294409 57.607185 1.383137583732605 0.1808903068304062
