Pedestrian 0.0 0 1.7834930419921875 576.2609252929688 156.21502685546875 591.0115966796875 190.8864288330078 0.7423521 1.8201729 0.641105 -1.4327292 0.94702125 38.297806 1.7461003065109253 0.5604110360145569
Cyclist 0.0 0 2.0029349327087402 117.78152465820312 168.23773193359375 293.3356628417969 375.0 1.93101 1.7570921 0.6036751 -3.5462391 1.7225437 6.437798 1.4994421005249023 0.9262165427207947
Cyclist 0.0 0 1.9149816036224365 292.10662841796875 166.01739501953125 394.9277648925781 326.17974853515625 1.8683265 1.7332983 0.57141465 -3.2175822 1.6596694 8.742381 1.5623230934143066 0.9033651351928711
Car 0.0 0 -2.0502657890319824 801.6445922851562 173.17959594726562 1201.8580322265625 375.0 3.211308 1.4781727 1.4996922 2.7915025 1.4819984 6.043514 -1.6175596714019775 0.9720931649208069
Car 0.0 0 -1.7237093448638916 589.6046142578125 175.56637573242188 650.9081420898438 222.5216827392578 3.518303 1.5018613 1.6026701 0.24387547 1.6037308 25.145458 -1.7140110731124878 0.9640551209449768
Car 0.0 0 -1.4941116571426392 405.6456604003906 180.29806518554688 450.8973083496094 217.58067321777344 3.8292847 1.4318064 1.5682784 -7.6687264 1.7680354 30.533133 -1.7401825189590454 0.9474878311157227
Car 0.0 0 1.8699781894683838 221.0836181640625 187.58493041992188 379.4599914550781 278.0553283691406 4.328335 1.4370096 1.668558 -5.996543 1.7773983 14.4188385 1.4758554697036743 0.9028880000114441
Car 0.0 0 -1.1703970432281494 54.826786041259766 197.66055297851562 309.7606506347656 341.0723571777344 3.3416495 1.3266617 1.5099907 -5.0953245 1.6972966 9.02163 -1.6845242977142334 0.8917723298072815
Car 0.0 0 -1.870827317237854 666.1253051757812 170.85067749023438 810.5624389648438 262.45458984375 3.4937344 1.4317425 1.5759467 2.1192198 1.4007889 13.114316 -1.7106163501739502 0.8537795543670654
Car 0.0 0 -1.6985077857971191 562.93603515625 173.947998046875 602.9163818359375 206.3900604248047 3.471333 1.5000898 1.5167168 -1.40766 1.5567943 35.322243 -1.7383387088775635 0.7707107663154602
Car 0.0 0 1.7066036462783813 421.17510986328125 174.9020233154297 462.42864990234375 207.40219116210938 4.121067 1.6585207 1.6410658 -9.116888 1.7762303 39.21388 1.478170394897461 0.5627171397209167
Car 0.0 0 -0.387551873922348 689.6982421875 164.33303833007812 817.5047607421875 208.11936950683594 4.074762 1.4546181 1.5705278 4.9241633 1.1719028 25.13076 -0.19406157732009888 0.40885695815086365
Car 0.0 0 1.5101016759872437 545.5183715820312 171.5588836669922 572.5921630859375 197.55844116210938 4.0831833 1.7621399 1.6582594 -3.668026 1.6747198 51.033226 1.4383498430252075 0.4035215377807617
