Pedestrian 0.0 0 -0.3009580969810486 817.36767578125 111.93426513671875 934.8968505859375 299.26629638671875 1.0102539 1.8432394 0.53167874 2.742058 1.1601222 7.358945 0.05572056770324707 0.5017368793487549
Pedestrian 0.0 0 -0.7617603540420532 762.8792724609375 167.5543212890625 776.62353515625 191.21051025390625 0.8085026 1.7223332 0.5759348 12.377379 0.7075926 52.75019 -0.531288206577301 0.2189604789018631
Car 0.0 0 -1.5402250289916992 540.0263671875 171.94898986816406 571.2696533203125 200.3012237548828 3.5597703 1.4602846 1.5781951 -2.4373043 0.9692205 38.799644 -1.602960228919983 0.9264223575592041
Car 0.0 0 -0.28955700993537903 216.8965606689453 172.2830810546875 377.7491149902344 234.04144287109375 4.175127 1.6994075 1.703081 -9.161352 1.4469392 21.747536 -0.6882550120353699 0.8155983686447144
Car 0.0 0 -1.2231624126434326 597.0955200195312 170.50245666503906 630.7994384765625 189.89419555664062 3.6260173 1.4934356 1.5461403 1.0548189 0.64702016 57.288834 -1.2047522068023682 0.3414459228515625
Car 0.0 0 1.953167200088501 330.645751953125 175.2900848388672 387.4078674316406 204.26234436035156 3.7553804 1.4613719 1.5691551 -12.807168 1.1490158 38.150833 1.6292897462844849 0.34042176604270935
Car 0.0 0 -1.5605660676956177 617.4878540039062 168.54244995117188 636.5711059570312 186.3352508544922 4.3291235 1.575642 1.6898813 2.4013667 0.42859405 65.81122 -1.524093508720398 0.26541897654533386
Car 0.0 0 -1.4060677289962769 579.9447631835938 168.13623046875 605.0526733398438 186.406005859375 4.0036674 1.6142449 1.659331 -0.74768966 0.43388543 65.571655 -1.41746985912323 0.20126847922801971
Car 0.0 0 0.016974985599517822 0.0 184.9784698486328 79.42472839355469 219.28390502929688 3.776353 1.4865043 1.5526367 -26.53418 1.6569729 33.248528 -0.656579315662384 0.1821824312210083
Car 0.0 0 1.4115889072418213 415.8096618652344 179.57553100585938 458.7914123535156 212.28929138183594 3.5233612 1.4827144 1.4619163 -7.9252143 1.3964264 34.462368 1.185551643371582 0.1689767837524414
