Pedestrian 0.0 0 -1.5817608833312988 956.45947265625 150.70980834960938 977.513427734375 201.55621337890625 0.48043686 1.8341181 0.6839162 13.008381 1.0356967 26.388805 -1.1237685680389404 0.15020477771759033
Pedestrian 0.0 0 2.023766040802002 869.9468383789062 144.66905212402344 892.8663330078125 193.9393768310547 0.6680149 1.9093207 0.61486655 10.6455145 0.8174574 28.411167 2.3822691440582275 0.1182723417878151
Cyclist 0.0 0 1.5025787353515625 211.5764617919922 182.41737365722656 223.5275421142578 209.91346740722656 1.4597833 1.613186 0.53494525 -23.762218 2.201754 43.617188 1.003744125366211 0.17939484119415283
Cyclist 0.0 0 0.44818127155303955 1057.7349853515625 169.19090270996094 1110.1204833984375 214.23739624023438 1.6722838 1.7951293 0.6715149 19.409035 1.649511 29.640339 1.0279362201690674 0.10544907301664352
Car 0.0 0 2.0802409648895264 207.33245849609375 184.96287536621094 292.99969482421875 222.64059448242188 3.9098716 1.4801387 1.6609728 -15.695579 2.0445755 31.616314 1.619446039199829 0.9426660537719727
Car 0.0 0 1.9507638216018677 328.970458984375 183.0541534423828 377.7140808105469 208.3755340576172 3.5808537 1.4523636 1.6323057 -15.863789 2.1099875 44.670204 1.6095249652862549 0.6877632737159729
Car 0.0 0 2.0372231006622314 433.22900390625 179.78976440429688 465.22119140625 196.2169189453125 3.5495207 1.4763142 1.5267786 -15.216998 2.1521497 68.36063 1.8181953430175781 0.22596214711666107
Car 0.0 0 -3.2102365493774414 1073.922119140625 162.7147216796875 1192.93017578125 202.2606964111328 3.8061998 1.5148563 1.6428334 21.102135 1.1268173 29.337486 -2.586681842803955 0.1497868448495865
Car 0.0 0 1.8734853267669678 335.578369140625 171.32518005371094 374.8736267089844 193.6165008544922 4.2290883 1.6597059 1.6855658 -19.693565 1.5462348 55.863255 1.5345569849014282 0.129630908370018
Car 0.0 0 2.5595455169677734 16.20689582824707 191.72959899902344 109.48583984375 223.22491455078125 3.6285183 1.4805261 1.6623863 -28.978474 2.5345125 38.285477 1.91163969039917 0.12188364565372467
Car 0.0 0 -2.3569650650024414 1189.91455078125 142.9704132080078 1242.0 228.8076629638672 3.6628795 1.5876694 1.7917913 14.55633 1.0352921 15.193888 -1.5929940938949585 0.11345616728067398
