Pedestrian 0.0 0 1.7211397886276245 554.7384033203125 145.4348907470703 590.1243896484375 235.82687377929688 0.76806015 1.7639834 0.6039128 -0.7968769 1.2292622 14.488978 1.666196346282959 0.37111029028892517
Pedestrian 0.0 0 1.1997718811035156 496.90252685546875 158.20066833496094 558.64599609375 271.80908203125 0.6528692 1.7292489 0.7893202 -1.3627868 1.5065664 11.453528 1.0813446044921875 0.2265692800283432
Pedestrian 0.0 0 2.791649103164673 630.0218505859375 142.7967529296875 698.74609375 267.2629089355469 0.8766591 1.7803936 0.56130874 0.7470125 1.3508053 10.709264 2.861290216445923 0.21464842557907104
Pedestrian 0.0 0 1.9402713775634766 223.13232421875 135.8002166748047 262.2675476074219 202.5349578857422 1.0448346 1.8444918 0.65945756 -10.46593 0.8207146 20.493418 1.4681026935577393 0.18964101374149323
Pedestrian 0.0 0 -2.646305561065674 337.99755859375 130.712158203125 434.0870056152344 283.6873779296875 1.0254503 1.8616666 0.5501226 -2.8821208 1.3491697 9.145106 -2.9516067504882812 0.1833329051733017
Pedestrian 0.0 0 -0.09495832026004791 763.221923828125 140.0181427001953 812.9453735351562 240.06365966796875 0.81347466 1.7510427 0.5873818 3.1389725 1.1766922 12.974388 0.14241647720336914 0.16416621208190918
Pedestrian 0.0 0 -1.4150453805923462 478.2183837890625 155.85597229003906 521.9303588867188 258.95928955078125 0.7361308 1.8546393 0.6959441 -2.0740826 1.5492337 13.345 -1.5692319869995117 0.12965986132621765
Pedestrian 0.0 0 -2.3405675888061523 174.21670532226562 162.32833862304688 218.1787109375 254.1667938232422 0.5256113 1.6152729 0.44566694 -7.489818 1.4305034 12.974103 -2.864121198654175 0.10880718380212784
Pedestrian 0.0 0 -0.5553620457649231 249.60403442382812 140.4434356689453 323.46337890625 274.0870666503906 0.74039835 1.7842172 0.5966898 -4.577203 1.3518758 10.103789 -0.9807232618331909 0.10729122161865234
Pedestrian 0.0 0 -1.7430963516235352 316.78753662109375 126.53772735595703 372.29296875 258.41802978515625 1.7209473 1.9186102 0.5233842 -4.2600427 1.2451534 11.368814 -2.1016154289245605 0.10515183955430984
Cyclist 0.0 0 -1.9219130277633667 311.2444152832031 123.63052368164062 376.7972412109375 247.5306854248047 1.7154214 1.8292816 0.39965686 -4.291202 1.1028962 11.43076 -2.2810416221618652 0.25093215703964233
Car 0.0 0 -0.8347804546356201 827.0228881835938 170.30380249023438 1166.9034423828125 321.5862731933594 3.4711964 1.4835882 1.5869391 4.42449 1.4589369 8.414632 -0.35069939494132996 0.9655535817146301
Car 0.0 0 1.9306832551956177 1112.966796875 175.892578125 1242.0 307.525390625 3.4852796 1.4927921 1.5293025 8.535105 1.5405062 9.745743 2.649953603744507 0.8703750967979431
