Pedestrian 0.0 0 2.0847842693328857 934.256591796875 145.99945068359375 1027.20556640625 319.0105895996094 0.76008254 1.776987 0.60223925 4.049601 1.4243263 7.7162247 2.568087339401245 0.7264395952224731
Pedestrian 0.0 0 -3.3672566413879395 839.5174560546875 171.15773010253906 870.5592651367188 243.98475646972656 0.60440177 1.7925644 0.643424 6.234299 1.5642111 17.751825 -3.029520273208618 0.2084454745054245
Pedestrian 0.0 0 -0.7029127478599548 1028.51123046875 167.57882690429688 1089.0755615234375 273.1138000488281 0.62670416 1.7070242 0.57097846 7.493321 1.4996781 11.756711 -0.13547079265117645 0.17357419431209564
Pedestrian 0.0 0 -2.257378339767456 1130.30810546875 135.15525817871094 1195.5419921875 243.0570068359375 0.6495072 1.7140149 0.5489786 9.063333 0.99537075 11.557056 -1.5923305749893188 0.16677851974964142
Pedestrian 0.0 0 2.1796255111694336 14.142839431762695 169.5216827392578 74.77539825439453 261.755859375 0.7509068 1.8171277 0.65129507 -11.381514 1.6024711 14.319897 1.5080606937408447 0.14931252598762512
Pedestrian 0.0 0 1.3893166780471802 759.4028930664062 138.1884002685547 808.16845703125 245.84295654296875 0.94628066 1.8178927 0.6665337 3.0823371 1.105053 12.427274 1.632440447807312 0.1101497933268547
Pedestrian 0.0 0 0.08372460305690765 672.0921630859375 170.73098754882812 723.9954223632812 259.1081848144531 1.0132562 1.765307 0.57308656 1.8741784 1.5718024 14.50494 0.21222233772277832 0.1071605533361435
Cyclist 0.0 0 1.0054681301116943 875.1409301757812 159.96238708496094 959.7811279296875 283.58648681640625 1.5627508 1.8454372 0.47183952 4.9319425 1.5405172 11.358223 1.4151203632354736 0.12506821751594543
Cyclist 0.0 0 1.9152030944824219 1121.7720947265625 183.3943634033203 1224.0 370.0 1.5776359 1.59677 0.57907903 5.455835 1.6279576 6.550521 2.6096770763397217 0.10884404927492142
Car 0.0 0 -1.2040815353393555 486.6999816894531 140.4937744140625 577.4252319335938 196.9321746826172 3.454307 1.5419967 1.5666097 -2.1252325 0.4505356 21.185394 -1.3040629625320435 0.11301447451114655
Car 0.0 0 2.28080415725708 1142.0926513671875 188.2116241455078 1224.0 245.84556579589844 3.4305692 1.4191557 1.6828501 16.489319 1.6371357 18.764112 3.0017647743225098 0.10353440046310425
