Pedestrian 0.0 0 2.987917900085449 678.3101806640625 180.4887237548828 697.8955078125 216.9080047607422 0.92687047 1.8476274 0.53757656 3.966319 2.2427404 37.014294 3.0946669578552246 0.4470702111721039
Pedestrian 0.0 0 1.3531602621078491 780.63232421875 146.781494140625 803.2501831054688 199.11798095703125 0.7122754 1.7812178 0.6167574 6.2337484 0.8942253 24.918524 1.5982943773269653 0.3450336158275604
Pedestrian 0.0 0 1.4041683673858643 864.4534301757812 178.3834228515625 910.5780639648438 289.68402099609375 0.6980692 1.6938641 0.57000285 4.326064 1.7847728 11.415504 1.7664097547531128 0.28728246688842773
Cyclist 0.0 0 -1.0754008293151855 1164.66064453125 108.24919891357422 1242.0 233.2161407470703 1.7357295 1.7731127 0.55078393 9.119092 0.8568153 10.808743 -0.37458884716033936 0.2732613682746887
Car 0.0 0 -1.2455244064331055 236.0520477294922 193.2635955810547 465.7171936035156 343.28045654296875 3.818715 1.4342595 1.5873735 -3.101919 1.7526754 9.328796 -1.5665338039398193 0.9703598022460938
Car 0.0 0 1.5199686288833618 634.101318359375 184.81048583984375 685.760986328125 227.22991943359375 3.8656986 1.3615646 1.6584883 1.6996138 1.8282956 26.197187 1.584755539894104 0.9513160586357117
Car 0.0 0 1.700155258178711 530.0805053710938 174.473388671875 565.5498046875 205.63343811035156 4.1293807 1.8346498 1.676487 -3.8437657 1.940268 44.797752 1.6145622730255127 0.7262429594993591
Car 0.0 0 -1.5449228286743164 626.857421875 175.6332550048828 653.7056884765625 201.015625 3.5839894 1.47936 1.5567833 1.8585526 1.6574329 44.294334 -1.502988338470459 0.6245844960212708
Car 0.0 0 1.645472764968872 552.5800170898438 178.59335327148438 578.1683349609375 200.86904907226562 4.0659294 1.557902 1.5986999 -3.3037772 2.000534 53.555767 1.5838623046875 0.6171477437019348
Car 0.0 0 2.5442452430725098 0.0 0.0 1242.0 375.0 4.0866785 1.4892592 1.6154307 -2.967915 1.4567524 1.5867982 1.4644312858581543 0.46476951241493225
Car 0.0 0 3.266061305999756 438.41363525390625 181.989990234375 517.467529296875 211.0098876953125 4.1974874 1.5692846 1.6845652 -7.4097695 2.0956042 40.577644 3.085444211959839 0.31216761469841003
