Pedestrian 0.0 0 -2.478991985321045 673.9837036132812 169.50730895996094 685.4441528320312 194.83274841308594 0.61670434 1.9216255 0.6280843 5.3062043 1.6680449 55.185616 -2.383134603500366 0.3486519157886505
Pedestrian 0.0 0 1.9127726554870605 466.97979736328125 173.42713928222656 501.9750671386719 241.85523986816406 1.0291516 1.8692019 0.66435194 -3.5648754 1.8861176 20.27928 1.7387614250183105 0.22264821827411652
Pedestrian 0.0 0 2.2439780235290527 1170.071044921875 204.94915771484375 1227.852783203125 307.2940979003906 0.5724055 1.5039855 0.41984534 8.94994 2.0071235 11.033944 2.9254674911499023 0.15142904222011566
Pedestrian 0.0 0 1.852315902709961 308.9512634277344 172.65016174316406 380.80584716796875 296.7733459472656 1.712832 1.6833586 0.54427993 -3.926434 1.6809518 10.656417 1.4992936849594116 0.13396966457366943
Pedestrian 0.0 0 2.8443241119384766 561.195068359375 181.2264404296875 578.5626220703125 212.41806030273438 0.8826524 1.8036014 0.59507096 -2.392334 2.3007967 42.38279 2.787938117980957 0.13359108567237854
Pedestrian 0.0 0 1.290816068649292 790.7301635742188 168.85411071777344 850.1564331054688 275.44012451171875 0.6395302 1.6937784 0.7832899 3.3718038 1.6305732 11.783611 1.5695124864578247 0.11790749430656433
Pedestrian 0.0 0 1.9972162246704102 753.9515991210938 146.93287658691406 777.2223510742188 199.13438415527344 0.5299255 1.9343008 0.6999817 5.8128347 0.9741647 27.154673 2.208097457885742 0.10437562316656113
Cyclist 0.0 0 1.8680940866470337 472.9775085449219 167.14230346679688 508.5723876953125 236.08250427246094 1.2339786 1.867089 0.65241325 -3.3705804 1.7127589 20.192999 1.7027006149291992 0.14951269328594208
Cyclist 0.0 0 1.8853797912597656 306.60430908203125 173.70298767089844 381.9333801269531 297.6775817871094 1.7820733 1.6731081 0.5194406 -3.9287028 1.687057 10.6476145 1.5319018363952637 0.14562079310417175
Car 0.0 0 1.4772261381149292 659.8353271484375 181.74142456054688 696.999267578125 212.55149841308594 3.753049 1.5286142 1.6339235 3.5907183 2.0295072 38.756355 1.5696109533309937 0.8344893455505371
Car 0.0 0 0.4261248707771301 38.75856018066406 190.9044952392578 362.47991943359375 307.560546875 3.6211379 1.4392605 1.5812258 -5.5867915 1.7160505 10.1171465 -0.07841365039348602 0.27641192078590393
Car 0.0 0 -0.2311287522315979 666.721923828125 173.14686584472656 709.8187866210938 189.8943634033203 3.5943928 1.4869243 1.600033 7.026074 1.5141227 65.10998 -0.12363385409116745 0.20260471105575562
Car 0.0 0 -1.6599106788635254 748.2578735351562 171.80111694335938 856.21875 286.9761962890625 3.703416 1.8489468 1.5832671 3.408716 1.8324022 13.533374 -1.4131683111190796 0.15097752213478088
