Pedestrian 0.0 0 -1.0862352848052979 882.4910888671875 157.0252227783203 913.5509643554688 222.55389404296875 0.5399266 1.7879386 0.6242444 7.9744406 1.3564112 20.096958 -0.7084919214248657 0.3649486005306244
Pedestrian 0.0 0 1.1341909170150757 864.3958129882812 171.7616729736328 900.880615234375 221.7657928466797 1.7147025 1.6390108 0.4754013 9.200334 1.603565 24.52067 1.4931433200836182 0.2121572196483612
Pedestrian 0.0 0 0.2348707616329193 98.35389709472656 185.73199462890625 117.69742584228516 216.43959045410156 0.8296432 1.7599509 0.5136984 -29.298199 2.5181725 42.068905 -0.3734576404094696 0.20237259566783905
Cyclist 0.0 0 1.158074975013733 864.3868408203125 170.86138916015625 899.3016967773438 219.53244018554688 1.7195877 1.5963631 0.4554233 9.17903 1.5313654 24.53394 1.5160880088806152 0.4254511594772339
Cyclist 0.0 0 -0.7270869016647339 877.5257568359375 157.2100830078125 920.735595703125 222.98092651367188 1.0469457 1.7947416 0.5055487 8.007157 1.3682116 20.102577 -0.3480340242385864 0.20786152780056
Car 0.0 0 1.80247163772583 391.4051818847656 183.75747680664062 443.25689697265625 218.9765167236328 3.4320822 1.417092 1.4621059 -8.481046 1.9248893 31.840775 1.5421574115753174 0.9117352366447449
Car 0.0 0 1.9316130876541138 324.5591735839844 184.13784790039062 391.2978820800781 219.55072021484375 4.0611243 1.499714 1.630556 -11.794553 2.062533 33.912247 1.596902847290039 0.8768509030342102
Car 0.0 0 -1.4620031118392944 597.261962890625 175.17115783691406 629.6900024414062 200.78761291503906 3.7221165 1.5305139 1.6477352 0.22606178 1.6829195 45.40117 -1.4570239782333374 0.8476256728172302
Car 0.0 0 1.6982059478759766 482.0024108886719 176.55520629882812 509.614501953125 198.31292724609375 3.9749558 1.6033959 1.6213369 -8.828816 1.9006405 55.86404 1.5414612293243408 0.6539577841758728
Car 0.0 0 1.8837661743164062 258.81097412109375 182.45068359375 391.7047424316406 254.24667358398438 4.345204 1.4202784 1.6424944 -6.5858455 1.6772616 17.077368 1.5156934261322021 0.25355392694473267
Car 0.0 0 1.9209736585617065 30.45551109313965 203.86817932128906 117.01750183105469 247.4872283935547 3.3169746 1.4466844 1.6940588 -21.013906 2.7449338 28.361803 1.2833073139190674 0.24270957708358765
Car 0.0 0 1.8572839498519897 403.43231201171875 172.86688232421875 478.05950927734375 213.42770385742188 4.4251566 1.462689 1.6585076 -6.5642467 1.4635922 28.275702 1.6291731595993042 0.19210268557071686
