Pedestrian 0.0 0 0.44652649760246277 566.8311767578125 155.6648406982422 586.1749267578125 191.20497131347656 0.8848688 1.8600304 0.519536 -1.8078249 0.96077526 38.171013 0.3992006778717041 0.5141345262527466
Pedestrian 0.0 0 -1.5976594686508179 464.5587158203125 177.5786895751953 487.4586486816406 232.30337524414062 1.8688754 1.6705632 0.66774833 -4.363637 1.8291479 23.17719 -1.7837539911270142 0.15389016270637512
Cyclist 0.0 0 1.6056125164031982 431.9189147949219 176.54541015625 454.54620361328125 238.4155731201172 1.9232613 1.6904247 0.57387954 -4.846326 1.8024706 20.829287 1.3770108222961426 0.8293076753616333
Cyclist 0.0 0 -1.487296223640442 462.7029724121094 179.011962890625 486.5870666503906 234.97210693359375 1.8577151 1.6969826 0.6003677 -4.353132 1.9021719 23.042759 -1.6740111112594604 0.6160726547241211
Car 0.0 0 1.156688928604126 758.8943481445312 183.76150512695312 1079.4090576171875 371.1169128417969 3.7308667 1.4564323 1.6634985 2.8602877 1.6027563 7.7409286 1.5106306076049805 0.9535219073295593
Car 0.0 0 -1.8616321086883545 654.3935546875 180.88400268554688 756.8405151367188 250.7196807861328 3.1879473 1.4174755 1.4775397 2.0646276 1.6228881 16.727413 -1.7388254404067993 0.9527266025543213
Car 0.0 0 -1.7399709224700928 556.9669799804688 181.84231567382812 602.1172485351562 215.42893981933594 3.6825848 1.5193179 1.6226069 -1.5945306 1.9885342 35.663353 -1.784651756286621 0.9525370597839355
Car 0.0 0 -1.473055124282837 344.9697570800781 191.52023315429688 421.46405029296875 251.23471069335938 3.5439057 1.3455522 1.6122944 -6.0273666 1.8954643 19.34143 -1.7751470804214478 0.9299423098564148
Car 0.0 0 -1.7869281768798828 608.9932250976562 177.7570037841797 678.3320922851562 229.7082977294922 3.3938618 1.5480633 1.5618056 0.9841066 1.7213947 23.645683 -1.7453333139419556 0.9088224172592163
Car 0.0 0 -1.7039635181427002 535.13427734375 180.79502868652344 566.5767211914062 205.84561157226562 3.416318 1.4835188 1.5396669 -3.812852 2.0073044 45.723454 -1.7871603965759277 0.7444643974304199
Car 0.0 0 0.8654387593269348 924.6039428710938 174.7186737060547 1242.0 375.0 3.9985266 1.487529 1.6373293 2.7410047 1.5004414 2.8045392 1.6393805742263794 0.7152372598648071
Car 0.0 0 1.68136465549469 367.19171142578125 186.85400390625 431.7509460449219 238.9630584716797 4.17665 1.5154233 1.6362936 -7.054811 2.0311007 24.358738 1.39945650100708 0.6061319708824158
