Car 0.0 0 1.9455115795135498 197.84422302246094 198.20042419433594 366.6394348144531 297.1857604980469 3.8681774 1.4615201 1.5641445 -6.010426 2.0094712 13.621203 1.5299535989761353 0.946549117565155
Car 0.0 0 -0.396662175655365 845.02685546875 152.1097412109375 1017.6737670898438 210.25946044921875 4.1125035 1.5679985 1.6822426 8.902476 1.0089909 20.327581 0.016126394271850586 0.9360390901565552
Car 0.0 0 1.799269199371338 391.6264343261719 189.0263214111328 466.9052734375 237.98907470703125 4.048035 1.4263519 1.5877932 -6.050441 2.0192115 24.396639 1.55617094039917 0.9313806891441345
Car 0.0 0 1.891469120979309 317.442138671875 192.23654174804688 426.556640625 259.6502380371094 3.7719796 1.4479405 1.5306348 -6.000652 1.9954107 18.473139 1.5773899555206299 0.9121975898742676
Car 0.0 0 1.7891206741333008 448.1788330078125 187.42303466796875 505.0083312988281 223.123291015625 4.2000265 1.3929998 1.6061316 -5.8788447 2.0828419 32.016163 1.6075224876403809 0.910917341709137
Car 0.0 0 -1.701164960861206 668.7721557617188 174.35263061523438 728.15185546875 217.80108642578125 4.208497 1.4507293 1.5973018 3.1009617 1.5102131 26.349655 -1.5840187072753906 0.8866977095603943
Car 0.0 0 2.205526113510132 0.0 206.72885131835938 258.02996826171875 375.0 4.0831575 1.498319 1.6442429 -5.9152727 1.982229 8.245336 1.5832120180130005 0.8654429912567139
Car 0.0 0 2.7454514503479004 800.0502319335938 164.0483856201172 931.5371704101562 206.2454833984375 4.068111 1.434148 1.596526 8.912773 1.1352304 25.437136 3.0824685096740723 0.7998372316360474
Car 0.0 0 2.383727788925171 1185.633056640625 133.9041748046875 1242.0 178.58018493652344 4.2346625 1.5258574 1.6464258 23.064987 0.19592902 25.5118 3.1187984943389893 0.7499277591705322
Car 0.0 0 2.6893227100372314 840.5529174804688 149.90562438964844 964.5521850585938 199.8566436767578 3.31253 1.5250437 1.5301014 9.187443 0.8247697 22.906713 3.070760488510132 0.7425168752670288
Car 0.0 0 -0.7580859661102295 1141.8388671875 135.45130920410156 1242.0 175.15548706054688 4.3318157 1.4907197 1.616524 23.328196 0.08676881 28.033068 -0.06403635442256927 0.7008656859397888
