Pedestrian 0.0 0 2.0848164558410645 537.9215087890625 179.9322967529297 588.9487915039062 267.5421447753906 0.8120346 1.6692021 0.7003314 -0.7831266 1.6405901 14.202717 2.0297329425811768 0.8460304737091064
Pedestrian 0.0 0 1.9513698816299438 590.4636840820312 171.91615295410156 611.9337768554688 219.03941345214844 0.6717569 1.8720422 0.6647129 -0.024293035 1.4923143 28.969463 1.9505313634872437 0.7703209519386292
Pedestrian 0.0 0 1.4209285974502563 621.707275390625 171.17337036132812 636.4617919921875 208.7599639892578 0.8610307 1.7426577 0.5693435 1.2849531 1.2647994 33.76173 1.4589697122573853 0.6980199813842773
Pedestrian 0.0 0 0.4763043224811554 441.0270690917969 178.7375030517578 480.45306396484375 261.4082336425781 0.5987147 1.611558 0.5259927 -2.8426256 1.5589583 14.335989 0.28055739402770996 0.6233437061309814
Pedestrian 0.0 0 1.2202913761138916 604.7230224609375 172.1587371826172 625.78369140625 222.2106170654297 0.55759555 1.5683419 0.5084402 0.41051793 1.2767473 22.852446 1.2382532358169556 0.5319780111312866
Pedestrian 0.0 0 0.24390985071659088 644.6007080078125 172.74667358398438 662.9361572265625 207.25283813476562 0.77276087 1.6071491 0.45882073 2.452798 1.2003781 33.79259 0.31636667251586914 0.5118478536605835
Pedestrian 0.0 0 -3.101496458053589 628.7701416015625 170.21517944335938 646.2391967773438 207.16943359375 0.8214135 1.7732587 0.6531046 1.7434511 1.2326579 34.82904 -3.051480770111084 0.4131743311882019
Pedestrian 0.0 0 1.803421974182129 701.9620971679688 161.97161865234375 719.06396484375 204.02618408203125 0.50738543 1.8110068 0.63711685 4.738236 0.9710152 31.28559 1.9537307024002075 0.36995604634284973
Pedestrian 0.0 0 0.6648692488670349 168.51686096191406 161.94126892089844 263.2532043457031 306.499755859375 0.93464804 1.8310388 0.59166414 -5.1143165 1.5846345 9.46656 0.1695418357849121 0.2694481313228607
Pedestrian 0.0 0 1.3693711757659912 585.2750854492188 165.4618682861328 603.3419189453125 206.2005615234375 0.7301102 1.8149934 0.68225664 -0.33788422 1.1014079 32.42932 1.3589524030685425 0.26932796835899353
Pedestrian 0.0 0 1.622482419013977 523.429443359375 169.388427734375 551.6782836914062 246.2643280029297 1.862082 1.8262335 0.6142167 -1.6163328 1.5397155 18.003864 1.5329455137252808 0.24205100536346436
Pedestrian 0.0 0 1.1087743043899536 687.6381225585938 167.49513244628906 705.824462890625 203.2230682373047 0.8043755 1.8142079 0.63465744 4.8936534 1.103933 36.956676 1.240424394607544 0.20495785772800446
Pedestrian 0.0 0 2.200265407562256 562.801513671875 179.63323974609375 588.7188720703125 223.9360809326172 0.7962011 1.6938955 0.6689976 -1.0165864 1.6235437 27.979616 2.1639482975006104 0.20154356956481934
Pedestrian 0.0 0 0.9557681083679199 764.71044921875 151.70748901367188 794.3173828125 205.50869750976562 0.7445695 1.726634 0.624569 5.798897 0.77160543 23.51132 1.1975845098495483 0.19278639554977417
Pedestrian 0.0 0 1.267446756362915 743.8446044921875 181.65509033203125 795.13720703125 271.6716613769531 1.3242896 1.5868307 0.55083287 3.0593524 1.5911107 13.344096 1.4928182363510132 0.11119133979082108
Cyclist 0.0 0 1.7138025760650635 517.395751953125 172.14459228515625 551.6798095703125 249.28277587890625 1.7876991 1.8219513 0.6045643 -1.6773916 1.6021843 17.871655 1.620219111442566 0.41528600454330444
Cyclist 0.0 0 1.2555713653564453 747.669921875 185.07972717285156 802.3711547851562 278.3466491699219 1.5268064 1.6191767 0.5299171 3.1486638 1.6906729 13.310775 1.4878517389297485 0.2149297446012497
Car 0.0 0 -1.5682250261306763 625.3326416015625 174.7713623046875 654.4718627929688 201.42222595214844 3.93684 1.5093948 1.6497078 2.2902002 1.1291112 42.692562 -1.5146323442459106 0.40939778089523315
