Pedestrian 0.0 0 -1.830324411392212 707.8350830078125 164.43386840820312 761.0462646484375 271.9349060058594 0.9542799 1.7351913 0.653291 2.181033 1.4610165 12.094179 -1.6519047021865845 0.9512478709220886
Pedestrian 0.0 0 1.6319384574890137 378.6454162597656 165.95118713378906 422.85833740234375 270.8578186035156 0.87653273 1.6195494 0.63770556 -3.2643237 1.3808078 11.582934 1.357241153717041 0.9074482917785645
Pedestrian 0.0 0 -1.400587558746338 497.28173828125 170.71963500976562 517.432373046875 217.2050323486328 0.93965906 1.7263399 0.6067368 -3.5706546 1.3270231 27.155806 -1.5313252210617065 0.844059944152832
Pedestrian 0.0 0 -1.7792458534240723 657.962646484375 166.52577209472656 704.6234741210938 273.3006896972656 0.9239793 1.7017813 0.5873728 1.2708704 1.4644165 11.935811 -1.6731700897216797 0.8257461190223694
Pedestrian 0.0 0 1.393615484237671 749.6725463867188 168.5084991455078 769.8074340820312 219.18612670898438 0.6650683 1.6168191 0.5260502 5.095321 1.2034386 23.257551 1.609290361404419 0.7742770314216614
Pedestrian 0.0 0 0.572894811630249 730.4498901367188 161.26824951171875 762.3895874023438 214.56646728515625 0.8382187 1.8189095 0.7158275 5.034595 1.1295334 25.06079 0.771151065826416 0.7390444278717041
Pedestrian 0.0 0 1.2918791770935059 770.7225341796875 151.40264892578125 804.7949829101562 215.87855529785156 0.9648946 1.7612163 0.68141 5.175379 0.9402369 20.110823 1.5437568426132202 0.44613543152809143
Pedestrian 0.0 0 0.2793067693710327 424.7366638183594 179.6262664794922 439.40399169921875 211.41505432128906 0.64257276 1.7285795 0.6009995 -9.283455 1.6275172 39.373787 0.04775810241699219 0.365549236536026
Pedestrian 0.0 0 1.3461614847183228 764.629638671875 149.75506591796875 787.2417602539062 210.84869384765625 0.59326 1.7559605 0.5200983 5.0543547 0.8446825 20.94363 1.5829648971557617 0.358419269323349
Pedestrian 0.0 0 1.0759449005126953 254.89353942871094 170.84603881835938 308.0558166503906 249.40756225585938 0.9898858 1.7547324 0.7430506 -7.447889 1.5179853 16.638098 0.6550548076629639 0.3401331305503845
Pedestrian 0.0 0 -3.121438980102539 646.7758178710938 174.042724609375 661.1223754882812 202.83026123046875 0.880246 1.7788172 0.5315648 3.2747934 1.3187585 44.68984 -3.0482914447784424 0.3376297950744629
Pedestrian 0.0 0 -0.07615676522254944 579.4570922851562 173.45230102539062 591.57568359375 195.46107482910156 0.9512186 1.784362 0.5048525 -1.2734596 1.1323941 58.5341 -0.09790918976068497 0.305307000875473
Pedestrian 0.0 0 -1.7725521326065063 706.9177856445312 166.32211303710938 729.899169921875 217.64389038085938 0.77350384 1.672018 0.60701823 3.8447797 1.1786284 23.799139 -1.6123847961425781 0.29548048973083496
Pedestrian 0.0 0 1.3925402164459229 545.3056030273438 168.57281494140625 570.2357177734375 219.63558959960938 1.791826 1.7725189 0.5832316 -1.6088003 1.3248494 25.87219 1.3304375410079956 0.2183315008878708
Cyclist 0.0 0 1.8937580585479736 520.6983642578125 171.0314483642578 567.669677734375 247.8014678955078 1.6622988 1.7595489 0.639209 -1.3932451 1.5208225 17.34505 1.8136049509048462 0.8972527384757996
Cyclist 0.0 0 1.7726622819900513 583.8068237304688 170.1824951171875 612.1131591796875 226.2981719970703 1.8376366 1.782081 0.58313644 -0.12351725 1.4237702 23.767828 1.7674654722213745 0.8065024018287659
Cyclist 0.0 0 1.3503633737564087 544.2430419921875 167.36062622070312 570.502685546875 217.0537872314453 1.7003692 1.732172 0.58451706 -1.6264014 1.240375 25.934616 1.287733793258667 0.6039338707923889
Cyclist 0.0 0 1.477954626083374 690.0699462890625 171.87062072753906 714.3285522460938 234.42579650878906 1.6640141 1.7040657 0.52477646 2.8188672 1.4429092 20.408384 1.6152091026306152 0.3579474091529846
Cyclist 0.0 0 -2.682220697402954 272.7717590332031 179.21482849121094 352.4414978027344 235.81509399414062 1.874801 1.549805 0.89762694 -8.126896 1.4883889 20.18579 -3.0649704933166504 0.3380565345287323
Car 0.0 0 1.568603515625 553.7734985351562 169.521484375 579.1277465820312 198.0256805419922 3.9861295 1.8313191 1.6285934 -2.3426063 1.0624367 48.180355 1.5200201272964478 0.5369426608085632
Car 0.0 0 -2.794970989227295 0.0 0.0 1238.0 374.0 3.9214263 1.5374376 1.6294024 2.7768502 1.3878003 1.1455098 -1.6154284477233887 0.3167189359664917
