Pedestrian 0.0 0 1.699124813079834 1004.8174438476562 136.97509765625 1041.0013427734375 214.53480529785156 0.87803024 1.7115703 0.6050017 9.501553 0.7526868 16.130291 2.2314541339874268 0.5396023988723755
Pedestrian 0.0 0 1.2087206840515137 734.9400634765625 135.56240844726562 798.4508666992188 266.1294250488281 0.8096091 1.8582492 0.67355645 2.3412209 1.220357 10.506469 1.4279745817184448 0.324010968208313
Pedestrian 0.0 0 -3.426316261291504 879.426513671875 118.66241455078125 994.5369262695312 275.2240905761719 1.0574394 1.7176359 0.65407217 3.7477708 1.0409043 8.152603 -2.9954233169555664 0.20284874737262726
Pedestrian 0.0 0 3.2196547985076904 331.9364929199219 174.18675231933594 341.18109130859375 197.24342346191406 0.60503834 1.7365342 0.6888801 -20.36367 1.2623096 53.662598 2.8569657802581787 0.19625118374824524
Pedestrian 0.0 0 -1.3572862148284912 82.2294692993164 156.3878936767578 105.27473449707031 199.79002380371094 0.7217192 1.8651862 0.6785246 -22.32085 0.83045536 30.846804 -1.9836783409118652 0.18581365048885345
Pedestrian 0.0 0 -0.2331533432006836 427.07147216796875 172.29141235351562 439.336181640625 195.76373291015625 0.8313953 1.8419119 0.57883763 -13.578038 1.1990132 55.92494 -0.4713350832462311 0.1312285214662552
Cyclist 0.0 0 -3.270524024963379 894.2839965820312 106.85686492919922 1017.4630126953125 276.8893737792969 1.1879152 1.8406833 0.72239923 3.9657276 1.0451498 8.179988 -2.819103240966797 0.20575860142707825
Car 0.0 0 2.8680481910705566 749.3185424804688 157.9456329345703 808.67626953125 176.99459838867188 4.304925 1.4828845 1.6225704 13.823224 -0.28199965 56.241646 3.109053611755371 0.45037513971328735
Car 0.0 0 2.13327956199646 155.34877014160156 158.02578735351562 267.43548583984375 205.58795166015625 3.9738057 1.5724704 1.6493666 -14.018187 0.83098364 25.40257 1.629023790359497 0.1951584368944168
Car 0.0 0 1.7114918231964111 438.30523681640625 175.77554321289062 460.8350524902344 192.64036560058594 3.5342233 1.4502994 1.4699126 -13.715884 1.04521 62.615227 1.4958475828170776 0.170085608959198
Car 0.0 0 1.8941287994384766 171.0076446533203 184.52394104003906 232.62124633789062 218.0125274658203 3.7669919 1.5558306 1.5579238 -20.071665 1.7696593 35.32097 1.377370834350586 0.16995462775230408
Car 0.0 0 -2.5848617553710938 319.2124938964844 173.37966918945312 387.7653503417969 197.98365783691406 3.644096 1.4624423 1.6163133 -15.353809 1.0405827 43.20012 -2.92634916305542 0.16426913440227509
Car 0.0 0 0.5249613523483276 179.00698852539062 160.1171875 251.8878631591797 182.63026428222656 4.142943 1.523486 1.6246176 -26.7917 0.14547105 48.69955 0.022008657455444336 0.15637151896953583
Car 0.0 0 2.1100409030914307 227.784423828125 174.28500366210938 290.9368591308594 202.51283264160156 3.7874086 1.5927235 1.6483294 -20.384197 1.2434362 41.84693 1.656755805015564 0.14645856618881226
Car 0.0 0 1.6486663818359375 513.3936767578125 170.4992218017578 534.78955078125 187.82083129882812 4.278521 1.5183399 1.6025485 -7.284319 0.6428951 64.138176 1.535578727722168 0.14164747297763824
