Pedestrian 0.0 0 1.605006456375122 1123.8878173828125 141.8540496826172 1150.6097412109375 198.18118286132812 0.65691984 1.9662889 0.7464373 18.718868 0.8844892 25.673662 2.235002040863037 0.3542017340660095
Pedestrian 0.0 0 -0.906281590461731 769.2736206054688 151.16796875 784.037841796875 181.32357788085938 0.73819035 1.9724038 0.62917954 10.979784 0.55433255 47.667953 -0.6798913478851318 0.2730925679206848
Pedestrian 0.0 0 1.5474737882614136 1022.404541015625 174.71490478515625 1043.051513671875 219.99473571777344 0.79127705 1.8951523 0.73997223 17.977451 1.9762182 30.765165 2.0763022899627686 0.18725016713142395
Pedestrian 0.0 0 0.027329295873641968 975.7265625 182.23867797851562 1007.3033447265625 237.58250427246094 0.88373816 1.7335079 0.66883457 12.265768 2.0432749 23.278008 0.5122842788696289 0.14059022068977356
Pedestrian 0.0 0 -2.0034778118133545 790.024658203125 170.27627563476562 804.255126953125 198.24996948242188 0.7431044 1.7479109 0.6129638 11.767166 1.5872018 45.502213 -1.7504154443740845 0.13216860592365265
Pedestrian 0.0 0 2.3785862922668457 1150.33251953125 155.87619018554688 1187.7396240234375 220.38510131835938 0.5685055 1.7287623 0.57029146 15.169972 1.274135 19.647104 3.0360960960388184 0.11050309240818024
Cyclist 0.0 0 -1.8161258697509766 945.595703125 184.42918395996094 965.2490844726562 226.97454833984375 1.5490006 1.618243 0.33516395 13.670982 2.0912106 28.664955 -1.3711096048355103 0.12771093845367432
Car 0.0 0 -1.6606009006500244 850.6403198242188 186.5594024658203 909.4786987304688 232.85467529296875 4.113803 1.5136777 1.6883906 10.011169 2.0707612 27.100807 -1.3067445755004883 0.961516797542572
Car 0.0 0 -1.9198977947235107 983.2476196289062 192.8405303955078 1242.0 375.0 3.8090017 1.4415867 1.5746305 3.835851 1.6398222 5.0893936 -1.2740360498428345 0.9509373307228088
Car 0.0 0 0.4506158232688904 967.76416015625 180.32786560058594 1077.2464599609375 217.4645538330078 4.045716 1.5501014 1.6471199 18.797775 1.9154984 33.10581 0.9670290946960449 0.18939031660556793
