Pedestrian 0.0 0 -1.9049246311187744 702.2406616210938 159.90103149414062 727.69189453125 205.98548889160156 0.9005367 1.776272 0.73232836 4.0711246 1.277373 28.319788 -1.762147307395935 0.8425356149673462
Cyclist 0.0 0 1.8131037950515747 402.1503601074219 178.16038513183594 454.7911682128906 270.41656494140625 1.8872643 1.702188 0.5837216 -3.6310785 1.8151537 14.364 1.5655007362365723 0.9271056056022644
Cyclist 0.0 0 1.5780200958251953 510.97406005859375 174.96893310546875 528.2802124023438 221.11544799804688 1.8015003 1.7734543 0.66296464 -3.6377425 1.8608152 28.74586 1.4521408081054688 0.8791593313217163
Cyclist 0.0 0 1.6702113151550293 447.8935852050781 174.20956420898438 487.4053039550781 264.6836242675781 1.9119898 1.7303331 0.6130376 -2.945795 1.7603583 14.807374 1.4738341569900513 0.8757151961326599
Car 0.0 0 1.7100352048873901 386.33941650390625 184.90538024902344 464.9794006347656 242.8477020263672 4.5980463 1.5088493 1.7056116 -5.5770698 1.9189571 22.152533 1.4634029865264893 0.886056125164032
Car 0.0 0 -1.5138027667999268 638.6390991210938 177.07241821289062 670.1759033203125 205.1289520263672 4.025542 1.5632783 1.6477724 2.650056 1.8268764 42.927013 -1.4521470069885254 0.8817065358161926
Car 0.0 0 2.2371509075164795 0.0 198.13302612304688 231.290771484375 375.0 3.904152 1.5406278 1.5839374 -4.998752 1.8214835 6.0317307 1.5451281070709229 0.877919614315033
Car 0.0 0 -2.4175641536712646 919.2500610351562 182.2867889404297 1242.0 375.0 3.670836 1.4938123 1.581647 2.542809 1.5487704 2.3253634 -1.5875288248062134 0.7262729406356812
Car 0.0 0 1.9037396907806396 489.64300537109375 181.1784210205078 542.7520751953125 210.93624877929688 4.289228 1.5378399 1.6691666 -5.271539 2.0354052 40.824364 1.7753230333328247 0.6758727431297302
Car 0.0 0 -1.2523685693740845 653.990478515625 173.47421264648438 691.7365112304688 197.2078857421875 3.949243 1.6685579 1.605966 4.6265817 1.7162772 52.966442 -1.1652404069900513 0.38852041959762573
