Pedestrian 0.0 0 -1.8470737934112549 693.3345947265625 160.44998168945312 712.3929443359375 200.25442504882812 0.89973015 1.8731692 0.68161994 4.3898787 1.289803 34.447945 -1.720321774482727 0.7328999638557434
Pedestrian 0.0 0 0.9708424806594849 719.9832153320312 130.4148406982422 758.6049194335938 215.0376739501953 0.6791716 1.7297031 0.5017472 2.660692 0.86259836 15.15851 1.1445971727371216 0.32452648878097534
Pedestrian 0.0 0 -3.041853904724121 624.6552124023438 170.7382049560547 635.4518432617188 193.29270935058594 0.7933518 1.7567116 0.5689251 1.5475731 1.5922748 56.528404 -3.01448392868042 0.3192363381385803
Cyclist 0.0 0 1.4883332252502441 526.3085327148438 171.10247802734375 547.7084350585938 219.41329956054688 1.7494766 1.7489412 0.6516339 -2.7906702 1.6858912 27.038057 1.3854846954345703 0.7581334710121155
Cyclist 0.0 0 1.648932933807373 504.5607604980469 172.16775512695312 524.7763061523438 223.18374633789062 1.8128977 1.8087691 0.5996269 -3.532465 1.7847962 26.50074 1.5164172649383545 0.6994795799255371
Cyclist 0.0 0 1.6286590099334717 541.3132934570312 172.2820281982422 552.0999755859375 203.96514892578125 1.8457196 1.7624059 0.5080482 -3.6301637 1.7309469 41.06364 1.54048490524292 0.34234803915023804
Car 0.0 0 1.9111781120300293 251.8571014404297 181.66537475585938 419.70684814453125 280.1022033691406 4.0437183 1.5494263 1.7026017 -5.041609 1.7425275 13.749277 1.5597200393676758 0.9753116965293884
Car 0.0 0 -1.8317811489105225 721.388671875 173.41766357421875 903.5936889648438 305.8645935058594 3.4195318 1.5405806 1.5596683 2.5735068 1.5501921 10.123623 -1.58284592628479 0.9641665816307068
Car 0.0 0 1.7509570121765137 448.4720153808594 179.22361755371094 510.6957092285156 219.09243774414062 4.5565987 1.4695696 1.7188705 -5.2948284 1.7514195 29.603086 1.5739678144454956 0.8821761012077332
Car 0.0 0 -1.478821873664856 636.6351928710938 174.7014617919922 665.0377197265625 197.64132690429688 3.7879272 1.5293483 1.6423035 2.8589623 1.6639092 50.416462 -1.422175645828247 0.5432242751121521
Car 0.0 0 1.6643495559692383 507.23480224609375 175.22991943359375 537.8245849609375 201.41061401367188 4.162475 1.6614954 1.6515507 -5.8380475 1.827739 48.272175 1.5439938306808472 0.33522120118141174
