Pedestrian 0.0 0 -1.9830446243286133 785.5758666992188 164.49533081054688 812.212890625 211.6600341796875 0.930808 1.790326 0.67896163 7.2542353 1.4733973 27.8991 -1.7286608219146729 0.7463005781173706
Pedestrian 0.0 0 1.7683589458465576 1053.5172119140625 153.9573211669922 1099.47705078125 250.84149169921875 0.6744954 1.7201425 0.5897274 8.52118 1.3849967 13.255292 2.3396921157836914 0.44959557056427
Pedestrian 0.0 0 -1.8422112464904785 1015.3323364257812 154.264404296875 1057.301025390625 248.0869598388672 0.5728337 1.6957449 0.5346332 7.847537 1.360115 13.383606 -1.3118857145309448 0.40994036197662354
Pedestrian 0.0 0 1.0634102821350098 678.5556030273438 167.97274780273438 691.0744018554688 194.4696502685547 0.8966276 1.864471 0.5133669 5.2863894 1.5213563 51.28186 1.1661324501037598 0.3194936513900757
Pedestrian 0.0 0 -1.8975127935409546 731.0853881835938 159.85935974121094 753.7329711914062 197.3373565673828 1.442756 1.7366545 0.6231618 6.2254367 1.1348675 34.19101 -1.7174075841903687 0.16164442896842957
Pedestrian 0.0 0 -1.6261191368103027 913.2142333984375 182.67926025390625 935.8027954101562 236.4282684326172 0.8079934 1.6370263 0.6038189 9.813194 1.952208 22.633396 -1.2170108556747437 0.1442224532365799
Cyclist 0.0 0 -2.060912609100342 959.4452514648438 149.19300842285156 1046.8106689453125 268.7647705078125 1.6840696 1.6981169 0.42646307 5.937958 1.3624495 11.0866585 -1.5691962242126465 0.9190394282341003
Car 0.0 0 1.1882474422454834 938.3709106445312 182.5526123046875 987.9794311523438 205.2808837890625 4.25948 1.4618284 1.6359633 24.591236 2.169683 50.4498 1.6417964696884155 0.7499281167984009
Car 0.0 0 -0.4437432289123535 895.1243286132812 183.11947631835938 976.5904541015625 209.6059112548828 4.123202 1.5181298 1.5953357 19.275043 2.1400733 42.846336 -0.021002016961574554 0.3234706521034241
Car 0.0 0 2.773073196411133 770.5064697265625 175.23135375976562 848.5675048828125 202.40977478027344 4.157596 1.5762985 1.703204 11.847525 1.7221 43.08494 3.041421413421631 0.15405264496803284
Car 0.0 0 1.0576415061950684 902.0872192382812 177.0589599609375 962.8150634765625 202.9456329345703 4.2343063 1.5428628 1.6528225 20.39538 1.8234556 45.897556 1.4758014678955078 0.1390753835439682
Car 0.0 0 -0.28328049182891846 726.66748046875 168.27325439453125 816.9053344726562 200.72430419921875 3.887492 1.5053537 1.6714464 7.6372404 1.293218 34.428448 -0.06498595327138901 0.13547170162200928
Car 0.0 0 1.974212884902954 197.1520233154297 188.16360473632812 252.33737182617188 212.45394897460938 4.5660863 1.5271287 1.767812 -26.997066 2.652617 50.6738 1.4847006797790527 0.1326635777950287
