Pedestrian 0.0 0 1.7966245412826538 287.464599609375 165.01637268066406 316.27496337890625 220.30712890625 1.2716419 1.7464771 0.5942676 -10.054697 1.4992671 23.467127 1.391827940940857 0.27207159996032715
Pedestrian 0.0 0 1.7048218250274658 219.8939666748047 141.6230010986328 265.4765625 226.79185485839844 1.1382552 1.822571 0.76365983 -8.227226 1.1546012 16.101404 1.2324421405792236 0.18306143581867218
Pedestrian 0.0 0 -0.32575032114982605 881.35205078125 144.90391540527344 927.0804443359375 225.50885009765625 0.7674803 1.7106603 0.5897766 6.3128853 1.1178399 15.62699 0.058176517486572266 0.1702607423067093
Pedestrian 0.0 0 2.375762939453125 1193.721435546875 129.51138305664062 1242.0 285.03753662109375 0.6338899 1.7327998 0.44713056 7.138655 1.2502544 8.276672 3.0874710083007812 0.16669519245624542
Pedestrian 0.0 0 -1.4676783084869385 848.5841674804688 176.29432678222656 872.9319458007812 233.40902709960938 0.6707615 1.7025284 0.63679564 7.602014 1.809872 21.996798 -1.1349319219589233 0.13904549181461334
Pedestrian 0.0 0 1.4992809295654297 760.4395751953125 174.7490997314453 775.4237670898438 213.85374450683594 0.784045 1.6357026 0.5656808 6.6633425 1.7176893 30.648088 1.7133638858795166 0.11719528585672379
Pedestrian 0.0 0 -0.26274046301841736 788.7310791015625 158.45858764648438 820.2950439453125 211.42599487304688 0.8660801 1.7046094 0.6008958 6.288987 1.241691 23.519026 -0.001453549601137638 0.1112678050994873
Pedestrian 0.0 0 3.173680067062378 479.2539978027344 172.31614685058594 492.5944519042969 196.37452697753906 0.996167 1.8415605 0.5464269 -9.578575 1.800748 55.567104 3.002979040145874 0.10766181349754333
Cyclist 0.0 0 1.9640265703201294 427.1582946777344 181.82940673828125 444.48016357421875 208.71438598632812 1.5028148 1.6504331 0.5302189 -11.031709 2.2277768 45.598034 1.726653814315796 0.26964646577835083
Cyclist 0.0 0 1.7966245412826538 287.464599609375 165.01637268066406 316.27496337890625 220.30712890625 1.2716419 1.7464771 0.5942676 -10.054697 1.4992671 23.467127 1.391827940940857 0.21361109614372253
Car 0.0 0 1.6701569557189941 543.21337890625 175.25119018554688 580.6356201171875 203.4230499267578 4.398739 1.4829246 1.6726722 -2.6829634 1.6255167 40.582775 1.6041420698165894 0.9121065139770508
Car 0.0 0 1.6844085454940796 606.4901123046875 178.21290588378906 635.5059204101562 199.9423828125 4.2928786 1.4610859 1.6100038 0.8028444 1.8631108 51.846558 1.699892282485962 0.2963390052318573
Car 0.0 0 1.8525593280792236 615.7369995117188 177.2144012451172 647.0055541992188 195.78997802734375 3.7851033 1.4346722 1.5539759 1.749263 1.8022407 58.721943 1.8823394775390625 0.16616380214691162
Car 0.0 0 2.1100213527679443 249.40684509277344 174.92886352539062 324.56195068359375 211.05615234375 3.476105 1.4982805 1.4582071 -14.255821 1.5957106 31.941803 1.6902434825897217 0.11059965938329697
