Pedestrian 0.0 0 -1.8891122341156006 902.98974609375 155.98252868652344 957.1255493164062 250.10194396972656 1.102177 1.7187943 0.6254718 6.0281878 1.411048 13.752083 -1.475990891456604 0.3701584041118622
Pedestrian 0.0 0 -1.7610673904418945 842.4984741210938 156.7403106689453 856.8984985351562 190.4791717529297 0.746278 1.9520757 0.6684662 13.967618 1.020122 42.15747 -1.4411298036575317 0.19691449403762817
Pedestrian 0.0 0 -0.7562023997306824 1218.76318359375 180.97885131835938 1242.0 239.43780517578125 0.80555123 1.6704383 0.60901845 18.35098 1.911164 21.023586 -0.03857673332095146 0.1485004872083664
Pedestrian 0.0 0 -1.400706171989441 783.4151000976562 154.3743133544922 797.8628540039062 187.11642456054688 0.75986403 1.9071286 0.7081389 10.612612 0.8311009 42.515015 -1.1560848951339722 0.11909662932157516
Cyclist 0.0 0 -1.9212961196899414 905.586669921875 153.28700256347656 952.900146484375 247.15440368652344 1.1156195 1.7233648 0.46978936 6.0437875 1.364481 13.815641 -1.5089194774627686 0.28365013003349304
Car 0.0 0 1.857168436050415 398.255615234375 180.91725158691406 433.1668395996094 200.89044189453125 3.9428213 1.4983742 1.6516613 -15.521495 2.1660771 57.724007 1.5944900512695312 0.5384230017662048
Car 0.0 0 -0.9286463856697083 0.0 182.89413452148438 207.32521057128906 284.3282165527344 4.395012 1.4085653 1.6514229 -9.195633 1.6159036 12.663083 -1.556725263595581 0.2792750597000122
Car 0.0 0 -3.625419855117798 989.2705078125 176.6373748779297 1058.49560546875 199.56556701660156 3.999766 1.6135057 1.6892426 29.75259 1.8912976 51.991623 -3.10564923286438 0.2517057955265045
Car 0.0 0 2.297034740447998 353.474609375 185.03164672851562 397.225341796875 204.16627502441406 3.294875 1.4491562 1.6106695 -19.113281 2.472983 58.80677 1.9827862977981567 0.19971147179603577
Car 0.0 0 -1.33375084400177 795.4125366210938 159.31492614746094 837.9393310546875 187.15255737304688 3.4107394 1.5069559 1.5631984 11.720991 0.7743926 40.925785 -1.0548207759857178 0.15171696245670319
Car 0.0 0 2.2411131858825684 0.0 247.9551544189453 80.67269897460938 375.0 3.8875334 1.4833667 1.6883471 -6.537436 2.3273082 6.0519724 1.4171727895736694 0.14190417528152466
Car 0.0 0 1.666874647140503 479.3813171386719 180.83871459960938 500.27984619140625 198.05067443847656 3.8908505 1.534233 1.5833406 -11.341552 2.310974 68.15986 1.5019890069961548 0.12247530370950699
