Pedestrian 0.0 0 1.2844178676605225 790.7772216796875 154.31138610839844 831.7011108398438 235.6034698486328 0.7332879 1.7942058 0.70645773 4.6916475 1.1953431 16.22017 1.5659812688827515 0.6971750259399414
Pedestrian 0.0 0 -1.0395715236663818 954.15380859375 160.5027618408203 1047.0272216796875 315.0415954589844 0.5898892 1.6630629 0.727857 4.4948425 1.4384604 8.191349 -0.5377035140991211 0.6499843001365662
Pedestrian 0.0 0 1.077444076538086 660.35498046875 159.78404235839844 675.03857421875 189.60467529296875 0.8448216 1.9041212 0.6167131 4.2829747 0.5182126 46.37419 1.1695396900177002 0.5708494782447815
Pedestrian 0.0 0 2.3726911544799805 375.5243225097656 153.5961456298828 411.9471130371094 224.5886688232422 0.5511645 1.7113761 0.6718517 -5.156359 1.0399094 17.719748 2.0895161628723145 0.4346044957637787
Pedestrian 0.0 0 1.9358495473861694 583.7852783203125 160.91680908203125 599.47119140625 196.37982177734375 0.88999385 1.8541946 0.55077785 -0.5205559 0.7788478 38.06836 1.9221761226654053 0.4102688431739807
Pedestrian 0.0 0 -0.9804297089576721 508.94342041015625 165.7512969970703 530.6987915039062 207.76910400390625 0.70005095 1.741628 0.626634 -3.447767 1.089832 30.226986 -1.0940014123916626 0.3943316638469696
Pedestrian 0.0 0 2.0143628120422363 594.7998046875 161.9672088623047 613.2783813476562 198.70114135742188 0.8905911 1.8714797 0.6353602 0.13232489 0.87721276 37.13319 2.0179262161254883 0.32849425077438354
Pedestrian 0.0 0 -0.2967548668384552 542.1085205078125 171.54318237304688 557.4174194335938 206.47430419921875 0.6283557 1.8139144 0.68580437 -2.72142 1.2977295 37.732414 -0.36875438690185547 0.2988201081752777
Pedestrian 0.0 0 1.3343732357025146 526.7955932617188 147.43858337402344 556.6207275390625 207.17599487304688 1.001698 1.8461442 0.7262932 -1.9289335 0.794612 22.786865 1.2499234676361084 0.26953089237213135
Pedestrian 0.0 0 1.820457935333252 524.8834838867188 167.7489776611328 547.3828125 214.79847717285156 0.8379741 1.7985299 0.6867354 -2.552264 1.2739022 27.924644 1.7293128967285156 0.2373587042093277
Pedestrian 0.0 0 1.2920645475387573 474.9441223144531 135.29930114746094 516.9783935546875 227.83558654785156 0.87258667 1.887683 0.66210634 -2.2753031 0.94645786 15.185253 1.1433346271514893 0.23395399749279022
Pedestrian 0.0 0 0.9158170223236084 737.3330688476562 156.55796813964844 758.3116455078125 195.29542541503906 0.9415107 1.8374978 0.5244451 7.039617 0.6552918 34.60943 1.1164813041687012 0.21832050383090973
Pedestrian 0.0 0 0.5851449966430664 0.0 130.29461669921875 51.82681655883789 241.79762268066406 0.63532406 1.7321727 0.43828964 -9.256538 0.9380093 11.405317 -0.09662828594446182 0.20549443364143372
Car 0.0 0 1.7105737924575806 610.05712890625 167.67613220214844 658.220947265625 202.5618133544922 3.730076 1.4028842 1.563074 1.4469404 0.84797364 30.862001 1.7574236392974854 0.8462454676628113
Car 0.0 0 -1.3894624710083008 680.1482543945312 162.54119873046875 733.3145751953125 199.6597442626953 3.6234658 1.4810551 1.6167732 4.5296607 0.7255887 30.635046 -1.242667317390442 0.17355509102344513
