Pedestrian 0.0 0 -0.4605141878128052 667.254638671875 170.988037109375 683.62109375 198.59060668945312 0.92099476 1.7680362 0.51312536 4.1961393 1.6488729 46.62014 -0.3707490563392639 0.5350341200828552
Pedestrian 0.0 0 1.9756805896759033 507.39044189453125 183.95664978027344 527.164306640625 223.67079162597656 0.8871188 1.8225361 0.62370753 -4.392161 2.3525631 33.907524 1.8468643426895142 0.22933684289455414
Pedestrian 0.0 0 0.2899186611175537 527.7103881835938 182.04190063476562 545.513916015625 217.63946533203125 0.8181321 1.9206573 0.65446365 -4.0536537 2.4294922 39.53083 0.18773174285888672 0.1955561637878418
Pedestrian 0.0 0 1.5190324783325195 520.8926391601562 182.79600524902344 534.9810791015625 218.98471069335938 0.8501862 1.8612655 0.6899079 -4.3448887 2.3896937 37.84549 1.4047269821166992 0.18753285706043243
Pedestrian 0.0 0 2.172563314437866 168.62925720214844 171.24598693847656 243.5334930419922 298.5113220214844 0.7622435 1.7774893 0.63006115 -5.9047866 1.7553883 10.482373 1.6595616340637207 0.15960685908794403
Pedestrian 0.0 0 -2.0423316955566406 1051.674072265625 148.42916870117188 1242.0 375.0 1.5203106 1.7653937 0.51145446 3.6302123 1.6228665 5.008852 -1.4151813983917236 0.10128095746040344
Cyclist 0.0 0 -1.0769813060760498 507.4463806152344 183.67478942871094 528.7236938476562 222.05252075195312 0.913166 1.7575964 0.6352967 -4.351584 2.2742815 33.886288 -1.2046995162963867 0.1868979036808014
Cyclist 0.0 0 -2.0423316955566406 1051.674072265625 148.42916870117188 1242.0 375.0 1.5203106 1.7653937 0.51145446 3.6302123 1.6228665 5.008852 -1.4151813983917236 0.15423549711704254
Car 0.0 0 1.823706865310669 335.5220947265625 182.61782836914062 472.0387878417969 279.860595703125 3.466508 1.5414778 1.6260992 -3.754946 1.7486506 13.533272 1.553054690361023 0.9837803244590759
Car 0.0 0 -1.6684794425964355 649.1611328125 185.50714111328125 692.5382080078125 224.1024627685547 3.5124903 1.5982536 1.6191386 2.6746573 2.2049809 32.80582 -1.5871293544769287 0.6445690989494324
Car 0.0 0 -1.1822259426116943 514.5235595703125 164.6684112548828 572.5498657226562 198.83152770996094 3.6629875 1.6370343 1.6650304 -3.3454783 1.2451537 36.567066 -1.2734607458114624 0.4038742184638977
Car 0.0 0 1.4355995655059814 647.353759765625 173.43186950683594 670.5036010742188 192.3253173828125 3.967359 1.6742183 1.5903711 4.4317055 1.7291389 66.09301 1.5025519132614136 0.2930607497692108
Car 0.0 0 1.6482596397399902 631.1146240234375 189.74049377441406 656.6643676757812 210.7758026123047 4.07738 1.5481483 1.7663052 2.7650259 2.9712656 58.657303 1.6953634023666382 0.18433848023414612
Car 0.0 0 0.6653302907943726 0.0 191.34072875976562 237.5839080810547 349.8983154296875 3.782427 1.5706391 1.701341 -6.6325407 1.804232 8.224651 -0.013314329087734222 0.15337879955768585
