Pedestrian 0.0 0 -1.6298635005950928 898.9691162109375 167.91757202148438 916.8946533203125 205.77574157714844 0.6090112 1.5649407 0.65799177 12.432371 1.361242 30.218359 -1.2395530939102173 0.24381202459335327
Cyclist 0.0 0 -0.7874287366867065 215.1448516845703 186.6626739501953 243.725341796875 217.01272583007812 1.6226752 1.6573601 0.41281477 -21.64497 2.4583523 40.996216 -1.2732049226760864 0.3277146816253662
Cyclist 0.0 0 2.1986083984375 240.73898315429688 186.50721740722656 262.2909851074219 212.74920654296875 1.5673226 1.7740585 0.5311868 -25.081224 2.7444215 50.442738 1.7371859550476074 0.1816524714231491
Cyclist 0.0 0 -2.037947416305542 711.5327758789062 183.16534423828125 731.0640258789062 215.08055114746094 1.6012391 1.6746393 0.36454633 6.002186 2.246971 39.20349 -1.886023759841919 0.16907143592834473
Cyclist 0.0 0 1.3459391593933105 735.3212280273438 169.96571350097656 757.0075073242188 212.1174774169922 1.491669 1.7038625 0.56218934 5.5942054 1.5874702 29.91981 1.5307782888412476 0.14084576070308685
Car 0.0 0 2.1269047260284424 19.018096923828125 199.3546600341797 275.18878173828125 308.6978759765625 4.348271 1.4419733 1.7253045 -7.8457146 1.9905605 12.7461195 1.5751389265060425 0.9666983485221863
Car 0.0 0 -1.5336370468139648 590.640380859375 181.42807006835938 622.9876708984375 212.1221160888672 3.992218 1.5523309 1.631585 -0.16656451 2.047793 39.640053 -1.5378389358520508 0.8286947011947632
Car 0.0 0 1.7385807037353516 456.1238708496094 183.95858764648438 500.0720520019531 215.37303161621094 4.0492115 1.469705 1.5766333 -6.7808847 2.0743313 37.2263 1.5584030151367188 0.33285215497016907
Car 0.0 0 -3.3008742332458496 1071.8182373046875 174.82765197753906 1217.504638671875 213.57424926757812 4.4476914 1.4371951 1.5912979 21.021809 1.5206627 28.658459 -2.6679983139038086 0.22604778409004211
Car 0.0 0 1.92181396484375 274.33843994140625 176.3162384033203 411.7212219238281 248.2629852294922 4.324616 1.5061755 1.7142248 -6.3112035 1.6008025 17.476952 1.5752708911895752 0.12679089605808258
