Pedestrian 0.0 0 -1.509751319885254 240.690673828125 154.381591796875 259.9949645996094 197.97576904296875 0.89403915 1.9249487 0.7242506 -16.189404 1.1096374 32.410633 -1.973006010055542 0.5627631545066833
Car 0.0 0 -1.7565524578094482 699.1815795898438 178.23233032226562 807.65380859375 256.1719970703125 3.932808 1.4579536 1.5756778 2.9299388 1.5902784 15.733736 -1.5724412202835083 0.9722381830215454
Car 0.0 0 2.1701278686523438 0.0 204.872802734375 260.62860107421875 362.9145812988281 3.5951953 1.4399804 1.562022 -6.124885 1.9245293 9.105253 1.5779764652252197 0.9710808396339417
Car 0.0 0 -1.2648204565048218 336.1372985839844 181.46688842773438 442.6763916015625 249.1531982421875 4.1026487 1.6636451 1.6994619 -6.109979 1.9312136 20.319674 -1.5569126605987549 0.9147987961769104
Car 0.0 0 1.7871367931365967 441.9638366699219 182.4455108642578 500.1401062011719 219.66307067871094 4.0258164 1.462478 1.661628 -6.0142856 1.9077789 31.434002 1.5980908870697021 0.8279575705528259
Car 0.0 0 2.506880044937134 975.3224487304688 137.214111328125 1242.0 240.58360290527344 3.8561525 1.5494866 1.6333863 8.196623 1.0156101 11.672842 3.1190783977508545 0.7809324860572815
Car 0.0 0 2.137479543685913 1071.937744140625 153.2127227783203 1242.0 303.56805419921875 4.1059155 1.5502517 1.6820675 7.9493313 1.3480965 8.793265 2.872514009475708 0.7656914591789246
Car 0.0 0 2.691222906112671 845.92333984375 151.3686981201172 1062.2451171875 221.2718048095703 4.5663943 1.6479152 1.6766905 8.355465 1.1417731 17.875196 3.128479480743408 0.6989706754684448
Car 0.0 0 1.706516146659851 473.93084716796875 179.19007873535156 513.1260375976562 209.93052673339844 3.503977 1.4647586 1.5188972 -5.9424725 1.8045136 36.877243 1.5467475652694702 0.5666579604148865
Car 0.0 0 -1.269585132598877 276.1322326660156 205.89730834960938 395.88348388671875 279.1573181152344 3.3291805 1.3368909 1.6212088 -6.1416945 2.1672359 16.412981 -1.6276519298553467 0.5581145286560059
Car 0.0 0 1.7228237390518188 488.2513427734375 181.0785675048828 524.9509887695312 208.63848876953125 3.7396226 1.4757744 1.5490187 -5.95348 1.9721138 41.632065 1.5807844400405884 0.47896552085876465
Car 0.0 0 1.3563891649246216 716.7039184570312 165.2581787109375 755.2977905273438 190.86233520507812 3.8303654 1.5169115 1.567562 7.7221313 1.0672572 44.691895 1.527485728263855 0.44451838731765747
Car 0.0 0 1.7858984470367432 519.7462768554688 178.38536071777344 551.0374145507812 199.615966796875 3.8950849 1.5264149 1.5769371 -5.6686225 1.9635713 54.951744 1.683105707168579 0.4400710463523865
