Pedestrian 0.0 0 2.981065034866333 625.611083984375 151.47140502929688 731.5913696289062 320.4894714355469 1.0706974 1.7836121 0.6519743 0.7421894 1.4789699 7.8168774 3.075728416442871 0.8613223433494568
Pedestrian 0.0 0 1.5592454671859741 840.6287231445312 172.65328979492188 867.6892700195312 243.0864715576172 0.70323956 1.730224 0.6304132 6.228801 1.5390636 17.797895 1.8958971500396729 0.29418525099754333
Pedestrian 0.0 0 1.258736252784729 633.9221801757812 176.67335510253906 676.7257080078125 269.64019775390625 0.89061135 1.6331741 0.5282559 0.8645491 1.5675944 12.912054 1.3255932331085205 0.27778124809265137
Pedestrian 0.0 0 -1.4283802509307861 666.6221923828125 171.90626525878906 709.6419677734375 267.76910400390625 0.6767372 1.7404984 0.7142797 1.5224575 1.58611 13.250286 -1.3139820098876953 0.2419232726097107
Pedestrian 0.0 0 -0.6911101341247559 1012.1058349609375 171.86729431152344 1072.5333251953125 275.5415344238281 0.59509563 1.6761085 0.62257284 7.2300334 1.5381964 11.775813 -0.14047949016094208 0.1341290920972824
Pedestrian 0.0 0 -0.7688677310943604 767.78173828125 149.332763671875 824.9161376953125 254.20455932617188 0.71845514 1.7632933 0.6418843 3.2917933 1.2409029 12.338379 -0.5081473588943481 0.11762212961912155
Pedestrian 0.0 0 2.3812224864959717 677.625 182.9837188720703 727.8795166015625 268.24346923828125 0.81484884 1.6842704 0.6237222 1.9607986 1.7385083 14.482442 2.5157957077026367 0.11254438012838364
Pedestrian 0.0 0 1.1850969791412354 835.0269775390625 132.4407196044922 898.8948364257812 240.18399047851562 1.2685238 1.8112094 0.6238417 4.5703487 1.0049621 12.525844 1.5349602699279785 0.11057835817337036
Pedestrian 0.0 0 2.6979987621307373 16.202749252319336 161.9072723388672 75.59427642822266 254.1026153564453 0.7031204 1.8090694 0.7224541 -11.381454 1.445871 14.343619 2.027242660522461 0.10726121813058853
Cyclist 0.0 0 -1.9813966751098633 834.9260864257812 131.90611267089844 897.8515014648438 242.20204162597656 1.5570784 1.8367099 0.45683998 4.567192 1.0291473 12.5603695 -1.6326408386230469 0.26323726773262024
Car 0.0 0 -2.221127510070801 1137.577880859375 126.4252700805664 1224.0 247.9822540283203 4.0048285 1.7669272 1.8196427 11.5424385 0.9825723 12.356501 -1.4697787761688232 0.13697144389152527
Car 0.0 0 -1.20510733127594 485.92962646484375 139.35145568847656 577.5961303710938 197.7839813232422 3.4476917 1.5935596 1.5971049 -2.1300235 0.47294492 21.150442 -1.3054771423339844 0.13100217282772064
