Pedestrian 0.0 0 2.055123805999756 1220.6898193359375 167.40219116210938 1242.0 215.32171630859375 0.7571989 1.6420585 0.6293647 21.845467 1.4555993 25.152794 2.770266532897949 0.41583698987960815
Pedestrian 0.0 0 0.9188759922981262 1190.2421875 170.90187072753906 1220.416015625 215.26019287109375 0.7581144 1.8507737 0.65814793 25.112251 1.769682 30.493124 1.607805609703064 0.24885667860507965
Pedestrian 0.0 0 1.4497203826904297 641.4950561523438 167.93043518066406 675.68994140625 240.95672607421875 1.1305494 1.7859545 0.7267022 1.1662046 1.6659005 18.22853 1.5136102437973022 0.18221117556095123
Pedestrian 0.0 0 1.7106926441192627 845.0171508789062 164.9562225341797 852.94287109375 188.23159790039062 0.92865425 1.8695521 0.48569304 19.346708 1.2355349 58.477325 2.030198574066162 0.1536134034395218
Pedestrian 0.0 0 0.11111301183700562 1138.912841796875 180.9650421142578 1171.2667236328125 236.7227783203125 0.75705117 1.7418649 0.71032846 17.488111 2.0089536 23.206852 0.7568984031677246 0.1403130292892456
Cyclist 0.0 0 -2.1489877700805664 1140.888427734375 199.3375244140625 1192.237548828125 262.4820556640625 1.5447613 1.6215339 0.33155927 15.327186 2.3835464 19.965567 -1.494266390800476 0.37764567136764526
Cyclist 0.0 0 -1.7158321142196655 1105.3349609375 178.3260498046875 1122.843017578125 220.41380310058594 1.6077551 1.6656967 0.35688943 20.601913 1.8963119 29.559904 -1.1071529388427734 0.1712140440940857
Car 0.0 0 -1.6180847883224487 1001.5059204101562 194.76541137695312 1208.7830810546875 367.2660217285156 3.6653326 1.4564308 1.6672293 5.6344924 1.7788308 8.5999365 -1.0380778312683105 0.9592514634132385
Car 0.0 0 -1.5940704345703125 1004.4619140625 188.7626953125 1054.7122802734375 230.8316192626953 3.9285367 1.4536003 1.6194327 16.538967 2.1319935 28.637585 -1.0703394412994385 0.8420791625976562
Car 0.0 0 -1.722851037979126 900.6162719726562 166.9751434326172 937.4857788085938 193.74295043945312 3.9985363 1.7143134 1.6771532 20.626451 1.3381668 48.352303 -1.3196371793746948 0.210435688495636
Car 0.0 0 1.3540771007537842 1188.6243896484375 187.29052734375 1242.0 226.06521606445312 3.7136748 1.5633031 1.7435519 27.702023 2.258226 32.662636 2.0574820041656494 0.15519779920578003
Car 0.0 0 -0.24548637866973877 877.9771728515625 176.4009552001953 948.8312377929688 201.9132537841797 3.6051464 1.4667931 1.5457939 17.915565 1.6826698 42.80399 0.1509075164794922 0.14919719099998474
