Pedestrian 0.0 0 1.9236714839935303 977.73681640625 130.54010009765625 1058.174072265625 293.9180603027344 0.75404686 1.6635623 0.52493167 4.4151983 1.1565489 7.637278 2.447840929031372 0.4013882279396057
Pedestrian 0.0 0 1.266158103942871 837.4551391601562 171.1541290283203 871.1724853515625 243.5492706298828 0.65450925 1.7872105 0.63113844 6.2283087 1.558087 17.78711 1.6029741764068604 0.33074960112571716
Pedestrian 0.0 0 -1.9027690887451172 1031.212646484375 171.52239990234375 1084.156982421875 274.4258117675781 0.62412953 1.6562763 0.5662944 7.4635477 1.5134318 11.744536 -1.3366612195968628 0.2702365517616272
Pedestrian 0.0 0 0.1498624086380005 628.3297119140625 173.12347412109375 690.9882202148438 271.9117126464844 1.0670635 1.7498952 0.59892476 0.9639723 1.6208738 12.930029 0.22427773475646973 0.18067261576652527
Pedestrian 0.0 0 -1.7460155487060547 1135.5015869140625 132.4560546875 1189.8331298828125 245.26805114746094 0.58077466 1.7829342 0.6040215 9.067057 1.0252808 11.56786 -1.0812220573425293 0.14623229205608368
Pedestrian 0.0 0 0.48375993967056274 833.1444091796875 131.8928985595703 890.6337890625 235.54344177246094 0.76349574 1.7718521 0.6139878 4.5218635 0.9425863 12.570515 0.8290674686431885 0.11370249092578888
Pedestrian 0.0 0 -1.7001118659973145 1076.2425537109375 162.86927795410156 1123.915771484375 266.4520568847656 0.62797445 1.651593 0.5663825 8.12125 1.3721318 11.677786 -1.0924499034881592 0.11067260056734085
Pedestrian 0.0 0 -3.1249544620513916 872.1318359375 135.17420959472656 919.1605224609375 250.5464324951172 0.7060582 1.85086 0.56783396 4.7809715 1.1253748 11.737579 -2.738152265548706 0.10426713526248932
Cyclist 0.0 0 -1.8494927883148193 757.8905029296875 134.03282165527344 802.8389282226562 241.7093963623047 0.98270977 1.8341311 0.5190211 3.0520117 1.0442705 12.540019 -1.6107527017593384 0.10651856660842896
Cyclist 0.0 0 -2.2655258178710938 878.3117065429688 159.62832641601562 953.6556396484375 283.61334228515625 1.1684746 1.8855895 0.46556982 4.9328513 1.5698285 11.37412 -1.856317162513733 0.1022556722164154
Car 0.0 0 0.9830118417739868 0.0 147.4458465576172 143.4020538330078 276.109619140625 4.002517 1.7151903 1.716618 -9.437285 1.2762244 10.77047 0.2634921073913574 0.21050100028514862
Car 0.0 0 -1.2301499843597412 497.6428527832031 145.58111572265625 582.4292602539062 200.95065307617188 3.234511 1.530539 1.5501328 -1.9078063 0.56687945 21.29865 -1.3194856643676758 0.13840244710445404
