Pedestrian 0.0 0 3.0512962341308594 508.0138244628906 165.39572143554688 520.217041015625 187.71063232421875 1.0033643 1.9104519 0.47184005 -7.8068933 0.61852145 60.86654 2.9237303733825684 0.46216443181037903
Pedestrian 0.0 0 -1.6695048809051514 127.00332641601562 188.69818115234375 168.19876098632812 271.8963623046875 0.84605914 1.64758 0.6334905 -9.512189 1.8250026 14.628976 -2.2460412979125977 0.26667463779449463
Pedestrian 0.0 0 2.468533992767334 1049.8984375 168.7523956298828 1086.76025390625 235.46849060058594 0.61202866 1.6183981 0.44915065 11.361952 1.3350245 17.399078 3.047029495239258 0.22911420464515686
Pedestrian 0.0 0 -2.094114303588867 983.052001953125 149.87831115722656 1027.8726806640625 217.2491912841797 1.3224723 1.6863143 0.4020287 10.341858 0.9214385 18.355946 -1.5810364484786987 0.118352971971035
Cyclist 0.0 0 1.152490258216858 878.4493408203125 155.20156860351562 908.2284545898438 193.82579040527344 1.972786 1.769843 0.544041 13.580237 0.61207354 33.38809 1.538792610168457 0.3334265649318695
Cyclist 0.0 0 -2.094114303588867 983.052001953125 149.87831115722656 1027.8726806640625 217.2491912841797 1.3224723 1.6863143 0.4020287 10.341858 0.9214385 18.355946 -1.5810364484786987 0.2574519217014313
Car 0.0 0 -0.8132439255714417 0.0 201.70831298828125 286.9090881347656 370.0 3.627008 1.4737699 1.5369467 -3.2149549 1.6342777 3.4679518 -1.5608028173446655 0.8887515068054199
Car 0.0 0 0.9288254976272583 529.4857788085938 172.85586547851562 616.197998046875 210.69293212890625 3.6379123 1.4039356 1.5746981 -1.3589858 1.1218166 28.133839 0.8805587291717529 0.8165091872215271
Car 0.0 0 2.169046401977539 0.0 192.04330444335938 68.82748413085938 293.0155334472656 4.192263 1.5150449 1.6400455 -12.295357 1.7696902 13.299473 1.4228593111038208 0.49329012632369995
Car 0.0 0 1.5873819589614868 91.30934143066406 181.45912170410156 120.33427429199219 204.16644287109375 3.925064 1.482544 1.5602815 -34.123642 1.5522801 48.392006 0.9732077121734619 0.33668798208236694
Car 0.0 0 0.9668700695037842 54.507083892822266 196.5939178466797 140.4687042236328 231.3959197998047 3.2506185 1.4838994 1.6849762 -23.495659 2.2608593 32.724133 0.34417080879211426 0.2500370144844055
