Pedestrian 0.0 0 1.9247597455978394 885.9707641601562 125.871826171875 938.234375 210.47763061523438 1.0717593 1.7919089 0.7404341 6.6232643 0.7972077 15.923689 2.318929672241211 0.2732531726360321
Pedestrian 0.0 0 -0.979465126991272 717.4437866210938 150.53501892089844 736.8064575195312 188.47256469726562 0.67707026 1.9056027 0.71763587 5.925733 0.7848779 36.732418 -0.8195215463638306 0.1974104642868042
Pedestrian 0.0 0 2.47397518157959 1151.109619140625 161.2427978515625 1177.5283203125 196.63844299316406 1.0742732 1.9133143 0.47797883 30.112644 1.2860283 39.24606 3.1284427642822266 0.14590243995189667
Pedestrian 0.0 0 -0.5962129831314087 1091.42822265625 113.9082260131836 1182.2352294921875 256.52325439453125 0.7469679 1.7473619 0.55047655 6.5915217 1.0254985 9.123857 0.029421091079711914 0.11143377423286438
Pedestrian 0.0 0 -2.0000922679901123 936.7547607421875 161.77117919921875 948.529052734375 185.64561462402344 0.6516234 1.8414897 0.6135372 25.779625 0.9870039 55.97759 -1.568512201309204 0.10981906950473785
Cyclist 0.0 0 1.5019954442977905 651.2530517578125 170.34840393066406 664.985107421875 206.2841339111328 1.8888355 1.8118691 0.5768924 2.4431689 1.6858954 37.322376 1.5673633813858032 0.8927910923957825
Cyclist 0.0 0 -0.5854087471961975 1141.4521484375 164.3000946044922 1182.6295166015625 198.3925018310547 1.7654561 1.8484834 0.57438225 30.15039 1.3850509 39.464527 0.06698417663574219 0.1272701770067215
Cyclist 0.0 0 2.0752172470092773 882.9534912109375 126.03787231445312 941.5574340820312 210.7295684814453 1.1230332 1.7941891 0.7447439 6.6240344 0.8027499 15.924007 2.46942138671875 0.10927870869636536
Car 0.0 0 -1.5367209911346436 581.0435180664062 177.0037384033203 607.7409057617188 201.4364776611328 3.8437214 1.5285408 1.6375433 -1.0277646 1.8145065 47.7257 -1.5582524538040161 0.8075786232948303
Car 0.0 0 -1.1048678159713745 235.18601989746094 165.9224853515625 308.2251281738281 209.6012725830078 4.721326 2.4166396 1.9632097 -19.752752 2.0334935 42.306396 -1.5416845083236694 0.21381288766860962
Car 0.0 0 1.4872362613677979 152.8168182373047 166.6484832763672 191.95526123046875 196.21502685546875 3.8424287 1.8128935 1.8300205 -28.160225 1.4327554 46.33046 0.9410922527313232 0.21027575433254242
Car 0.0 0 1.3955860137939453 661.0697631835938 175.6630096435547 691.4058837890625 198.67430114746094 3.979404 1.65374 1.6019379 4.9275994 1.8738849 54.40268 1.4859158992767334 0.11717599630355835
Car 0.0 0 1.782531976699829 369.9029541015625 183.63539123535156 441.3131103515625 230.05165100097656 4.096232 1.4418554 1.5957046 -7.158449 1.854226 25.477184 1.5086195468902588 0.11438644677400589
