Pedestrian 0.0 0 1.6251144409179688 430.5014343261719 171.84030151367188 455.7236328125 236.56898498535156 1.1520945 1.9883952 0.7172166 -5.307137 1.9576135 22.791658 1.3963367938995361 0.39718031883239746
Pedestrian 0.0 0 -0.4422003924846649 542.0333862304688 165.780517578125 556.307861328125 189.93954467773438 1.0216575 1.918424 0.503611 -4.8945312 1.3570889 57.767723 -0.5267263054847717 0.2827746272087097
Pedestrian 0.0 0 2.505652666091919 1000.0034790039062 164.41265869140625 1098.4732666015625 346.9352722167969 0.6172037 1.798645 0.62420726 4.4611163 1.7158188 7.447874 3.045320749282837 0.26904064416885376
Pedestrian 0.0 0 3.0818605422973633 243.33680725097656 169.8991241455078 280.9128112792969 234.2330780029297 0.8817216 1.6972088 0.55633837 -9.446959 1.6196135 19.490557 2.6305325031280518 0.2602788507938385
Pedestrian 0.0 0 -3.40507435798645 891.1090698242188 165.9262237548828 968.2052001953125 287.53411865234375 0.9557315 1.7749442 0.52435833 4.740893 1.6741866 10.858411 -2.993411064147949 0.23411548137664795
Car 0.0 0 -1.4158843755722046 431.83221435546875 185.0363311767578 527.0346069335938 260.33685302734375 3.7466822 1.4473182 1.5526711 -2.887099 1.7559062 16.364874 -1.590507984161377 0.9643542170524597
Car 0.0 0 1.9201550483703613 175.06539916992188 171.22396850585938 465.0478210449219 353.60333251953125 4.199888 1.6268476 1.7308439 -3.0652542 1.6126654 8.537413 1.5754514932632446 0.940281867980957
Car 0.0 0 1.4955012798309326 637.987060546875 177.11923217773438 681.9566040039062 211.88035583496094 4.3578577 1.4779491 1.6916472 2.2076788 1.6886778 33.398388 1.5615066289901733 0.8494306802749634
Car 0.0 0 1.7160152196884155 554.1943359375 171.36334228515625 585.9599609375 197.1895294189453 4.1348863 1.7866466 1.7089878 -2.8644657 1.6838809 52.049015 1.661036729812622 0.8035605549812317
Car 0.0 0 -1.5746827125549316 635.6618041992188 166.298828125 661.2318725585938 190.2045135498047 4.3764095 1.6374846 1.7504835 2.7116253 1.188828 51.64905 -1.5222299098968506 0.312458872795105
Car 0.0 0 -2.773857831954956 270.5625305175781 172.3914337158203 436.82568359375 232.76719665527344 3.859234 1.5343943 1.5655699 -6.7751565 1.5229965 19.171022 -3.1135637760162354 0.29831886291503906
Car 0.0 0 1.5039823055267334 520.3224487304688 175.95849609375 547.1109008789062 199.25889587402344 3.7001464 1.4923016 1.5475081 -5.2089977 1.7105633 48.68602 1.3973960876464844 0.24892522394657135
