Car 0.0 0 -1.877290964126587 753.8851928710938 191.81170654296875 960.3804931640625 324.50341796875 3.8167136 1.4138178 1.5764927 3.1493568 1.7310334 10.144335 -1.5762704610824585 0.9761360883712769
Car 0.0 0 -1.7584786415100098 681.3638916015625 174.6250762939453 788.2308349609375 257.1894226074219 3.2668614 1.5456017 1.6085593 2.4648397 1.587412 15.230135 -1.5980302095413208 0.9633322954177856
Car 0.0 0 2.016757011413574 0.0 206.5644073486328 341.6107177734375 375.0 3.958582 1.4975389 1.628966 -3.5712152 1.8643693 5.7862787 1.463795781135559 0.9427674412727356
Car 0.0 0 1.828118920326233 298.2859191894531 193.3788604736328 444.5268859863281 300.0672912597656 3.5404274 1.468273 1.514842 -3.9803574 1.8737192 12.430294 1.5182216167449951 0.9396963119506836
Car 0.0 0 -2.1699166297912598 851.8458251953125 191.62005615234375 1242.0 375.0 4.06471 1.4325386 1.6334152 3.3172617 1.6261171 5.3594637 -1.6156766414642334 0.9134534001350403
Car 0.0 0 -1.6317311525344849 634.8187866210938 180.78250122070312 683.8062744140625 224.22767639160156 4.1953516 1.5201796 1.6328362 1.8074425 1.8525441 28.11134 -1.567523717880249 0.8349066972732544
Car 0.0 0 1.6752946376800537 442.6973571777344 172.78395080566406 509.21246337890625 230.37550354003906 4.341852 1.7208617 1.7056929 -4.3621454 1.7191266 23.787138 1.493927240371704 0.5803137421607971
Car 0.0 0 1.6527655124664307 506.4415283203125 178.43295288085938 536.8318481445312 203.82566833496094 3.8335235 1.4965017 1.5880322 -5.541969 1.8623699 45.32277 1.5310916900634766 0.5277003049850464
Car 0.0 0 -1.7491708993911743 607.863037109375 177.06903076171875 643.82666015625 204.40512084960938 3.6487772 1.5961345 1.5954025 0.906193 1.8685925 44.64887 -1.7288776636123657 0.4838390052318573
Car 0.0 0 -1.6786272525787354 627.7140502929688 177.66908264160156 666.7678833007812 212.80068969726562 3.2679834 1.5219492 1.4520798 1.6409541 1.7563046 33.387856 -1.6295185089111328 0.4310401976108551
