Pedestrian 0.0 0 3.0772674083709717 599.2077026367188 146.90512084960938 697.4107055664062 306.64752197265625 1.1622941 1.8914424 0.55183464 0.46215814 1.4953415 8.649152 3.130650520324707 0.6962406635284424
Pedestrian 0.0 0 2.671327590942383 665.4921875 152.03611755371094 681.3280029296875 184.7127227783203 0.7311544 1.8246739 0.5218385 3.8465686 0.23663092 39.853374 2.767547607421875 0.27207455039024353
Pedestrian 0.0 0 2.4986231327056885 1014.081298828125 175.96922302246094 1074.4771728515625 279.5074157714844 0.6160144 1.6758118 0.60055226 7.2562356 1.6041324 11.765769 3.0512492656707764 0.20433901250362396
Pedestrian 0.0 0 1.4043023586273193 838.7850341796875 176.16583251953125 870.8646850585938 247.5584259033203 0.7174568 1.7556425 0.6490296 6.2413306 1.6506569 17.791037 1.7417014837265015 0.17314167320728302
Pedestrian 0.0 0 1.3910443782806396 608.58154296875 169.02786254882812 641.0408935546875 243.96212768554688 0.77566296 1.8224611 0.67887354 0.4488677 1.5450488 17.62642 1.4165045022964478 0.13165581226348877
Pedestrian 0.0 0 1.1907161474227905 594.8729858398438 183.16944885253906 639.7496337890625 272.3421630859375 0.98779315 1.773646 0.6039911 0.20276621 1.8327863 14.661523 1.2045451402664185 0.1268433779478073
Pedestrian 0.0 0 -2.036926746368408 824.2579345703125 129.65985107421875 878.9107055664062 234.24374389648438 0.72739846 1.8033838 0.66082644 4.336783 0.92837214 12.591671 -1.705234408378601 0.12264195829629898
Cyclist 0.0 0 -1.9741510152816772 756.5368041992188 130.95970153808594 808.452880859375 241.4395294189453 1.2638177 1.8569416 0.42494118 3.0826902 1.0259188 12.537015 -1.7330470085144043 0.16930028796195984
Cyclist 0.0 0 -0.7535017728805542 1094.875244140625 189.5055389404297 1224.0 370.0 1.577959 1.6551613 0.6263605 5.4696364 1.7446849 6.5333943 -0.05649670958518982 0.12527163326740265
Cyclist 0.0 0 -2.0392611026763916 840.1796875 145.3406982421875 907.545654296875 253.73162841796875 1.638656 1.7723248 0.39788088 4.6321445 1.1990793 12.392441 -1.681553602218628 0.12286774814128876
Car 0.0 0 -1.4879268407821655 602.2652587890625 181.23426818847656 646.6724853515625 218.54397583007812 3.4569511 1.4708836 1.5880908 0.8485648 1.5051197 29.745926 -1.4594074487686157 0.10629712790250778
Car 0.0 0 -1.179864764213562 491.35772705078125 134.71804809570312 584.1349487304688 192.38449096679688 3.3283195 1.569911 1.6027397 -1.948835 0.32512334 21.070023 -1.2720955610275269 0.10071171075105667
