Pedestrian 0.0 0 -1.3034453392028809 186.50340270996094 165.85911560058594 287.4045104980469 368.17767333984375 0.93008274 1.6841574 0.59163076 -3.3096445 1.5553461 6.492353 -1.7748829126358032 0.8830196261405945
Pedestrian 0.0 0 -1.476534366607666 1034.2689208984375 160.5269012451172 1110.652099609375 337.3528747558594 0.95887434 1.7157565 0.58526284 4.8973913 1.5136241 7.524875 -0.8995780944824219 0.8382682204246521
Pedestrian 0.0 0 1.9949817657470703 483.455078125 181.8156280517578 511.16351318359375 230.9158477783203 0.9288179 1.8177876 0.719016 -3.948554 1.8309745 27.143929 1.8505277633666992 0.8038999438285828
Pedestrian 0.0 0 -1.3214373588562012 895.4317016601562 167.60800170898438 930.349609375 234.47926330566406 0.995552 1.6265969 0.5785448 7.7952213 1.2898766 18.041193 -0.9135860204696655 0.7006409168243408
Pedestrian 0.0 0 -1.4405477046966553 753.5196533203125 152.13417053222656 838.5878295898438 374.0 0.72593385 1.6758282 0.5723773 1.5199615 1.4603245 5.7475414 -1.1820120811462402 0.6188902258872986
Pedestrian 0.0 0 -1.7273845672607422 872.76318359375 190.80322265625 930.8964233398438 309.46392822265625 0.809096 1.624734 0.6518275 4.2763667 1.7665255 10.37566 -1.3364449739456177 0.6085810661315918
Pedestrian 0.0 0 -1.5144896507263184 763.493408203125 178.25721740722656 795.706298828125 254.1783447265625 0.6494348 1.7079544 0.6874505 4.079136 1.6362188 16.568617 -1.2730939388275146 0.5684042572975159
Pedestrian 0.0 0 -1.8616576194763184 580.0540161132812 179.81715393066406 600.7627563476562 217.34725952148438 1.0546252 1.7458116 0.70646876 -0.53822184 1.6684517 34.021984 -1.8774760961532593 0.546989917755127
Pedestrian 0.0 0 -2.3624744415283203 778.0337524414062 178.8359375 823.0280151367188 258.23699951171875 0.58930826 1.6660653 0.73587406 4.2599144 1.6113988 15.509291 -2.094416379928589 0.5410491228103638
Pedestrian 0.0 0 -1.0437573194503784 843.1866455078125 156.86761474609375 875.784912109375 214.53482055664062 0.77248925 1.7214292 0.6347796 7.851998 0.9872509 21.93205 -0.6999602913856506 0.31912925839424133
Pedestrian 0.0 0 -0.5913322567939758 420.9776611328125 162.3643798828125 436.1124267578125 195.9205780029297 0.54300815 1.9769522 0.76296103 -10.294095 0.8503539 42.775913 -0.8274933099746704 0.29588475823402405
Pedestrian 0.0 0 0.6068283319473267 640.3651733398438 176.23606872558594 653.7000732421875 200.25531005859375 0.95553684 1.8675656 0.45297372 3.5965948 1.4588196 56.324345 0.6705968379974365 0.294696569442749
Pedestrian 0.0 0 -2.002385139465332 354.2786560058594 176.37559509277344 421.0541687011719 271.0078125 1.7818854 1.7456641 0.5549699 -4.2582583 1.6523994 14.099306 -2.2956931591033936 0.22633366286754608
Cyclist 0.0 0 -2.026123285293579 355.1159973144531 177.63804626464844 422.4176940917969 270.07440185546875 1.747408 1.7118691 0.55063087 -4.2441044 1.6416115 14.128611 -2.3179385662078857 0.6002970337867737
Cyclist 0.0 0 -0.8005558848381042 160.09060668945312 185.7252960205078 196.81527709960938 224.47262573242188 1.664682 1.7314354 0.42188042 -19.508705 1.9323554 33.141716 -1.332584261894226 0.32752126455307007
Cyclist 0.0 0 -0.9412519931793213 885.8377685546875 164.5419464111328 936.1091918945312 229.975341796875 1.1785079 1.5944129 0.5782686 7.7476206 1.1823891 18.050474 -0.5358125567436218 0.28684118390083313
Cyclist 0.0 0 -1.8616576194763184 580.0540161132812 179.81715393066406 600.7627563476562 217.34725952148438 1.0546252 1.7458116 0.70646876 -0.53822184 1.6684517 34.021984 -1.8774760961532593 0.12894146144390106
Car 0.0 0 1.5734374523162842 603.9773559570312 174.84085083007812 629.1815795898438 202.85313415527344 4.2526627 1.9309231 1.7376499 1.1075518 1.4725469 51.659794 1.5948735475540161 0.5569981336593628
Car 0.0 0 1.69025456905365 530.82177734375 171.31399536132812 584.3592529296875 217.0216827392578 4.5976596 1.9378783 1.903381 -1.931101 1.5069925 32.805084 1.6314564943313599 0.5391446948051453
