Car 0.0 0 2.022369861602783 422.6624450683594 178.05093383789062 683.1824951171875 343.60858154296875 3.69934 1.4714286 1.5591401 -0.47682834 1.5477973 8.543318 1.9666147232055664 0.975618302822113
Car 0.0 0 -1.3236006498336792 660.9210815429688 181.05377197265625 780.2963256835938 266.4339599609375 3.6254578 1.489242 1.5946158 2.3524656 1.6819539 14.943214 -1.1674551963806152 0.974018394947052
Car 0.0 0 -0.7271431684494019 0.0 179.7420196533203 489.5319519042969 375.0 3.3742518 1.4975308 1.5543395 -2.3414314 1.5581847 4.460637 -1.2105193138122559 0.9619119167327881
Car 0.0 0 -1.783725619316101 998.6134033203125 204.13262939453125 1242.0 375.0 3.1851718 1.3886518 1.4471239 4.482043 1.7486777 6.546188 -1.1833558082580566 0.9570897221565247
Car 0.0 0 -1.596660852432251 949.7526245117188 184.1977996826172 1017.7192993164062 244.30487060546875 3.3729029 1.4727714 1.5661498 10.361522 1.8205742 20.237717 -1.1234667301177979 0.8509946465492249
Car 0.0 0 1.6950056552886963 799.4266967773438 171.7472686767578 848.1663208007812 210.65097045898438 4.029425 1.6772771 1.6701149 9.875134 1.6299202 33.285812 1.9834110736846924 0.8032392263412476
Car 0.0 0 -1.4246412515640259 828.9471435546875 176.63844299316406 867.4322509765625 205.21775817871094 3.5086372 1.5009245 1.5490683 13.306295 1.7227861 40.31351 -1.105830192565918 0.7415440082550049
Car 0.0 0 -1.6329257488250732 940.7526245117188 184.13851928710938 999.958251953125 234.80519104003906 3.4087522 1.5229752 1.5673134 12.06338 1.9342356 24.395708 -1.173697590827942 0.7160677313804626
Car 0.0 0 -2.9528043270111084 661.6339111328125 174.36856079101562 762.6380004882812 212.8408660888672 3.7624083 1.4560956 1.5505384 4.036934 1.5196253 28.751873 -2.813310384750366 0.692063570022583
Car 0.0 0 1.5944925546646118 929.5880737304688 176.9048309326172 954.7771606445312 199.33197021484375 3.9325423 1.5838627 1.6163695 24.786703 1.8984222 53.841812 2.0259296894073486 0.6289024353027344
