Pedestrian 0.0 0 -0.012113451957702637 182.93385314941406 172.91400146484375 211.35194396972656 225.64389038085938 0.7854682 1.663879 0.5883167 -13.333914 1.666206 23.219221 -0.5333928465843201 0.5415505766868591
Pedestrian 0.0 0 0.4250972270965576 417.78472900390625 158.8303985595703 441.2120056152344 199.2181396484375 0.9546935 1.9210241 0.5398127 -8.708919 1.2543565 34.667435 0.17897701263427734 0.2544915974140167
Car 0.0 0 1.1531709432601929 372.32904052734375 161.3547821044922 439.8217468261719 195.94317626953125 4.5193925 1.7070254 1.716361 -10.802108 1.1398678 37.89187 0.8754603862762451 0.7136416435241699
Car 0.0 0 -2.163222551345825 473.5237121582031 161.8188934326172 542.811767578125 191.1958465576172 4.437488 1.5873283 1.7287079 -5.902358 0.9914255 41.21001 -2.305481433868408 0.6799722909927368
Car 0.0 0 -2.0770630836486816 424.4015808105469 160.45074462890625 483.18206787109375 191.14944458007812 3.6059422 1.6174536 1.6283063 -8.708573 0.96430874 39.905323 -2.2919254302978516 0.5605931282043457
Car 0.0 0 0.9003413915634155 628.9793701171875 158.76380920410156 691.5904541015625 185.11749267578125 4.1389394 1.578683 1.7285035 3.0803864 0.73498625 45.41477 0.9680655002593994 0.5419101119041443
Car 0.0 0 -2.679260015487671 854.5120849609375 157.58026123046875 915.7102661132812 179.9310760498047 4.378371 1.7701101 1.7557697 22.561758 0.56083846 59.344925 -2.315955638885498 0.36934396624565125
Car 0.0 0 1.5587023496627808 591.217529296875 161.4330291748047 618.1033325195312 186.7432098388672 4.0633507 1.5870361 1.6866099 -0.40895766 0.8712592 47.288914 1.5500545501708984 0.34354156255722046
Car 0.0 0 0.5285032987594604 869.1651000976562 157.83518981933594 932.1102905273438 181.34303283691406 4.7319455 1.9144919 1.7048517 24.55176 0.6917088 61.15105 0.9102966785430908 0.24013952910900116
Car 0.0 0 -2.467099666595459 696.4807739257812 158.57591247558594 754.2805786132812 183.90452575683594 3.735071 1.6828903 1.642374 7.912819 0.7345793 49.87138 -2.309746742248535 0.23393239080905914
