Pedestrian 0.0 0 -2.7366316318511963 757.0890502929688 173.99537658691406 773.4949951171875 203.39627075195312 0.8900979 1.7916374 0.43038732 9.529971 1.8629712 44.4329 -2.5253524780273438 0.2892780601978302
Pedestrian 0.0 0 0.995051383972168 682.9885864257812 176.11148071289062 694.9703369140625 200.17190551757812 1.0733231 1.8874658 0.43070996 6.2478323 2.1492689 57.331802 1.1035997867584229 0.28102850914001465
Pedestrian 0.0 0 -1.8810632228851318 921.0155029296875 142.98387145996094 948.5167236328125 195.4030303955078 1.0051591 1.9108831 0.65538895 12.026489 0.82235825 26.835917 -1.459749698638916 0.2701207101345062
Car 0.0 0 2.155320644378662 57.33855438232422 189.18992614746094 195.83657836914062 239.38589477539062 4.356126 1.4406188 1.7531928 -16.119913 2.0405974 24.30269 1.5696542263031006 0.951078474521637
Car 0.0 0 1.994659662246704 204.18234252929688 176.46485900878906 272.46466064453125 208.20010375976562 4.496816 1.6593645 1.7099043 -20.808115 1.8740393 40.53427 1.5203921794891357 0.8368320465087891
Car 0.0 0 1.8378475904464722 376.57513427734375 180.8043975830078 417.6578063964844 205.2237091064453 3.8303666 1.4642192 1.5828432 -13.681647 1.997678 46.448757 1.5513949394226074 0.7757917046546936
Car 0.0 0 1.721326231956482 437.15802001953125 180.22645568847656 464.86669921875 198.5507049560547 4.2204103 1.4746438 1.7118429 -13.634772 2.1302588 61.96485 1.504737377166748 0.7376330494880676
Car 0.0 0 1.8811293840408325 335.99127197265625 182.7578582763672 379.74884033203125 206.37208557128906 4.005635 1.4328426 1.5716614 -16.567278 2.112927 47.496185 1.5455125570297241 0.6763966083526611
Car 0.0 0 1.7077287435531616 410.70965576171875 181.08099365234375 434.1438293457031 198.24232482910156 3.6570444 1.4237231 1.5156245 -16.521227 2.1708555 63.587574 1.4535306692123413 0.42836785316467285
Car 0.0 0 0.9535279273986816 769.8908081054688 173.89828491210938 842.6051025390625 205.8970947265625 3.9923491 1.518545 1.5095648 9.812857 1.5748397 36.512096 1.2160801887512207 0.31927213072776794
