Pedestrian 0.0 0 1.698144555091858 355.1647644042969 172.4138641357422 375.14068603515625 217.44482421875 0.9511905 1.7444074 0.6325662 -9.699576 1.7277155 28.477304 1.3698618412017822 0.2717912495136261
Pedestrian 0.0 0 -1.5606982707977295 306.60272216796875 175.22027587890625 325.4212646484375 224.5724639892578 0.65293217 1.665805 0.59197855 -10.14778 1.7488694 24.803888 -1.9490423202514648 0.1849837750196457
Pedestrian 0.0 0 3.5023033618927 192.91650390625 151.31219482421875 246.6894073486328 220.53515625 1.0717616 1.7418786 0.6018819 -10.05403 1.2001737 18.524612 3.005051851272583 0.18253232538700104
Pedestrian 0.0 0 2.803257465362549 820.6464233398438 148.5084991455078 861.3173828125 210.0961151123047 0.959585 1.7428745 0.6253016 6.5857997 1.0542768 20.743458 3.110680103302002 0.1454697549343109
Pedestrian 0.0 0 0.9671329259872437 411.9217529296875 155.5552978515625 436.6708984375 203.73336791992188 0.85908747 1.8993025 0.5747267 -7.4924674 1.2177018 28.940552 0.7138032913208008 0.12672902643680573
Pedestrian 0.0 0 -2.5490152835845947 1026.022216796875 179.25173950195312 1126.7530517578125 345.9797058105469 0.7370542 1.8168328 0.66322446 5.340357 1.8955646 8.366105 -1.9808859825134277 0.1098187267780304
Pedestrian 0.0 0 1.6736950874328613 323.1330261230469 155.86724853515625 348.83990478515625 218.81134033203125 0.876812 1.8172531 0.625742 -8.140411 1.3271883 21.33312 1.3091633319854736 0.10331586003303528
Cyclist 0.0 0 -1.163080096244812 421.7604675292969 161.61756896972656 445.4333801269531 199.86843872070312 1.7058339 1.77448 0.4579033 -8.4240675 1.2535734 34.348927 -1.40358304977417 0.3552969694137573
Cyclist 0.0 0 3.499147415161133 189.85447692871094 152.10653686523438 248.41122436523438 221.7852783203125 1.1869184 1.7521683 0.6019845 -10.068389 1.2308029 18.52237 3.001246452331543 0.11539347469806671
Cyclist 0.0 0 -0.4853145480155945 711.15185546875 159.2003631591797 776.6717529296875 226.8077392578125 1.6781349 1.8003155 0.5993979 3.616289 1.4370912 19.74833 -0.3042024075984955 0.10052008926868439
Car 0.0 0 1.6405231952667236 570.028564453125 175.11349487304688 598.1683959960938 197.86740112304688 4.161423 1.4940479 1.6607268 -1.7807837 1.6572775 49.9006 1.6048517227172852 0.7952086925506592
Car 0.0 0 1.8501701354980469 319.4454650878906 178.13011169433594 354.6694641113281 198.22775268554688 4.292833 1.6117328 1.6780472 -23.13091 2.0759745 61.22812 1.4889622926712036 0.11842618882656097
