Car 0.0 0 -1.1577942371368408 120.52798461914062 178.3234100341797 411.84503173828125 342.2928466796875 3.9253693 1.5150542 1.6182808 -3.7454488 1.4525017 8.602956 -1.568413496017456 0.976484477519989
Car 0.0 0 -1.3616981506347656 403.0173034667969 178.04660034179688 490.0545959472656 239.5673828125 3.6385286 1.546786 1.6238356 -4.396803 1.3676684 19.896069 -1.5791912078857422 0.964428186416626
Car 0.0 0 -1.569317102432251 578.1588745117188 171.97251892089844 649.0607299804688 239.07460021972656 3.3249977 1.6091472 1.7007965 0.10543516 1.2926992 18.903263 -1.563739538192749 0.962174117565155
Car 0.0 0 -1.4195023775100708 472.2002258300781 179.90069580078125 518.4599609375 213.98040771484375 3.4301198 1.4075433 1.4977317 -4.892038 1.1891572 31.403542 -1.5740400552749634 0.9183145761489868
Car 0.0 0 -1.0451819896697998 0.0 193.17140197753906 210.82867431640625 311.11968994140625 3.8152835 1.5039655 1.5926331 -8.056822 1.6531157 11.399588 -1.660433292388916 0.8122628331184387
Car 0.0 0 -1.3924646377563477 398.964599609375 180.0960693359375 446.6321105957031 212.83157348632812 3.5483508 1.4719275 1.5892835 -8.759225 1.2428585 34.146297 -1.6435707807540894 0.5335221886634827
Car 0.0 0 1.9375512599945068 234.8597869873047 183.064208984375 312.8836669921875 223.46351623535156 3.5750723 1.4221588 1.485901 -12.544066 1.3475524 27.134594 1.5045236349105835 0.361022412776947
Car 0.0 0 -1.4932706356048584 579.9967651367188 177.0530242919922 624.97998046875 214.33563232421875 3.6355233 1.458938 1.601071 -0.20130914 1.1406488 29.99624 -1.4999816417694092 0.3309384286403656
Car 0.0 0 1.646695852279663 504.5135192871094 174.55645751953125 538.9346313476562 202.50816345214844 4.0047274 1.4577886 1.5813811 -4.710625 0.90299994 39.521618 1.5280643701553345 0.32819047570228577
Car 0.0 0 2.1636853218078613 237.13946533203125 178.3443145751953 283.16888427734375 197.3626708984375 3.906072 1.5457901 1.5731263 -29.1959 0.98842263 60.469227 1.7138739824295044 0.3128225803375244
