Pedestrian 0.0 0 -2.849712610244751 383.18145751953125 165.49969482421875 431.1407165527344 244.25344848632812 0.9670517 1.807241 0.5406569 -4.5614676 1.4412757 16.76465 -3.115370035171509 0.6549866795539856
Pedestrian 0.0 0 0.3041236102581024 375.74072265625 171.79586791992188 424.6743469238281 246.91763305664062 1.0365369 1.801492 0.5362496 -4.930668 1.5699747 17.507092 0.029596328735351562 0.5070638060569763
Pedestrian 0.0 0 2.39432430267334 1004.1293334960938 142.92343139648438 1050.8743896484375 229.80484008789062 0.59321064 1.7683866 0.59187984 8.835752 0.98443925 14.970594 2.9275121688842773 0.4104839861392975
Pedestrian 0.0 0 -0.5296236872673035 1021.802978515625 148.83729553222656 1073.76513671875 236.01174926757812 0.71897095 1.6938515 0.499151 8.78481 1.060448 14.213184 0.023980140686035156 0.3891363739967346
Pedestrian 0.0 0 -1.8157678842544556 494.7790222167969 178.8790283203125 531.9939575195312 257.413818359375 0.93371147 1.754371 0.64339316 -2.0783658 1.6970389 16.595648 -1.940354824066162 0.337689608335495
Pedestrian 0.0 0 -1.7009215354919434 465.4951477050781 184.10166931152344 500.43536376953125 255.9166259765625 0.9276606 1.6125134 0.68433356 -2.7999814 1.6762061 16.709373 -1.8669484853744507 0.31563326716423035
Pedestrian 0.0 0 -2.806506633758545 474.4400329589844 179.21359252929688 514.775146484375 251.08322143554688 0.8083951 1.7194306 0.65146095 -2.6417685 1.6659276 17.57788 -2.9556796550750732 0.27199456095695496
Pedestrian 0.0 0 2.736840009689331 735.8538818359375 140.92588806152344 770.8760986328125 192.31723022460938 1.155062 1.9240526 0.6097904 5.7507677 0.40602133 27.30342 2.944430112838745 0.26792415976524353
Pedestrian 0.0 0 -2.4669578075408936 796.6932983398438 153.8918914794922 857.47607421875 261.181884765625 0.6849836 1.7259506 0.699339 3.7347007 1.283118 12.032731 -2.1660068035125732 0.24387581646442413
Cyclist 0.0 0 -2.0632200241088867 1065.8206787109375 139.23402404785156 1127.5006103515625 217.0591278076172 1.6988518 1.7515877 0.44882432 11.672543 0.8015345 17.03346 -1.4624475240707397 0.42290470004081726
Cyclist 0.0 0 2.08016300201416 676.0552368164062 156.7017059326172 698.3953247070312 187.5493927001953 1.6685069 1.8123411 0.5921872 5.15238 0.3561822 43.049423 2.199281692504883 0.2229911983013153
Cyclist 0.0 0 -1.7168822288513184 470.60113525390625 182.2786102294922 505.42254638671875 257.8851013183594 1.01765 1.6986134 0.65661967 -2.6870725 1.7185806 16.731684 -1.8761203289031982 0.12320563197135925
Car 0.0 0 -1.8524341583251953 709.822998046875 154.91770935058594 852.869140625 266.4460144042969 3.7698424 1.8234437 1.6019017 3.200103 1.3901236 13.665608 -1.6224069595336914 0.9526216387748718
Car 0.0 0 -1.5017324686050415 539.6617431640625 180.30899047851562 573.1765747070312 208.93685913085938 3.7459433 1.5175208 1.6075617 -2.4620123 1.4552296 39.954227 -1.5632754564285278 0.4169679582118988
Car 0.0 0 -0.8444502353668213 1070.580078125 190.96414184570312 1238.0 374.0 4.327562 1.4915231 1.6350344 4.939919 1.5522801 3.432971 0.11902093887329102 0.29022881388664246
Car 0.0 0 -0.2713172435760498 499.6684265136719 166.7351837158203 543.7191772460938 183.07786560058594 3.8749738 1.5187678 1.5840396 -7.5330853 0.14698978 68.2103 -0.3813106119632721 0.2275921106338501
Car 0.0 0 -1.5059500932693481 523.2222290039062 170.6756591796875 563.097412109375 206.86160278320312 3.4124513 1.5424839 1.5728592 -2.5884392 1.0820488 32.335434 -1.5858293771743774 0.22541441023349762
