Pedestrian 0.0 0 -0.14169013500213623 460.4261779785156 170.06558227539062 475.6527404785156 194.6749725341797 1.0242347 1.7841729 0.55731577 -10.007362 1.0289632 51.686573 -0.3329400420188904 0.44053974747657776
Pedestrian 0.0 0 -1.8993265628814697 900.7279052734375 136.50234985351562 926.5977172851562 192.55699157714844 0.9069012 1.9723781 0.58709836 11.032379 0.4257734 25.349716 -1.4888421297073364 0.2722979784011841
Pedestrian 0.0 0 0.7063910365104675 970.8943481445312 175.8638153076172 1048.160400390625 296.39593505859375 0.68653154 1.4247303 0.47421807 4.9503865 1.3716112 8.756324 1.220942735671997 0.2619270086288452
Pedestrian 0.0 0 2.948652744293213 595.221435546875 165.3791961669922 609.0542602539062 190.6264190673828 0.96212596 1.8819182 0.48485127 -0.20765248 0.75608736 53.030045 2.944736957550049 0.23896275460720062
Cyclist 0.0 0 0.014612589031457901 606.474365234375 164.66477966308594 630.8345336914062 189.55300903320312 1.7838135 1.8216329 0.5605702 1.0158404 0.6638897 52.056305 0.03412437438964844 0.5300908088684082
Cyclist 0.0 0 1.8608334064483643 407.4544677734375 175.51882934570312 425.8360900878906 206.20310974121094 1.8417195 1.7092654 0.50952613 -10.735731 1.4331819 40.30919 1.6005409955978394 0.3783775568008423
Car 0.0 0 -1.553068995475769 535.4486694335938 170.916259765625 560.2515869140625 193.7080535888672 3.7202818 1.4540732 1.5793462 -3.7666314 0.8439871 47.009056 -1.6330238580703735 0.8804491758346558
Car 0.0 0 2.701295852661133 851.1058349609375 146.6312255859375 953.380615234375 180.1244659423828 4.078858 1.512851 1.6191841 13.742784 -0.01648318 32.8508 3.0975112915039062 0.6270527839660645
Car 0.0 0 2.6432437896728516 817.542236328125 145.2165985107422 916.7894287109375 176.9175567626953 4.3204365 1.4954022 1.618912 12.822885 -0.1801107 34.711918 2.997103452682495 0.23862534761428833
Car 0.0 0 2.084587574005127 49.018402099609375 189.2476348876953 142.14361572265625 229.08494567871094 3.5963936 1.4962708 1.5580677 -20.973248 1.8827776 29.244812 1.4624364376068115 0.18419043719768524
Car 0.0 0 2.7637710571289062 783.393798828125 156.9423065185547 855.232666015625 181.25064086914062 4.016581 1.4927962 1.571591 13.415679 0.04745158 44.367428 3.0574069023132324 0.1792541891336441
Car 0.0 0 2.558544158935547 1008.142578125 142.27133178710938 1110.6348876953125 174.00311279296875 4.2096996 1.5731527 1.645846 23.226753 -0.33951613 36.24736 3.128413677215576 0.15543386340141296
