Pedestrian 0.0 0 1.3801264762878418 255.06459045410156 158.05746459960938 301.1778869628906 256.9545593261719 0.55411804 1.7616253 0.6766188 -6.158652 1.4984167 13.272436 0.945676326751709 0.3618961572647095
Pedestrian 0.0 0 -1.2697653770446777 723.5270385742188 153.22019958496094 748.7576904296875 207.72933959960938 0.6339504 1.7949111 0.676729 4.18713 1.148755 24.192726 -1.0983891487121582 0.3245699107646942
Pedestrian 0.0 0 1.3788115978240967 828.4263305664062 135.7757110595703 876.6898803710938 249.767822265625 0.85644996 1.817148 0.6020718 3.9542267 1.2264409 11.962253 1.6980628967285156 0.20945391058921814
Pedestrian 0.0 0 -1.743086338043213 412.9249267578125 175.57069396972656 440.3676452636719 233.89686584472656 1.1561539 1.8312662 0.67092687 -5.9944134 1.9221597 23.378153 -1.9940896034240723 0.16899512708187103
Car 0.0 0 -1.6293131113052368 646.8488159179688 175.2671661376953 714.4205322265625 237.1268768310547 3.294769 1.4808847 1.5649433 1.7409099 1.5506324 19.07283 -1.5382883548736572 0.9322576522827148
Car 0.0 0 2.1103668212890625 0.0 208.6154022216797 332.6676025390625 375.0 4.072529 1.4513435 1.6344646 -3.776619 1.8378783 5.7186265 1.5267106294631958 0.9236553311347961
Car 0.0 0 1.8013670444488525 433.77423095703125 178.0580596923828 529.11279296875 241.7905731201172 4.268045 1.6019363 1.7468818 -3.5932877 1.7671357 20.670975 1.6292543411254883 0.9197138547897339
Car 0.0 0 -1.394831895828247 666.0665283203125 147.37518310546875 713.2357177734375 181.27134704589844 3.6987991 1.505343 1.5897869 3.7695625 0.37417555 34.039654 -1.2845410108566284 0.4728488028049469
Car 0.0 0 -2.6854891777038574 358.7174377441406 175.22891235351562 473.7972106933594 219.57383728027344 3.9417622 1.6204165 1.6467351 -7.441157 1.7157891 27.677164 -2.948133945465088 0.3115297257900238
Car 0.0 0 1.5069726705551147 643.4218139648438 184.7143096923828 671.728515625 210.92486572265625 3.9788523 1.5962076 1.6099894 3.0775166 2.4138706 47.72921 1.5713622570037842 0.1868024468421936
