Car 0.0 0 -1.9396650791168213 746.2696533203125 188.1002960205078 1061.3011474609375 375.0 4.311174 1.4571387 1.6531843 2.7894478 1.6753328 8.121013 -1.6088058948516846 0.984675943851471
Car 0.0 0 -1.8062130212783813 709.5641479492188 180.05259704589844 848.4724731445312 274.40313720703125 4.348229 1.5443463 1.650672 3.099833 1.7096095 14.334098 -1.5932368040084839 0.9704182744026184
Car 0.0 0 1.9593486785888672 170.72665405273438 199.5842742919922 439.3858947753906 365.4454345703125 4.086557 1.4727315 1.6101198 -3.5347161 1.8875102 9.12562 1.589803695678711 0.9460253119468689
Car 0.0 0 -1.7406721115112305 688.513427734375 177.29583740234375 769.1024780273438 239.93353271484375 3.6508229 1.5464374 1.5733304 3.129426 1.6806692 19.907648 -1.5847508907318115 0.9385943412780762
Car 0.0 0 1.7926112413406372 424.4679870605469 187.48854064941406 517.12744140625 251.32472229003906 3.966145 1.4600511 1.6063099 -3.6719215 1.8953558 19.431746 1.6058483123779297 0.8714928030967712
Car 0.0 0 -1.866415023803711 640.2132568359375 179.72608947753906 683.6182861328125 208.26840209960938 3.406287 1.527304 1.5471643 2.8940942 1.9387131 41.322617 -1.796492576599121 0.8571491837501526
Car 0.0 0 1.7724307775497437 363.923828125 192.50262451171875 471.4154357910156 279.0196838378906 3.2977216 1.45311 1.4544756 -3.8091543 1.896144 14.567441 1.5166730880737305 0.8479584455490112
Car 0.0 0 2.3596384525299072 0.0 217.9563751220703 260.5296630859375 375.0 3.9744287 1.4993324 1.6579303 -3.5369344 1.8425913 3.4934266 1.568051815032959 0.8349583148956299
Car 0.0 0 -2.4416069984436035 976.5016479492188 200.65908813476562 1242.0 375.0 3.615765 1.4885321 1.5689434 2.7384298 1.6444087 2.2088075 -1.5495610237121582 0.7598956823348999
Car 0.0 0 -3.458672046661377 913.3419799804688 154.3458709716797 1030.71533203125 202.6408233642578 3.5788145 1.7277546 1.6149892 13.352183 1.0659829 26.866478 -2.997440814971924 0.7006010413169861
