Pedestrian 0.0 0 -0.9157578945159912 599.9279174804688 168.04725646972656 617.8773803710938 204.6500244140625 0.56938285 1.6412557 0.5904488 -0.0890774 1.4260807 32.756207 -0.9184772968292236 0.21415042877197266
Pedestrian 0.0 0 -0.786771833896637 0.0 118.49625396728516 98.87700653076172 286.0653381347656 0.5038843 1.7726308 0.7581145 -6.222406 1.197965 7.9249983 -1.4523993730545044 0.15634526312351227
Pedestrian 0.0 0 -2.6233580112457275 330.51904296875 179.43670654296875 348.0052185058594 205.90872192382812 0.84301054 1.753678 0.74171394 -18.20525 2.1999788 48.444706 -2.9828250408172607 0.14368049800395966
Pedestrian 0.0 0 -1.785851240158081 548.3273315429688 188.0406494140625 557.666015625 208.37098693847656 0.57004607 1.7258762 0.6963724 -4.9357257 3.0429392 62.181946 -1.8650606870651245 0.13663145899772644
Pedestrian 0.0 0 -0.23453712463378906 818.8443603515625 187.00350952148438 883.0862426757812 321.10357666015625 0.71141917 1.7478247 0.5650042 3.1985776 1.9460688 9.777683 0.08162045478820801 0.13037855923175812
Cyclist 0.0 0 2.960359573364258 347.8182373046875 176.05166625976562 381.1226806640625 206.96791076660156 1.8153315 1.8215139 0.6068593 -14.785979 2.017194 43.362854 2.6317405700683594 0.33623558282852173
Car 0.0 0 1.786621332168579 270.44091796875 191.87139892578125 396.2008361816406 284.54107666015625 3.7012727 1.5073556 1.5793457 -5.433613 1.9405801 14.476187 1.4275453090667725 0.9716361165046692
Car 0.0 0 1.9241132736206055 0.0 196.63316345214844 286.8225402832031 375.0 3.7506752 1.352607 1.6860956 -4.868251 1.6748805 7.756587 1.3636263608932495 0.9620257019996643
Car 0.0 0 1.6948403120040894 411.873046875 190.94129943847656 454.3287048339844 225.3665313720703 3.4546943 1.4364194 1.517085 -8.274211 2.329413 33.8027 1.45478093624115 0.8403607606887817
Car 0.0 0 2.780097484588623 375.90643310546875 184.70692443847656 432.7387390136719 205.72821044921875 3.894504 1.5135473 1.6616284 -15.92419 2.4612725 55.839046 2.502291679382324 0.3206462562084198
Car 0.0 0 1.7791051864624023 446.01983642578125 187.77857971191406 474.22314453125 207.14688110351562 3.9349358 1.5814764 1.6701918 -13.26059 2.9448059 63.920372 1.5745519399642944 0.18655581772327423
