Pedestrian 0.0 0 -2.4711339473724365 798.2277221679688 149.69515991210938 841.2518310546875 220.06886291503906 0.8142004 1.8374345 0.76036423 5.58546 1.2331227 19.388594 -2.1906487941741943 0.4380175769329071
Pedestrian 0.0 0 0.6291842460632324 186.159423828125 137.47903442382812 239.59144592285156 221.18951416015625 0.7281094 1.7907789 0.7483845 -8.76276 1.0343765 15.849157 0.12412881851196289 0.27213793992996216
Pedestrian 0.0 0 2.802769422531128 690.0029296875 155.1709747314453 726.0250854492188 212.973876953125 1.080919 1.9116334 0.5386444 3.2434223 1.3271858 24.23372 2.9358179569244385 0.20088723301887512
Pedestrian 0.0 0 1.6397569179534912 356.8735046386719 180.6758270263672 387.7216491699219 245.36810302734375 1.0346038 1.7961903 0.7763717 -6.8786526 2.028242 20.772785 1.319983720779419 0.17965102195739746
Pedestrian 0.0 0 -1.8860458135604858 888.7154541015625 165.94158935546875 945.2694091796875 282.7642822265625 0.6112778 1.7214354 0.62986654 4.598148 1.6199358 10.959846 -1.4888046979904175 0.17557983100414276
Pedestrian 0.0 0 -1.5788328647613525 459.4167175292969 173.04127502441406 473.1575012207031 210.6143798828125 0.7498089 1.8160406 0.65231633 -7.074526 1.825677 35.309685 -1.776571273803711 0.16410306096076965
Car 0.0 0 1.7897567749023438 380.9715576171875 187.9671630859375 486.904052734375 262.0531311035156 4.0603323 1.5018924 1.6364673 -4.170053 1.911631 17.499855 1.55582857131958 0.9677736759185791
Car 0.0 0 -1.5476701259613037 612.0999755859375 177.592041015625 660.7354125976562 224.52972412109375 3.408677 1.4913566 1.5715278 0.90799606 1.6675305 25.023617 -1.5114004611968994 0.953532338142395
Car 0.0 0 2.122490882873535 0.0 202.87481689453125 325.7098388671875 375.0 4.301982 1.4826896 1.6571009 -3.9537907 1.8171633 5.8428116 1.5275789499282837 0.9526441693305969
Car 0.0 0 1.7344287633895874 484.1138916015625 177.53619384765625 536.1436157226562 214.52224731445312 4.1650763 1.5519241 1.6936487 -4.521169 1.7795194 32.91038 1.597905158996582 0.8702318072319031
Car 0.0 0 1.8499623537063599 520.8633422851562 172.1668701171875 558.37646484375 197.5100860595703 4.248755 1.818766 1.690976 -5.2461224 1.7698104 54.02116 1.7531535625457764 0.12775638699531555
