Car 0.0 0 -1.2724909782409668 308.669189453125 187.1735382080078 386.33123779296875 231.9589080810547 3.4232712 1.4154309 1.5609471 -8.859231 1.488369 24.614729 -1.6179720163345337 0.9532541632652283
Car 0.0 0 -1.3832497596740723 397.46807861328125 185.79464721679688 479.47357177734375 240.5747528076172 4.297639 1.4937674 1.6409203 -5.058871 1.5142349 21.824451 -1.6110254526138306 0.9467063546180725
Car 0.0 0 -1.5755388736724854 572.0410766601562 177.94015502929688 603.91796875 207.9308319091797 3.9816976 1.5743433 1.674034 -1.134914 1.1935495 39.749756 -1.6040825843811035 0.9018744230270386
Car 0.0 0 -1.1725225448608398 200.52120971679688 187.28858947753906 335.68121337890625 251.151611328125 3.6592581 1.3432311 1.5986826 -7.9507165 1.3990248 17.09454 -1.6078646183013916 0.8879331350326538
Car 0.0 0 2.202028751373291 0.0 200.93267822265625 156.34530639648438 356.4404602050781 3.9459808 1.4007914 1.5693048 -7.557123 1.6409781 8.905429 1.4983495473861694 0.7172860503196716
Car 0.0 0 -1.46968412399292 403.70672607421875 182.22523498535156 446.74151611328125 215.09222412109375 3.6899388 1.4821073 1.6302413 -8.69965 1.3483866 34.35679 -1.7176862955093384 0.646424412727356
Car 0.0 0 -1.368809461593628 372.05682373046875 181.0364532470703 414.07684326171875 205.63711547851562 4.246109 1.4593672 1.6939915 -13.350422 1.2125762 44.829327 -1.6582517623901367 0.606353759765625
Car 0.0 0 -1.0977660417556763 104.94950103759766 182.60284423828125 246.06576538085938 240.40834045410156 4.529446 1.5789831 1.8121697 -13.015427 1.5087432 21.948772 -1.6330159902572632 0.5694370865821838
Car 0.0 0 -1.0857566595077515 0.0 159.63453674316406 384.9096984863281 376.0 3.9314694 1.5735917 1.6092459 -3.3822129 1.4228812 6.238197 -1.5825746059417725 0.5336158871650696
Car 0.0 0 2.3492980003356934 0.0 191.19082641601562 65.55450439453125 278.5208435058594 3.5677755 1.4316068 1.4735552 -12.618167 1.5628619 13.839771 1.6100386381149292 0.4098396301269531
