Car 0.0 0 -1.723362922668457 676.2774047851562 176.0879669189453 757.3350219726562 239.06039428710938 3.6469038 1.5493656 1.6353897 2.7776082 1.6465758 19.772165 -1.5837955474853516 0.9562667608261108
Car 0.0 0 -2.468686580657959 0.0 190.2916259765625 279.33648681640625 322.9427795410156 4.145603 1.3600413 1.5135802 -6.3297114 1.5837934 8.425193 -3.113008737564087 0.9492747187614441
Car 0.0 0 3.6392767429351807 18.987192153930664 186.61343383789062 323.80950927734375 293.7714538574219 3.6648273 1.4713875 1.5705642 -6.5498514 1.6976027 10.9830675 3.10153865814209 0.9388025403022766
Car 0.0 0 -1.6834017038345337 647.9918212890625 174.60348510742188 694.0968017578125 209.68556213378906 3.847873 1.4464176 1.5945004 2.5970583 1.5288234 31.888172 -1.6021384000778198 0.9248787760734558
Car 0.0 0 -1.921717882156372 730.5133666992188 158.7035369873047 1012.1033325195312 348.0768737792969 4.2323275 1.747225 1.7279583 2.7335722 1.6170259 8.811189 -1.620894432067871 0.9219929575920105
Car 0.0 0 -1.793789267539978 701.0357055664062 182.4393768310547 824.7019653320312 267.8448181152344 3.7379375 1.4237927 1.5691295 2.8295755 1.6398104 14.340658 -1.598980188369751 0.9173726439476013
Car 0.0 0 3.5669121742248535 131.31695556640625 175.0695343017578 378.5177917480469 270.2869873046875 3.7368903 1.6322349 1.6484835 -6.438627 1.6760566 13.279401 3.1154513359069824 0.8925032019615173
Car 0.0 0 -2.8593406677246094 393.4446716308594 176.4981231689453 505.6618957519531 212.1478729248047 4.3133373 1.4394192 1.6344155 -6.72218 1.5975256 30.278421 -3.0778095722198486 0.8857744336128235
Car 0.0 0 -2.844942569732666 334.736328125 171.10350036621094 476.944580078125 220.33880615234375 3.990923 1.485487 1.6236893 -6.372249 1.4330304 22.622614 -3.119504928588867 0.8521468043327332
Car 0.0 0 -2.7731192111968994 292.0302734375 183.4593505859375 460.57330322265625 237.5012664794922 4.177301 1.4108869 1.5875076 -6.4807563 1.7201457 20.10272 -3.0849814414978027 0.7300055027008057
Car 0.0 0 0.8374314904212952 0.0 207.53077697753906 200.5149383544922 375.0 4.185785 1.4421515 1.5986819 -6.09158 1.7848123 6.19535 0.06047868728637695 0.7072133421897888
Car 0.0 0 0.33238932490348816 204.28366088867188 158.1685791015625 437.6181640625 249.86520385742188 4.3318453 1.8517778 1.741448 -6.117591 1.5555694 15.5311165 -0.042840927839279175 0.7031310796737671
