Pedestrian 0.0 0 2.871067523956299 635.9345092773438 136.8907928466797 668.3355102539062 202.78201293945312 0.82302916 1.9106703 0.6018784 1.1926192 0.86819106 21.301601 2.9269964694976807 0.4908960163593292
Car 0.0 0 -1.8257243633270264 622.4234008789062 192.24725341796875 712.59326171875 259.6342468261719 3.1976159 1.4807686 1.5325367 1.3405612 2.025752 18.548922 -1.7535781860351562 0.9708878397941589
Car 0.0 0 2.3986663818359375 553.843505859375 188.95672607421875 637.1705932617188 223.68902587890625 3.8572822 1.4613847 1.6136677 -0.679742 2.2644396 34.048904 2.3787052631378174 0.8866240382194519
Car 0.0 0 -2.240640163421631 870.0966796875 180.0263214111328 1242.0 375.0 3.7515132 1.4895573 1.5057806 2.7645996 1.5458145 3.7225218 -1.6018476486206055 0.8560678362846375
Car 0.0 0 -0.8585296273231506 694.477783203125 184.89306640625 784.7005615234375 224.8525848388672 3.8268697 1.5083592 1.6016232 5.4124036 2.0424857 30.160822 -0.6809680461883545 0.8553043007850647
Car 0.0 0 -1.0499014854431152 832.0042724609375 182.3377227783203 893.5969848632812 214.30421447753906 3.3056848 1.4811617 1.4513856 12.608452 1.9765153 36.027134 -0.7132525444030762 0.8462221622467041
Car 0.0 0 -1.0797020196914673 763.2103881835938 182.0988006591797 841.07373046875 216.95916748046875 4.2687554 1.4457394 1.6390784 8.8463955 1.8981944 33.163685 -0.8190223574638367 0.7591100335121155
Car 0.0 0 -2.004563093185425 112.01168060302734 184.181884765625 185.12294006347656 220.01455688476562 3.3662682 1.4581252 1.4306223 -20.40579 1.9817288 31.818604 -2.5748095512390137 0.4703556001186371
Car 0.0 0 -2.67728853225708 848.4324340820312 178.31471252441406 921.90478515625 208.82772827148438 3.337624 1.5307584 1.527843 14.635856 1.8362118 38.564964 -2.314568281173706 0.4670616388320923
Car 0.0 0 1.5870816707611084 969.1810913085938 177.9297332763672 999.6360473632812 205.75389099121094 3.877896 1.6434667 1.639719 23.593176 1.9784913 45.476032 2.065659523010254 0.45916879177093506
Car 0.0 0 -1.607593059539795 1003.8099365234375 176.20648193359375 1051.6064453125 212.40023803710938 4.0933204 1.4800937 1.6789111 18.479298 1.6399033 32.113358 -1.0854284763336182 0.36261412501335144
Car 0.0 0 2.59791898727417 413.8315734863281 176.16580200195312 504.70404052734375 213.90452575683594 3.8803368 1.6517104 1.6470683 -7.063632 1.8162344 33.839188 2.3921327590942383 0.35406509041786194
