Car 0.0 0 -1.7802109718322754 696.2992553710938 186.4502410888672 804.9913330078125 257.55316162109375 3.5068042 1.3578076 1.5763648 2.9142992 1.388706 15.557281 -1.5950300693511963 0.9735237956047058
Car 0.0 0 -1.251631498336792 260.5321044921875 177.93667602539062 447.2506408691406 297.7283630371094 3.3307328 1.4712237 1.5711309 -3.5425055 1.3829572 10.4951935 -1.5771596431732178 0.9706487059593201
Car 0.0 0 -1.359076738357544 404.31085205078125 177.64279174804688 503.4612121582031 243.5690155029297 4.113107 1.486397 1.6206617 -3.8145416 1.3167869 18.265062 -1.5649611949920654 0.9519867300987244
Car 0.0 0 -1.6631624698638916 640.2305908203125 176.66552734375 679.2570190429688 207.37901306152344 4.3004556 1.5333434 1.658317 2.6642866 1.1076155 38.05276 -1.5932610034942627 0.9345098733901978
Car 0.0 0 -0.9887126088142395 0.0 188.10202026367188 214.8093719482422 300.6896667480469 3.5452712 1.4592997 1.5498137 -7.8763433 1.5126308 11.201337 -1.6015568971633911 0.9331852197647095
Car 0.0 0 -1.422451138496399 472.49920654296875 176.12623596191406 523.9810180664062 215.53643798828125 3.6609764 1.5242163 1.5739484 -4.485822 1.1738071 29.630457 -1.572702407836914 0.9128655195236206
Car 0.0 0 -1.565604329109192 514.0723266601562 177.4337615966797 540.9655151367188 202.744140625 3.422985 1.409678 1.4916768 -4.6865206 0.97739005 41.8144 -1.6772176027297974 0.6905685067176819
Car 0.0 0 -1.5983871221542358 587.8049926757812 174.30967712402344 614.1177368164062 197.68606567382812 4.0544963 1.4865875 1.6292223 -0.51055276 0.79416627 47.767754 -1.6090749502182007 0.5653141140937805
Car 0.0 0 -1.354333758354187 423.677001953125 165.51431274414062 468.10968017578125 196.51568603515625 3.670055 1.6095345 1.6114546 -8.790022 0.58780646 39.156414 -1.575157880783081 0.36635321378707886
Car 0.0 0 1.8590168952941895 269.0550231933594 179.28988647460938 362.3351745605469 233.6148223876953 3.5028753 1.403831 1.5118124 -8.210876 1.2518309 20.387474 1.4761496782302856 0.3645175099372864
