Pedestrian 0.0 0 3.127169132232666 282.3963317871094 179.73806762695312 295.38812255859375 200.2572021484375 1.0588592 1.82159 0.48423728 -28.85539 2.4443464 64.79057 2.708177089691162 0.17713285982608795
Cyclist 0.0 0 2.002993106842041 327.0645446777344 188.7347869873047 346.5578918457031 216.5056915283203 1.4153006 1.6094409 0.55537355 -16.4452 2.5803404 43.36819 1.6405457258224487 0.20640581846237183
Car 0.0 0 2.4764902591705322 360.17633056640625 182.73907470703125 425.0759582519531 204.57044982910156 4.3591967 1.4363849 1.6700405 -15.57077 2.1772022 51.782497 2.1843953132629395 0.8309723138809204
Car 0.0 0 1.9837645292282104 273.57421875 178.0303955078125 337.4880676269531 210.98377990722656 4.0363426 1.593804 1.5771413 -15.799316 1.8782159 37.561974 1.5856096744537354 0.4618033468723297
Car 0.0 0 2.8946664333343506 443.03631591796875 177.6996307373047 496.7364196777344 195.3091278076172 4.443059 1.5096853 1.6470177 -12.533851 1.9544015 64.47499 2.702662467956543 0.3689989447593689
Car 0.0 0 1.876542091369629 226.55320739746094 178.63502502441406 270.14129638671875 202.7446746826172 4.0412126 1.5906273 1.5985934 -25.397894 2.0145288 50.739155 1.4124480485916138 0.2657814919948578
Car 0.0 0 2.0708580017089844 314.8847961425781 184.12367248535156 373.6717224121094 209.3515167236328 4.2720056 1.4475667 1.6408104 -16.755447 2.1955218 45.62826 1.718928575515747 0.26089805364608765
Car 0.0 0 1.676002025604248 172.2103271484375 187.76644897460938 205.57186889648438 213.05787658691406 4.2924285 1.7554182 1.7616446 -32.149754 2.9431653 55.13038 1.1480579376220703 0.23382091522216797
Car 0.0 0 2.002148389816284 77.2967758178711 186.46136474609375 135.1473846435547 215.51333618164062 3.7713606 1.6867357 1.575592 -31.898815 2.5876245 45.753307 1.3933098316192627 0.1931920051574707
Car 0.0 0 1.4070488214492798 572.944091796875 178.06561279296875 596.4025268554688 194.3485107421875 3.9526217 1.4401112 1.5566229 -2.4081295 1.9412806 67.242424 1.3712514638900757 0.18419714272022247
