Pedestrian 0.0 0 -3.582697868347168 1042.6612548828125 148.7618865966797 1238.0 374.0 0.68400395 1.7031602 0.6672448 2.5663269 1.5661047 3.4313877 -2.9405436515808105 0.7080516815185547
Pedestrian 0.0 0 -2.798564910888672 962.6697387695312 153.2263641357422 1027.1102294921875 278.560546875 0.6441676 1.6852368 0.55831414 5.4763045 1.3063964 10.082247 -2.300985813140869 0.6392600536346436
Pedestrian 0.0 0 3.1370840072631836 469.779052734375 174.94960021972656 491.9285583496094 226.6724090576172 0.7395113 1.7460362 0.6877114 -4.1633325 1.5259887 24.648655 2.9697563648223877 0.49870890378952026
Pedestrian 0.0 0 -2.932290554046631 537.1665649414062 185.7471466064453 566.044189453125 239.55905151367188 0.87415564 1.8007797 0.6105376 -1.7159564 1.9486063 24.456106 -3.00234055519104 0.3713788688182831
Pedestrian 0.0 0 -1.960168719291687 912.6449584960938 157.34886169433594 927.2081298828125 186.12608337402344 0.6747364 1.7827647 0.620599 19.886133 0.2873218 44.844574 -1.542778730392456 0.33225321769714355
Pedestrian 0.0 0 1.6601645946502686 466.5005187988281 174.2451171875 485.9741516113281 224.86436462402344 0.5584142 1.7715518 0.63347584 -4.4533215 1.5187109 25.442148 1.4868828058242798 0.23467814922332764
Pedestrian 0.0 0 -1.542467713356018 482.9092712402344 160.9117431640625 498.8898620605469 203.95285034179688 0.5872933 1.9774033 0.7177815 -5.137427 1.0324627 33.335236 -1.6953786611557007 0.23046277463436127
Cyclist 0.0 0 -0.5750638246536255 628.8034057617188 177.84596252441406 654.0293579101562 203.9353485107422 1.7556635 1.8715218 0.660272 2.9271815 1.6100135 52.249294 -0.5190989375114441 0.21459487080574036
Car 0.0 0 -1.7846417427062988 685.4783325195312 167.95411682128906 766.4971923828125 234.3809814453125 3.7180755 1.7965846 1.5920236 3.5659912 1.4313818 21.32069 -1.6189206838607788 0.9166992902755737
Car 0.0 0 -1.4259966611862183 557.0173950195312 177.3563232421875 589.6449584960938 201.29635620117188 3.9174256 1.5314683 1.6312296 -1.8250695 1.2671022 47.98454 -1.464012861251831 0.35604286193847656
Car 0.0 0 -1.6028876304626465 655.32080078125 179.40455627441406 685.8178100585938 206.94406127929688 3.9756215 1.5062647 1.6097006 3.9342916 1.3924778 41.320934 -1.5079607963562012 0.31403347849845886
Car 0.0 0 0.6450757384300232 1170.7398681640625 192.45115661621094 1238.0 374.0 3.599881 1.4282869 1.5260141 6.8903837 1.5477595 5.9005837 1.5077027082443237 0.2851785719394684
Car 0.0 0 -1.452652096748352 546.0296020507812 178.50326538085938 581.517578125 207.2532958984375 3.5643477 1.536267 1.5764787 -2.067026 1.376973 40.21266 -1.5040092468261719 0.27967822551727295
