Car 0.0 0 -1.5798547267913818 579.1112670898438 173.95123291015625 644.7044677734375 234.3009490966797 3.3372948 1.5602579 1.6964333 0.051369924 1.2701623 20.255383 -1.5773186683654785 0.956784725189209
Car 0.0 0 -1.3307418823242188 365.3099670410156 174.28871154785156 485.9755554199219 257.6814880371094 3.9966958 1.6265826 1.6835213 -3.9382045 1.4145819 16.016785 -1.5718389749526978 0.9303287863731384
Car 0.0 0 -1.4419282674789429 461.7455749511719 178.0090789794922 516.4022827148438 219.76756286621094 3.783478 1.5066313 1.6154276 -4.5638375 1.2477506 27.850069 -1.604356288909912 0.9202327728271484
Car 0.0 0 -1.2093993425369263 244.71192932128906 185.82518005371094 351.0304870605469 244.64566040039062 3.3510342 1.4288867 1.5145724 -8.197189 1.4477464 19.20017 -1.6129062175750732 0.8782382011413574
Car 0.0 0 -1.223912000656128 341.9759826660156 185.2723388671875 420.15423583984375 224.74136352539062 4.124224 1.4255618 1.5993863 -8.778136 1.4290696 28.061304 -1.5270882844924927 0.544524610042572
Car 0.0 0 -1.5261319875717163 573.5676879882812 181.0659637451172 614.2944946289062 218.11453247070312 3.4692848 1.455192 1.5466874 -0.5646346 1.2933306 29.985455 -1.5449600219726562 0.4249352812767029
Car 0.0 0 -0.9949954748153687 0.0 143.6942901611328 306.5806579589844 376.0 4.3676047 1.7846919 1.6570011 -4.048984 1.5907013 5.597154 -1.6212544441223145 0.42322519421577454
Car 0.0 0 -1.4163538217544556 490.99957275390625 180.3355712890625 531.9926147460938 210.079833984375 3.9263935 1.5375943 1.628352 -5.2150764 1.2864532 39.13721 -1.5488245487213135 0.415585994720459
Car 0.0 0 -1.5019373893737793 518.7139892578125 176.30787658691406 546.3301391601562 199.68887329101562 3.577475 1.4800941 1.5676135 -4.940533 0.9173314 47.317413 -1.6059730052947998 0.3259773552417755
Car 0.0 0 1.8782517910003662 313.1612243652344 179.003662109375 367.5657958984375 210.3164825439453 3.4637358 1.4247752 1.4660933 -12.789354 1.1432508 34.47005 1.5229679346084595 0.29618212580680847
