Pedestrian 0.0 0 0.4927501678466797 943.9867553710938 140.63511657714844 1001.7168579101562 255.65020751953125 0.5726038 1.7967831 0.7055012 5.834614 1.2938126 11.706675 0.9551174640655518 0.6043891310691833
Car 0.0 0 -0.940231442451477 0.0 198.02894592285156 278.34344482421875 375.0 3.961707 1.6119436 1.6755351 -5.8132486 1.9826326 8.6013975 -1.5345643758773804 0.9424968957901001
Car 0.0 0 -2.1829257011413574 890.0396118164062 183.0547637939453 1242.0 375.0 3.9279537 1.450437 1.5891912 3.0262582 1.5362273 4.053918 -1.5416669845581055 0.9242854714393616
Car 0.0 0 1.884965181350708 347.6373291015625 188.4425048828125 455.3614501953125 252.68614196777344 3.9401307 1.4978957 1.6921511 -5.6230526 1.969116 19.791536 1.6081455945968628 0.8942519426345825
Car 0.0 0 1.759742021560669 450.7709655761719 183.81260681152344 503.1932067871094 221.69309997558594 3.6095994 1.4308668 1.4999563 -5.527435 1.9160628 30.109728 1.578187108039856 0.7879361510276794
Car 0.0 0 -3.361574411392212 777.9234008789062 158.5844268798828 888.6417846679688 196.17752075195312 4.381748 1.5998439 1.6962174 9.69762 0.9929335 31.717215 -3.0648484230041504 0.7395139336585999
Car 0.0 0 1.8097169399261475 413.5929260253906 185.90281677246094 484.3975524902344 232.5611114501953 3.8326652 1.4403746 1.5552515 -5.593915 1.9329987 25.28486 1.591988205909729 0.7188339233398438
Car 0.0 0 1.7379324436187744 479.0677795410156 181.96826171875 524.4283447265625 215.00811767578125 4.1124415 1.5097926 1.587419 -5.402395 1.9933863 36.18211 1.5897161960601807 0.6970675587654114
Car 0.0 0 1.7204912900924683 504.9600830078125 180.5067901611328 541.4793090820312 206.77822875976562 4.0625806 1.46222 1.5943581 -5.203668 1.9447951 43.40827 1.601183295249939 0.5371992588043213
Car 0.0 0 1.475075125694275 662.423583984375 171.69859313964844 701.3387451171875 204.5552520751953 4.12876 1.6342381 1.6377735 3.6886432 1.5771278 37.950733 1.5719664096832275 0.530373752117157
Car 0.0 0 -0.40871119499206543 1053.75732421875 141.65530395507812 1180.031982421875 175.64749145507812 4.470652 1.503514 1.6233275 23.144232 0.12391756 33.15279 0.2007439136505127 0.4748665988445282
