Pedestrian 0.0 0 -0.613436222076416 1073.4384765625 121.3775863647461 1224.0 370.0 0.7207226 1.8205091 0.610221 3.994808 1.4085457 5.260129 0.03608584403991699 0.6949158310890198
Pedestrian 0.0 0 -1.5547493696212769 671.6188354492188 163.58746337890625 688.2469482421875 206.1165771484375 0.8415408 1.6947485 0.6577043 3.0156662 1.022295 28.627703 -1.4497956037521362 0.6278837323188782
Pedestrian 0.0 0 2.02113938331604 1017.197021484375 103.37112426757812 1178.2596435546875 370.0 0.65819556 1.8125007 0.60681754 3.0283582 1.3764327 4.4353085 2.6202173233032227 0.4506721794605255
Pedestrian 0.0 0 -1.3926275968551636 688.0368041992188 165.54971313476562 710.1565551757812 207.11778259277344 1.000958 1.6676714 0.7335491 3.83625 1.0693746 28.949667 -1.260880708694458 0.4083731770515442
Pedestrian 0.0 0 0.310317724943161 736.5677490234375 161.49148559570312 750.1652221679688 185.81655883789062 0.9657791 1.9059125 0.43813843 10.936085 0.41780502 55.81853 0.5037891864776611 0.25834670662879944
Pedestrian 0.0 0 -0.33146193623542786 609.7108764648438 168.0477294921875 625.3641967773438 197.7847442626953 0.76921266 1.7134383 0.5609564 0.720576 0.99732125 41.12054 -0.31394022703170776 0.20930150151252747
Pedestrian 0.0 0 1.2792261838912964 769.6432495117188 155.92623901367188 785.686767578125 195.7816162109375 0.9197247 1.9162165 0.5156262 8.396319 0.7361713 34.462196 1.5182087421417236 0.17471693456172943
Pedestrian 0.0 0 0.4896753132343292 193.95664978027344 131.15249633789062 301.6685791015625 284.43646240234375 0.9816597 1.784004 0.6334903 -4.3478446 1.2113538 8.550182 0.019243717193603516 0.1723151057958603
Pedestrian 0.0 0 -1.8707910776138306 1027.5487060546875 85.3673324584961 1126.9539794921875 262.52081298828125 0.735897 1.9001889 0.7520848 5.289216 0.88146347 8.037065 -1.288740634918213 0.16786503791809082
Cyclist 0.0 0 -1.6150630712509155 671.6388549804688 161.10728454589844 688.5152587890625 204.70152282714844 0.928942 1.7401737 0.6387514 3.0192397 0.967561 28.701614 -1.5102545022964478 0.20658360421657562
Cyclist 0.0 0 1.2406017780303955 940.318115234375 153.10121154785156 1016.5148315429688 271.64453125 1.6077503 1.6930339 0.5392495 5.6828904 1.3033906 10.928132 1.7201398611068726 0.1338583528995514
Car 0.0 0 -1.6159961223602295 712.5331420898438 164.70420837402344 743.5146484375 193.33212280273438 3.8822072 1.6315981 1.6439835 7.314643 0.73272824 42.321037 -1.444849967956543 0.3195144236087799
Car 0.0 0 -1.526140809059143 594.013671875 173.53567504882812 632.4302978515625 207.168212890625 4.038332 1.4850508 1.6303853 0.42330214 1.1790079 33.277508 -1.5134211778640747 0.1758771538734436
Car 0.0 0 -2.919109344482422 567.9439697265625 175.12452697753906 645.5474243164062 203.2443389892578 3.9637415 1.4816631 1.6288141 0.10386386 1.199836 38.486584 -2.9164106845855713 0.154209703207016
Car 0.0 0 -1.4054712057113647 602.1475219726562 163.20703125 631.4033813476562 185.8261260986328 4.094224 1.7634094 1.7213204 1.0065368 0.4164759 57.286865 -1.387902855873108 0.13425730168819427
