Pedestrian 0.0 0 1.739485263824463 348.254150390625 160.55459594726562 365.6883239746094 199.9957275390625 0.5328833 1.9849048 0.7573969 -12.881878 1.3662859 36.635654 1.4013668298721313 0.3810611367225647
Pedestrian 0.0 0 2.5711541175842285 871.2518920898438 172.70672607421875 921.2300415039062 243.22210693359375 1.0099641 1.7603633 0.6211981 7.2497873 1.7570447 18.412603 2.9462528228759766 0.2622186541557312
Pedestrian 0.0 0 0.358941912651062 778.8209228515625 154.06185913085938 818.4164428710938 226.04275512695312 0.89819735 1.8532612 0.48342863 4.9255853 1.369786 19.03028 0.6122126579284668 0.25303342938423157
Pedestrian 0.0 0 -1.2451775074005127 366.7773742675781 152.25543212890625 385.0414123535156 191.96591186523438 0.5832931 2.0001056 0.73475397 -11.920246 0.96297145 36.634758 -1.5597537755966187 0.2441670149564743
Car 0.0 0 -1.784542202949524 672.7260131835938 183.16595458984375 792.9947509765625 273.1250915527344 3.585122 1.5409005 1.6355906 2.292873 1.7764184 14.614596 -1.6289215087890625 0.9822255373001099
Car 0.0 0 -1.4458427429199219 431.9958190917969 182.6201171875 497.9416198730469 233.75926208496094 3.8997571 1.5114263 1.6818857 -4.796877 1.8650657 24.093258 -1.6423691511154175 0.9467835426330566
Car 0.0 0 -1.7571672201156616 641.8849487304688 177.2401123046875 718.8521118164062 236.6798095703125 3.443534 1.5542237 1.5889343 1.905846 1.6926336 20.917768 -1.666306734085083 0.8723913431167603
Car 0.0 0 -1.7595579624176025 616.4754638671875 178.64303588867188 680.81201171875 226.23907470703125 3.7075047 1.5281742 1.592978 1.2492614 1.7494391 25.584087 -1.7107670307159424 0.8697854280471802
Car 0.0 0 -1.6653610467910767 596.6544189453125 178.75050354003906 631.5067138671875 208.04220581054688 3.3911676 1.4597914 1.5343244 0.14182681 1.7885307 38.42212 -1.6616697311401367 0.8454626202583313
Car 0.0 0 1.9788858890533447 0.0 96.95608520507812 367.1103820800781 375.0 4.321922 1.8824639 1.6854652 -3.2070372 1.5479639 5.430037 1.4453990459442139 0.33001255989074707
