Pedestrian 0.0 0 -1.9755579233169556 324.96002197265625 173.7810821533203 339.6607360839844 201.561767578125 0.64880747 1.7625777 0.6791703 -17.842567 1.8230023 46.276737 -2.3435564041137695 0.445587158203125
Pedestrian 0.0 0 0.6402218341827393 535.2151489257812 172.86395263671875 558.6766967773438 214.56536865234375 0.8400237 1.8146527 0.60068893 -2.8252351 1.8154566 31.871399 0.5518081188201904 0.2504439651966095
Pedestrian 0.0 0 -1.4911820888519287 990.8606567382812 130.2989501953125 1016.48681640625 188.96836853027344 0.6130406 1.9068615 0.6994048 12.995314 0.5241042 23.896275 -0.9930946826934814 0.10565713047981262
Cyclist 0.0 0 -0.033974647521972656 1112.8350830078125 172.8179473876953 1156.91943359375 211.99960327148438 1.6146799 1.7610817 0.69755524 24.068079 1.7598188 33.16866 0.5937445163726807 0.10179764777421951
Cyclist 0.0 0 -1.917911410331726 801.409423828125 174.8770294189453 820.9692993164062 211.15113830566406 1.4455454 1.5514967 0.3539069 8.782634 1.6427299 31.674583 -1.6474294662475586 0.10021232813596725
Car 0.0 0 1.907158374786377 306.8262634277344 182.68490600585938 382.94061279296875 220.3555450439453 4.5880785 1.436455 1.6435031 -11.317677 1.8908846 31.01884 1.5573029518127441 0.9364708662033081
Car 0.0 0 -1.5764142274856567 559.7789916992188 176.7222900390625 728.0652465820312 342.41107177734375 4.414819 1.6631503 1.718181 0.35828474 1.726846 9.577784 -1.539023756980896 0.7343304753303528
Car 0.0 0 1.4011034965515137 583.09912109375 171.63735961914062 643.3003540039062 216.3328399658203 3.4859002 1.4556113 1.5322199 0.0017573957 1.4163469 25.343061 1.4011728763580322 0.2568380534648895
Car 0.0 0 1.1609313488006592 799.9755249023438 168.7108154296875 880.8574829101562 207.7347412109375 4.242513 1.5206796 1.667373 9.525836 1.3595862 30.31122 1.4654258489608765 0.14872600138187408
Car 0.0 0 1.6700550317764282 571.504150390625 176.582763671875 591.6718139648438 192.9546356201172 3.7398367 1.4697602 1.5256299 -2.6533825 1.8291285 67.55558 1.6307982206344604 0.11214146018028259
