Pedestrian 0.0 0 -0.5556254386901855 1132.6668701171875 75.63975524902344 1242.0 292.56732177734375 1.1007036 1.9349303 0.7560908 5.7525964 1.0681657 6.88452 0.14043974876403809 0.42444658279418945
Pedestrian 0.0 0 -3.7833216190338135 1110.3092041015625 125.28455352783203 1242.0 249.3351287841797 1.8156326 1.7980733 0.53050166 8.5012865 1.1089271 10.745891 -3.1140189170837402 0.12982140481472015
Cyclist 0.0 0 -3.7598249912261963 1117.4932861328125 121.48461151123047 1242.0 248.55990600585938 1.7927072 1.8379385 0.45721838 8.560762 1.0953213 10.71157 -3.0855677127838135 0.5609779357910156
Car 0.0 0 -1.7179951667785645 707.061767578125 172.58676147460938 780.8512573242188 234.75794982910156 3.6902914 1.7062796 1.6316378 3.8811991 1.6993033 21.668566 -1.5407581329345703 0.9581131339073181
Car 0.0 0 1.7399137020111084 514.7412109375 165.5900115966797 592.8151245117188 235.91697692871094 4.302477 1.9693233 1.7107213 -1.6821327 1.7662724 22.42422 1.6650397777557373 0.9424166679382324
Car 0.0 0 0.2579624652862549 306.84527587890625 180.33282470703125 495.5959167480469 240.2454833984375 4.3306894 1.4316216 1.6169144 -5.234307 1.630573 18.304226 -0.020565878599882126 0.9150856733322144
Car 0.0 0 0.9230466485023499 897.4747924804688 209.79635620117188 1242.0 375.0 3.6220899 1.4494327 1.5003874 2.829644 1.7282069 3.611716 1.587622046470642 0.9054833650588989
Car 0.0 0 1.6438875198364258 569.4534912109375 177.1477813720703 614.4791870117188 217.77272033691406 4.1163826 1.5994972 1.6339778 -0.75152415 1.7964885 30.944433 1.6196060180664062 0.8199516534805298
Car 0.0 0 -1.4930229187011719 600.883544921875 172.96316528320312 634.5133056640625 202.75148010253906 4.078005 1.6566826 1.658501 0.46233773 1.6637506 42.24558 -1.482079267501831 0.3566890060901642
Car 0.0 0 1.7713650465011597 583.4816284179688 172.58294677734375 629.823974609375 206.61891174316406 3.9045753 1.6494306 1.6342096 -0.15269035 1.6366525 37.038193 1.7672425508499146 0.2743246555328369
