Pedestrian 0.0 0 0.04613196849822998 838.890869140625 140.31361389160156 887.7659301757812 233.3017578125 0.8502943 1.7088562 0.6106133 4.7632055 1.1112148 13.698495 0.3807718753814697 0.4327509105205536
Cyclist 0.0 0 0.04613196849822998 838.890869140625 140.31361389160156 887.7659301757812 233.3017578125 0.8502943 1.7088562 0.6106133 4.7632055 1.1112148 13.698495 0.3807718753814697 0.14294174313545227
Car 0.0 0 2.1041324138641357 0.0 201.26095581054688 248.1168212890625 369.09259033203125 3.5620992 1.4703892 1.4950091 -5.993928 1.8878124 8.76392 1.5042717456817627 0.9648888111114502
Car 0.0 0 -1.9973887205123901 768.011474609375 182.6613006591797 1033.5511474609375 334.4297790527344 3.375819 1.3703748 1.5503439 3.066444 1.5097673 8.481977 -1.6504840850830078 0.953065037727356
Car 0.0 0 -2.4265079498291016 921.6030883789062 178.04774475097656 1242.0 375.0 3.7860548 1.5447291 1.6057247 2.9238102 1.5800554 2.9118164 -1.639054536819458 0.8222256302833557
Car 0.0 0 -3.3924062252044678 790.6865844726562 169.386474609375 877.982421875 201.9175567626953 3.6019754 1.4726207 1.5321066 10.329151 1.3160106 33.5118 -3.093421459197998 0.5528717637062073
Car 0.0 0 -0.9274412989616394 1077.75048828125 153.04672241210938 1196.4189453125 198.84417724609375 3.4866333 1.5173651 1.5666665 18.320545 0.8614667 25.164179 -0.2981429100036621 0.4918120503425598
Car 0.0 0 -2.764392614364624 281.6633605957031 179.74000549316406 392.30010986328125 222.3433380126953 4.3921537 1.8787193 1.7824484 -12.477513 2.2032788 33.041603 -3.125467300415039 0.485253244638443
Car 0.0 0 1.8421540260314941 373.5744323730469 176.8248748779297 419.4229431152344 205.5858612060547 3.9889586 1.6134809 1.6124426 -12.704968 1.8617427 43.03635 1.5550930500030518 0.3719988763332367
Car 0.0 0 -2.5088412761688232 129.7793426513672 196.08135986328125 221.5401153564453 229.41355895996094 3.368857 1.4314011 1.5163898 -19.961514 2.528403 33.155697 -3.050769567489624 0.36452189087867737
