Pedestrian 0.0 0 -1.6471916437149048 431.26287841796875 184.65682983398438 449.21441650390625 231.92247009277344 0.7278113 1.5857558 0.54633754 -5.895041 1.9996696 24.849188 -1.880118489265442 0.2981455624103546
Pedestrian 0.0 0 3.1557743549346924 452.72491455078125 158.74417114257812 471.8714599609375 197.56385803222656 0.8802142 1.8168402 0.6407571 -7.027822 1.1568296 34.163948 2.9528956413269043 0.2973223924636841
Pedestrian 0.0 0 -1.5927308797836304 367.94110107421875 174.6719512939453 384.8007507324219 219.1964111328125 0.9979127 1.8085111 0.64183676 -9.737531 1.8857375 29.928995 -1.9072833061218262 0.21558386087417603
Pedestrian 0.0 0 -2.6733670234680176 351.2948913574219 152.22792053222656 366.36358642578125 184.6040496826172 0.6529879 1.8620106 0.536745 -14.584904 0.67612475 41.80338 -3.0090553760528564 0.14190253615379333
Pedestrian 0.0 0 3.34403920173645 387.9475402832031 147.3629913330078 419.2810974121094 197.74542236328125 1.011719 1.8279012 0.5791993 -7.6181054 0.903432 26.502892 3.064140796661377 0.12408644706010818
Pedestrian 0.0 0 -1.4325859546661377 407.1914978027344 165.75027465820312 424.6552734375 204.50770568847656 1.0794867 1.7842914 0.64889246 -9.121977 1.4576126 33.791073 -1.6962532997131348 0.11215978860855103
Cyclist 0.0 0 2.485217809677124 291.0362854003906 144.37054443359375 341.705810546875 200.23968505859375 1.5491511 1.7870904 0.5365279 -9.746178 0.876346 23.881548 2.0977439880371094 0.17021532356739044
Cyclist 0.0 0 3.34403920173645 387.9475402832031 147.3629913330078 419.2810974121094 197.74542236328125 1.011719 1.8279012 0.5791993 -7.6181054 0.903432 26.502892 3.064140796661377 0.10868208110332489
Car 0.0 0 1.7440435886383057 590.3875732421875 174.17852783203125 617.43603515625 192.4627227783203 3.858961 1.4457971 1.5861328 -0.49140498 1.5588951 59.379963 1.73576819896698 0.390023410320282
Car 0.0 0 -1.7319837808609009 437.6418151855469 165.7928009033203 476.37945556640625 193.22122192382812 3.6496203 1.4764625 1.5713505 -8.7292595 1.0967189 40.82295 -1.942643404006958 0.3733487129211426
