Pedestrian 0.0 0 1.7813622951507568 497.4651184082031 156.16729736328125 567.210205078125 304.073974609375 0.9567043 1.7051897 0.66847146 -0.9176706 1.4263464 8.657201 1.6757558584213257 0.9176383018493652
Pedestrian 0.0 0 2.6985630989074707 17.883546829223633 165.01197814941406 76.92085266113281 256.0175476074219 0.7187946 1.7891146 0.6830715 -11.3700285 1.4862597 14.368602 2.0291430950164795 0.21893304586410522
Pedestrian 0.0 0 1.0844202041625977 516.1345825195312 168.66299438476562 580.8533935546875 277.04718017578125 0.9542004 1.8959928 0.8342025 -1.0902212 1.6905695 12.99038 1.0006911754608154 0.2080155313014984
Pedestrian 0.0 0 -0.6162689924240112 1014.0244140625 173.4794464111328 1072.996826171875 276.6233825683594 0.62058926 1.6730887 0.5657881 7.2444024 1.5608621 11.766277 -0.0643911063671112 0.18462218344211578
Pedestrian 0.0 0 -1.2178670167922974 753.0603637695312 125.43299102783203 805.5352172851562 232.2002716064453 0.66915447 1.7932593 0.70334303 3.002916 0.8700051 12.344427 -0.9792410731315613 0.12936563789844513
Pedestrian 0.0 0 -2.1147098541259766 822.7334594726562 129.08389282226562 876.2888793945312 232.3781280517578 0.6904978 1.7872161 0.6378477 4.316481 0.89925104 12.633782 -1.7854825258255005 0.11803702265024185
Pedestrian 0.0 0 1.3990471363067627 836.6917724609375 171.46897888183594 869.2857666015625 242.05226135253906 0.87667984 1.736061 0.6341113 6.2208867 1.5155321 17.869595 1.734052300453186 0.11265134066343307
Cyclist 0.0 0 -1.7604036331176758 857.8421630859375 142.77479553222656 900.0006713867188 255.17684936523438 1.6835473 1.78022 0.3494177 4.6008615 1.1843851 12.052579 -1.3957436084747314 0.17244784533977509
Car 0.0 0 -1.2427520751953125 499.22314453125 146.82354736328125 580.827392578125 199.71240234375 3.191625 1.4710993 1.5093096 -1.9196234 0.53596747 21.390482 -1.3322542905807495 0.20881341397762299
Car 0.0 0 -2.1694953441619873 597.189453125 134.02113342285156 697.0130615234375 193.18531799316406 4.8231497 2.327418 1.8690751 1.6752733 0.500519 30.356464 -2.1143646240234375 0.1907409429550171
