Car 0.0 0 -1.9046375751495361 732.595947265625 178.20785522460938 942.6357421875 318.5045166015625 3.3405714 1.5082871 1.5839957 2.7380207 1.5925773 9.596887 -1.6267181634902954 0.9772887825965881
Car 0.0 0 -1.6588611602783203 668.2288818359375 182.08053588867188 727.2594604492188 230.1781005859375 3.4609692 1.3959676 1.5809286 2.724202 1.7175138 23.363018 -1.542782187461853 0.9764595627784729
Car 0.0 0 0.6979703903198242 0.0 177.97821044921875 300.37518310546875 330.20330810546875 4.3402653 1.5339644 1.6741072 -6.1368594 1.6001803 8.302044 0.06141805648803711 0.9472362995147705
Car 0.0 0 -0.17970292270183563 721.0733032226562 174.12098693847656 835.0664672851562 219.3885498046875 4.13731 1.7252153 1.7493681 6.524483 1.7773523 28.517578 0.045214176177978516 0.9381397366523743
Car 0.0 0 3.5831708908081055 110.22967529296875 156.12538146972656 355.9473571777344 246.7056884765625 3.680131 1.5650538 1.650114 -6.876375 1.2763733 13.351219 3.1075661182403564 0.9073805809020996
Car 0.0 0 0.3223266005516052 282.8031311035156 182.9958038330078 457.4039611816406 241.17796325683594 4.0161853 1.423436 1.5236964 -6.170819 1.6972882 18.686356 0.003370523452758789 0.9019908905029297
Car 0.0 0 3.648495674133301 31.24268913269043 181.13812255859375 356.10333251953125 291.2970275878906 4.027306 1.5354651 1.585655 -6.210746 1.6712487 10.984385 3.1338939666748047 0.8570712208747864
Car 0.0 0 0.3269280195236206 333.4407043457031 176.54379272460938 487.09613037109375 231.69912719726562 4.0236936 1.5297413 1.5821468 -5.7993183 1.6423248 21.03669 0.05793309211730957 0.7677956223487854
Car 0.0 0 0.37730562686920166 371.9684143066406 174.63124084472656 499.8298645019531 222.5389862060547 4.117215 1.6355252 1.6969925 -6.2314186 1.7023239 25.842407 0.14069104194641113 0.7333738207817078
Car 0.0 0 3.4685521125793457 176.80699157714844 175.02359008789062 383.649658203125 249.4895477294922 3.8189995 1.5309019 1.639703 -7.1703367 1.5820572 15.890047 3.0446617603302 0.5877249836921692
Car 0.0 0 0.41279804706573486 356.7164611816406 174.91453552246094 480.8145751953125 223.21035766601562 3.6019638 1.4953241 1.4898444 -6.217807 1.5655036 23.435102 0.15345311164855957 0.5198025703430176
