Pedestrian 0.0 0 -1.8635354042053223 732.8269653320312 178.95738220214844 757.9190673828125 228.51222229003906 1.0368388 1.8335176 0.6629543 5.086253 2.070177 27.381231 -1.679871916770935 0.16136175394058228
Pedestrian 0.0 0 -0.42995399236679077 1089.77880859375 171.2052001953125 1121.5821533203125 239.4680938720703 0.4326974 1.4749486 0.43531024 10.826878 1.4396809 15.838497 0.16966652870178223 0.14794358611106873
Pedestrian 0.0 0 1.4725651741027832 1217.21044921875 124.5074234008789 1242.0 192.51788330078125 0.49553218 1.8852391 0.61466914 17.532276 0.5454377 20.377556 2.1830499172210693 0.13947419822216034
Pedestrian 0.0 0 2.00435471534729 721.9330444335938 181.04478454589844 743.2738037109375 220.47682189941406 0.7254299 1.6706177 0.6692796 5.2726693 2.0313854 31.257896 2.171464443206787 0.13316631317138672
Cyclist 0.0 0 -1.7907838821411133 620.9700927734375 168.05076599121094 637.1332397460938 204.08221435546875 1.7062027 1.7774353 0.45239523 0.9166193 1.5408497 36.471554 -1.7656567096710205 0.14355450868606567
Cyclist 0.0 0 -1.3678892850875854 0.0 145.80419921875 38.338680267333984 244.84780883789062 1.6999807 1.7009084 0.49510834 -11.057218 1.236731 13.254506 -2.063152551651001 0.12510955333709717
Car 0.0 0 -3.4415645599365234 1065.44873046875 176.43373107910156 1242.0 278.8014831542969 4.179093 1.5116906 1.6805519 10.34488 1.5811737 12.346689 -2.744156837463379 0.9309398531913757
Car 0.0 0 -0.944705069065094 660.748779296875 193.68069458007812 742.9924926757812 237.9578857421875 3.2480292 1.5190456 1.5733775 3.5718966 2.3801835 28.0957 -0.8182502388954163 0.8711585402488708
Car 0.0 0 -2.0792884826660156 0.0 229.40203857421875 56.37160873413086 305.5777893066406 2.9010866 1.6631376 1.5322053 -16.250317 3.2301047 18.77108 -2.792832612991333 0.5803733468055725
Car 0.0 0 -1.7166309356689453 551.0120239257812 173.0664825439453 608.869384765625 221.6554412841797 4.8138003 2.090212 1.995263 -1.5268298 2.1012201 33.611496 -1.7620255947113037 0.2189864218235016
Car 0.0 0 2.412116050720215 594.9244995117188 172.72921752929688 650.447265625 193.96435546875 4.1601095 1.540155 1.6165333 0.9567884 1.5314615 54.300102 2.429734706878662 0.18226875364780426
Car 0.0 0 1.335928201675415 548.0045776367188 166.85690307617188 577.6229858398438 186.40110778808594 3.7936227 1.7248944 1.8576819 -4.352151 1.1959711 65.76418 1.2698464393615723 0.12343107908964157
Car 0.0 0 -0.031603336334228516 457.3928527832031 180.930419921875 511.7083740234375 203.35552978515625 3.7526004 1.53239 1.7135481 -8.980151 2.1217895 51.40148 -0.20456379652023315 0.11846330016851425
