Car 0.0 0 -1.3956412076950073 435.9017639160156 181.85255432128906 512.7127685546875 236.19712829589844 3.7113843 1.5195144 1.680638 -4.020061 1.4266099 21.956604 -1.5767266750335693 0.938900351524353
Car 0.0 0 -1.2171318531036377 135.48281860351562 188.49041748046875 441.25445556640625 376.0 4.1326537 1.6079673 1.7406149 -3.256332 1.6559938 8.203831 -1.594987392425537 0.8919420838356018
Car 0.0 0 -1.5571616888046265 566.041015625 178.74066162109375 609.227294921875 219.17698669433594 3.494108 1.5771898 1.6847047 -0.8487052 1.3257673 29.794044 -1.5856397151947021 0.8377400636672974
Car 0.0 0 -1.0875439643859863 72.77017211914062 185.0853271484375 267.8670349121094 274.3525695800781 3.670421 1.4591036 1.6135019 -8.085861 1.4581038 13.621161 -1.6232627630233765 0.8280094265937805
Car 0.0 0 1.7100423574447632 501.7457275390625 179.94635009765625 543.7266845703125 212.0955810546875 3.3985608 1.4361943 1.5059935 -3.9852607 1.20193 33.824894 1.5927627086639404 0.6687814593315125
Car 0.0 0 -1.2634841203689575 336.05419921875 180.93133544921875 418.4268493652344 225.29562377929688 4.153802 1.4800543 1.6583227 -8.276902 1.3382535 26.05538 -1.5710681676864624 0.605951189994812
Car 0.0 0 2.2898497581481934 0.0 193.81552124023438 84.7562484741211 281.43255615234375 4.0029416 1.4419128 1.604195 -12.648858 1.6373193 14.228072 1.5631412267684937 0.5414246916770935
Car 0.0 0 2.1290719509124756 201.02032470703125 189.48187255859375 333.6427001953125 251.62571716308594 3.4629648 1.4435458 1.516004 -8.7776985 1.5667353 18.753155 1.6912970542907715 0.43775883316993713
Car 0.0 0 2.110908269882202 98.62552642822266 187.15867614746094 236.4268035888672 244.13612365722656 3.8541586 1.4484899 1.5540484 -12.313434 1.5098078 20.333242 1.5663949251174927 0.4231172800064087
Car 0.0 0 -1.29314124584198 399.0364074707031 187.93077087402344 457.2337951660156 221.68431091308594 3.8297975 1.4384947 1.5935338 -8.175793 1.5711763 32.88524 -1.5368168354034424 0.41334453225135803
Car 0.0 0 1.8893483877182007 237.3416290283203 183.99989318847656 313.0232238769531 224.49261474609375 3.7512622 1.4378595 1.5240978 -12.647117 1.3958194 27.471687 1.4579050540924072 0.40576425194740295
Car 0.0 0 2.020552158355713 315.8206787109375 172.5175323486328 381.5166320800781 204.17030334472656 3.695519 1.4294754 1.4976385 -12.343889 0.85714316 34.376663 1.6758133172988892 0.34492531418800354
