Pedestrian 0.0 0 -2.763514757156372 544.715087890625 191.1531524658203 559.255859375 219.19129943847656 0.76713693 1.8697932 0.74739444 -3.9832294 3.1298454 49.197495 -2.8443026542663574 0.3349885046482086
Pedestrian 0.0 0 3.5282180309295654 0.0 134.4843292236328 77.37226867675781 350.6308288574219 0.65038365 1.7847408 0.62536967 -5.2545033 1.468277 6.350871 2.8370110988616943 0.3300856947898865
Pedestrian 0.0 0 2.4515745639801025 733.17431640625 188.851318359375 770.7786865234375 255.79080200195312 0.775601 1.7685999 0.6473028 3.8373528 2.2174208 19.754978 2.6434326171875 0.21097493171691895
Pedestrian 0.0 0 1.3739607334136963 943.8643188476562 161.4043731689453 973.5762329101562 220.4299774169922 1.0940232 1.8245195 0.6454498 11.015608 1.470962 22.910534 1.8221386671066284 0.15661580860614777
Pedestrian 0.0 0 1.670072317123413 781.3038330078125 171.50259399414062 824.125 272.30303955078125 0.9702278 1.8327737 0.69540447 3.616235 1.8085601 13.692512 1.9282797574996948 0.13262076675891876
Pedestrian 0.0 0 1.4023668766021729 687.9498901367188 168.74908447265625 705.541748046875 211.11178588867188 1.045135 1.8390055 0.6026027 3.7837157 1.6611654 31.856934 1.5205851793289185 0.11762077361345291
Pedestrian 0.0 0 1.3739204406738281 712.2645263671875 140.99639892578125 739.9736938476562 208.03640747070312 0.85280377 1.9277475 0.64670795 3.3548222 1.0120348 21.184134 1.5309809446334839 0.11734551936388016
Pedestrian 0.0 0 1.3782402276992798 259.3224182128906 189.43035888671875 302.9847106933594 281.0502624511719 0.48464164 1.6699972 0.6722294 -6.2894373 1.9938219 13.684198 0.9474208354949951 0.1133221685886383
Pedestrian 0.0 0 2.702786684036255 830.306640625 169.807373046875 956.0640869140625 350.98211669921875 1.0682448 1.8006444 0.58693033 2.8674414 1.7707226 7.5003815 3.0679471492767334 0.11169510334730148
Cyclist 0.0 0 1.8100507259368896 978.469970703125 187.6166534423828 1010.1942749023438 239.7961883544922 1.6772791 1.7232306 0.5963219 13.345211 2.2544131 25.11719 2.2984375953674316 0.14528264105319977
Cyclist 0.0 0 1.4044010639190674 945.3654174804688 155.86163330078125 976.0538940429688 215.87701416015625 0.96454626 1.8470509 0.71889246 11.00959 1.324447 22.76718 1.8548208475112915 0.12469534575939178
Car 0.0 0 1.71478271484375 477.8210754394531 193.9853057861328 539.154052734375 245.97561645507812 3.436799 1.5831606 1.634714 -3.5022192 2.3689055 25.091936 1.5761030912399292 0.9659736752510071
Car 0.0 0 -3.1292829513549805 661.028076171875 179.5365753173828 706.2508544921875 198.7881317138672 3.5986974 1.5156856 1.6332105 5.9520726 2.0675023 58.52464 -3.0279295444488525 0.17465287446975708
Car 0.0 0 1.2991337776184082 982.9370727539062 204.36312866210938 1073.6470947265625 259.8707275390625 3.360545 1.4907906 1.6773812 13.344759 2.5886405 23.294106 1.819374442100525 0.17327788472175598
Car 0.0 0 -1.4202330112457275 536.7628173828125 171.18141174316406 573.6224365234375 199.09375 3.943689 1.5957023 1.6324202 -3.2720144 1.5004407 43.273914 -1.4957010746002197 0.16160786151885986
Car 0.0 0 1.5658293962478638 1105.1146240234375 197.95065307617188 1149.76318359375 232.32676696777344 3.1490147 1.5066897 1.7465785 25.770386 2.8224115 36.02475 2.1867847442626953 0.13902337849140167
Car 0.0 0 2.6433162689208984 956.918212890625 179.97642517089844 1020.8009033203125 202.0846710205078 3.951114 1.629027 1.6937754 28.611103 2.1771028 54.60632 3.125941514968872 0.12847387790679932
Car 0.0 0 1.7777904272079468 368.6016540527344 198.47547912597656 450.00335693359375 260.6888732910156 3.1232917 1.4762537 1.5676483 -5.5346403 2.2457545 20.049967 1.5084553956985474 0.11646600067615509
Car 0.0 0 -1.419813632965088 543.040283203125 181.29693603515625 576.6832885742188 207.30946350097656 3.8935792 1.5816907 1.6289208 -3.2659826 2.1576314 47.17995 -1.4889273643493652 0.10837624967098236
