Pedestrian 0.0 0 -1.8591996431350708 717.2736206054688 169.383056640625 793.7216796875 329.41326904296875 0.9536767 1.6286496 0.55646265 1.6025237 1.5066991 7.8069396 -1.656742811203003 0.9066343307495117
Pedestrian 0.0 0 -1.7156120538711548 807.5416259765625 158.85523986816406 879.772216796875 316.53033447265625 0.7906774 1.6837786 0.6597072 2.6666942 1.4433193 8.11447 -1.3980964422225952 0.8891137838363647
Pedestrian 0.0 0 -3.6999034881591797 1049.01708984375 150.97198486328125 1180.569091796875 313.26251220703125 1.0243766 1.761769 0.6509738 5.7452183 1.4317248 8.148913 -3.085810422897339 0.8855449557304382
Pedestrian 0.0 0 -2.687347173690796 279.86907958984375 165.3145294189453 333.19683837890625 273.9842529296875 0.5842169 1.7322061 0.65323925 -4.873238 1.475503 11.791902 -3.079240560531616 0.8810818791389465
Pedestrian 0.0 0 -1.9823156595230103 622.3770141601562 166.9275360107422 656.7638549804688 243.1371612548828 0.71972656 1.7606136 0.5724153 0.86364615 1.4251649 17.030281 -1.931646704673767 0.7197178602218628
Pedestrian 0.0 0 1.7573655843734741 226.68934631347656 161.46072387695312 262.63079833984375 229.21961975097656 1.0962366 1.8876129 0.73649454 -10.2646475 1.3305129 20.636127 1.2957909107208252 0.6684515476226807
Pedestrian 0.0 0 1.0998179912567139 794.5245971679688 159.9096221923828 840.55126953125 258.2210388183594 0.68870634 1.5051856 0.4296715 3.3694425 1.1759311 11.373059 1.3878449201583862 0.6549357175827026
Pedestrian 0.0 0 1.6387977600097656 364.44232177734375 167.63949584960938 399.8684387207031 251.3297576904297 0.8202349 1.6525028 0.6396966 -4.5007153 1.3800694 14.653475 1.3408005237579346 0.6128831505775452
Pedestrian 0.0 0 1.7296957969665527 259.2518615722656 154.5403289794922 297.96112060546875 226.6120147705078 1.1412538 1.8564624 0.7730698 -8.622817 1.1631955 19.152407 1.3066580295562744 0.5015296936035156
Pedestrian 0.0 0 -1.1291104555130005 578.289306640625 164.11349487304688 593.1763305664062 196.2960968017578 0.6615796 1.8302748 0.6339029 -0.900301 0.8422727 41.28149 -1.1509158611297607 0.37222808599472046
Pedestrian 0.0 0 -0.8186164498329163 989.7402954101562 162.85292053222656 1103.6539306640625 302.1807556152344 1.2816403 1.8023285 0.6035099 5.99011 1.5624436 9.750198 -0.26770657300949097 0.32806092500686646
Pedestrian 0.0 0 1.7651612758636475 385.47930908203125 170.06436157226562 435.1941223144531 268.7636413574219 1.7767005 1.845534 0.6311759 -3.8221192 1.6329654 14.336491 1.5046204328536987 0.10698999464511871
Cyclist 0.0 0 1.7651612758636475 385.47930908203125 170.06436157226562 435.1941223144531 268.7636413574219 1.7767005 1.845534 0.6311759 -3.8221192 1.6329654 14.336491 1.5046204328536987 0.5153247714042664
Cyclist 0.0 0 -0.8604053854942322 980.586181640625 148.6324005126953 1111.677978515625 288.5916748046875 1.6851614 1.8107605 0.5640521 6.03194 1.3868588 9.816225 -0.3094019293785095 0.5027243494987488
Car 0.0 0 1.5795559883117676 523.4276733398438 169.93890380859375 557.0625 200.59457397460938 3.9703581 1.5288105 1.6745481 -3.2135506 0.9531348 37.864006 1.4948880672454834 0.800839900970459
Car 0.0 0 1.6629741191864014 451.27166748046875 160.34446716308594 500.95086669921875 201.33787536621094 4.319049 1.591785 1.6592522 -5.192544 0.77132535 30.108528 1.4921931028366089 0.527670681476593
Car 0.0 0 1.8186659812927246 307.5688171386719 171.75733947753906 369.491455078125 208.5394744873047 4.106971 1.5134225 1.604102 -11.516768 1.1135426 31.677494 1.4699597358703613 0.5025141835212708
