Pedestrian 0.0 0 1.4147486686706543 793.0489501953125 150.8269500732422 823.8414916992188 212.48052978515625 1.2122937 1.8275574 0.7234121 5.9988966 1.1749818 22.027475 1.6806373596191406 0.1816013604402542
Pedestrian 0.0 0 -1.7430999279022217 638.9600830078125 172.7856903076172 653.2801513671875 206.9710693359375 0.93713915 1.7810922 0.60195094 1.8661969 1.7778915 38.09214 -1.6941474676132202 0.16403311491012573
Cyclist 0.0 0 2.285081148147583 319.92852783203125 124.0274887084961 369.6863098144531 187.78213500976562 1.4569273 1.8197095 0.5701063 -7.883478 0.4264426 21.373852 1.9317240715026855 0.13557632267475128
Cyclist 0.0 0 1.0857651233673096 613.8177490234375 177.74884033203125 630.318359375 201.3706512451172 1.4989399 1.6758943 0.56067747 0.84091115 2.036552 52.312984 1.1018383502960205 0.11192603409290314
Car 0.0 0 -0.10903369635343552 507.5965881347656 190.85874938964844 579.2517700195312 219.24253845214844 3.9686153 1.5338753 1.6585003 -3.9062052 2.6060028 41.737164 -0.20235243439674377 0.9016997218132019
Car 0.0 0 1.0161888599395752 1150.0255126953125 168.14926147460938 1235.9952392578125 200.5394287109375 3.6610348 1.4963409 1.565397 28.32654 1.2793528 35.242805 1.6932145357131958 0.5753013491630554
Car 0.0 0 1.5675843954086304 491.7412109375 190.48614501953125 511.047119140625 209.0674591064453 4.021842 1.4918836 1.6423508 -9.669049 3.1091425 64.05107 1.417757272720337 0.22872094810009003
Car 0.0 0 -1.917840838432312 1118.8680419921875 144.33511352539062 1182.5084228515625 174.2746124267578 4.3486423 1.7306919 1.7230465 32.865974 0.08247865 44.037376 -1.2766990661621094 0.15364153683185577
Car 0.0 0 1.373201847076416 623.8699951171875 182.70033264160156 667.8931884765625 211.97244262695312 4.1977124 1.5039517 1.6809378 1.9321964 2.0904748 40.750355 1.4205818176269531 0.12717734277248383
Car 0.0 0 -0.8361616730690002 890.3191528320312 194.60031127929688 993.342529296875 230.28253173828125 4.5535426 1.4657081 1.7266474 15.325315 2.5234885 33.390213 -0.40586820244789124 0.11093655973672867
