Pedestrian 0.0 0 1.5098774433135986 495.3577575683594 177.74342346191406 511.1370544433594 214.26002502441406 1.7537044 1.8229194 0.6962356 -5.5492826 2.0816505 37.195675 1.3617781400680542 0.20908918976783752
Cyclist 0.0 0 1.5091336965560913 512.9678344726562 176.82223510742188 529.2739868164062 210.7952423095703 1.8002051 1.7792177 0.76150113 -4.8450837 1.9991279 38.963196 1.3854185342788696 0.6481906771659851
Cyclist 0.0 0 1.5508321523666382 495.1821594238281 176.8920135498047 510.3353271484375 214.09690856933594 1.7874733 1.8537661 0.7319584 -5.559677 2.0670156 37.095585 1.4020650386810303 0.6406247019767761
Car 0.0 0 -1.391679048538208 91.88463592529297 192.10877990722656 175.4411163330078 246.7428436279297 3.5908015 1.4544481 1.5594869 -14.816621 2.1086845 22.542793 -1.9731454849243164 0.9166995882987976
Car 0.0 0 -1.7377002239227295 639.7421875 177.34507751464844 690.3861083984375 216.20266723632812 3.296522 1.4278108 1.4634261 2.0864096 1.616936 28.614899 -1.6649155616760254 0.9148017168045044
Car 0.0 0 -1.5871931314468384 452.4002685546875 182.79269409179688 492.3544921875 220.32876586914062 3.792369 1.463745 1.5980523 -6.0294223 1.9220521 31.223806 -1.7779486179351807 0.8688862919807434
Car 0.0 0 -1.776435375213623 702.190673828125 157.6098175048828 836.572021484375 261.7008056640625 4.271792 1.7722784 1.7218813 2.9368117 1.513085 14.422297 -1.5755518674850464 0.8458466529846191
Car 0.0 0 -1.7477163076400757 571.9492797851562 179.49964904785156 605.3990478515625 204.36331176757812 3.569451 1.5359553 1.5914178 -1.4715669 1.9914486 47.502167 -1.7786853313446045 0.8028261065483093
Car 0.0 0 1.399695634841919 680.2091674804688 178.8328399658203 764.7493896484375 240.36752319335938 4.0069246 1.4629112 1.5737804 2.8864617 1.6421784 19.566128 1.5461626052856445 0.7123873233795166
Car 0.0 0 -1.8393369913101196 609.3355102539062 174.20709228515625 658.582763671875 207.78302001953125 3.3696897 1.5532647 1.564485 1.0858951 1.623326 35.345028 -1.8086239099502563 0.6546083092689514
Car 0.0 0 -1.5493130683898926 452.8436279296875 184.60670471191406 487.1933898925781 217.31005859375 3.7677183 1.540818 1.6629895 -7.254487 2.1833565 37.425476 -1.7407768964767456 0.4723176956176758
