Pedestrian 0.0 0 1.2007724046707153 1027.66845703125 161.1971435546875 1059.23291015625 215.50344848632812 0.79860175 1.8032689 0.6706504 14.60856 1.4165549 24.40639 1.740128517150879 0.36775320768356323
Pedestrian 0.0 0 -1.2585482597351074 668.6534423828125 154.86216735839844 684.54541015625 188.09864807128906 0.76548594 1.8704582 0.7006908 3.7608337 0.8582851 41.092983 -1.1672824621200562 0.27211323380470276
Pedestrian 0.0 0 -1.700551986694336 1220.7596435546875 147.9495086669922 1242.0 201.4391326904297 0.5726067 1.9573011 0.7126517 23.182457 1.0463498 26.835024 -0.9880502223968506 0.27062055468559265
Pedestrian 0.0 0 -0.1960355043411255 1045.1900634765625 181.10826110839844 1073.4473876953125 228.27247619628906 0.769479 1.7269202 0.7384907 16.80347 2.0424395 27.065763 0.35956573486328125 0.2591179311275482
Pedestrian 0.0 0 1.3379523754119873 954.4306030273438 170.81370544433594 975.705078125 212.89283752441406 0.78662825 1.7200196 0.6263489 14.688317 1.6369787 29.943586 1.7939977645874023 0.21961615979671478
Pedestrian 0.0 0 1.194025993347168 1076.466064453125 148.23068237304688 1108.6400146484375 209.63125610351562 0.5639765 1.9274033 0.6927455 15.327032 1.1548193 22.995104 1.7819372415542603 0.19788409769535065
Pedestrian 0.0 0 -2.845160961151123 695.4908447265625 151.29856872558594 709.890869140625 182.18531799316406 0.7809519 1.9607426 0.5768867 5.9079742 0.5927249 46.225117 -2.71804141998291 0.16714712977409363
Pedestrian 0.0 0 -0.04246175289154053 935.2499389648438 187.18246459960938 957.1535034179688 244.546142578125 0.5473582 1.6080617 0.53779566 9.618769 2.0276072 20.753267 0.39154720306396484 0.1301817148923874
Cyclist 0.0 0 1.332965612411499 998.6112060546875 165.69631958007812 1030.983154296875 217.62277221679688 1.7597741 1.6534711 0.5310766 13.339415 1.4259104 23.89173 1.8421800136566162 0.1409824788570404
Car 0.0 0 -1.7033348083496094 782.9680786132812 186.04180908203125 847.0581665039062 234.66717529296875 4.156859 1.5026932 1.6341479 7.1467495 2.0115178 25.644997 -1.4315505027770996 0.9728856086730957
Car 0.0 0 -2.2923362255096436 1029.73974609375 212.37179565429688 1242.0 375.0 4.0061793 1.4543381 1.6249701 3.3870828 1.7292587 2.9141488 -1.432024359703064 0.7712381482124329
Car 0.0 0 1.875033974647522 953.626953125 186.22174072265625 1024.8544921875 223.1991424560547 4.263392 1.5167723 1.7051071 17.469465 2.1717837 33.225292 2.3590986728668213 0.12833678722381592
