Car 0.0 0 -0.5143188238143921 864.1840209960938 196.96316528320312 1114.0157470703125 283.5879211425781 3.682106 1.3977181 1.5889691 6.651852 1.8613685 12.993082 -0.04115433990955353 0.9805472493171692
Car 0.0 0 3.794752597808838 0.0 183.20089721679688 243.27188110351562 337.20587158203125 4.2278743 1.4247922 1.5927964 -6.49381 1.5483325 7.690261 3.0935070514678955 0.9587200880050659
Car 0.0 0 -0.25884944200515747 716.9054565429688 181.73277282714844 847.056640625 229.8590545654297 4.0762753 1.5823541 1.7135824 5.8370485 1.9013433 24.974888 -0.029253974556922913 0.9513095021247864
Car 0.0 0 0.5288224816322327 3.3896567821502686 190.56492614746094 356.00128173828125 305.60992431640625 4.0153246 1.450315 1.5641267 -5.8992605 1.7183628 10.118796 0.0009965896606445312 0.9338222146034241
Car 0.0 0 -0.44989830255508423 824.382080078125 181.67649841308594 1028.034423828125 262.16314697265625 3.6067984 1.5893654 1.6620678 6.57533 1.7886869 15.357292 -0.04535681754350662 0.906552255153656
Car 0.0 0 0.46499425172805786 205.4637908935547 180.48548889160156 448.0793151855469 266.9819641113281 4.353754 1.6312896 1.6794742 -5.766755 1.7995285 14.829391 0.0941164493560791 0.8910760879516602
Car 0.0 0 3.4017696380615234 298.08306884765625 174.8135528564453 460.0196533203125 230.67637634277344 3.9386747 1.4516473 1.5585634 -6.2499857 1.5078266 19.679821 3.0942602157592773 0.8801368474960327
Car 0.0 0 0.22881151735782623 425.2821960449219 179.41995239257812 522.4288330078125 216.55279541015625 4.1149826 1.642865 1.690348 -6.250136 1.9536827 33.181892 0.042633056640625 0.801426351070404
Car 0.0 0 -1.6816468238830566 639.92333984375 184.96060180664062 676.1506958007812 212.7050323486328 3.7051218 1.3808067 1.5663819 2.5446973 2.0746467 39.440968 -1.617216944694519 0.7686414122581482
Car 0.0 0 -3.9616007804870605 1062.361328125 204.0577392578125 1242.0 375.0 4.3607225 1.513249 1.7016715 6.152646 1.7924315 5.558934 -3.125551700592041 0.7676767706871033
Car 0.0 0 0.6110206842422485 274.49969482421875 185.250732421875 453.7241516113281 251.8888397216797 3.8851037 1.4319292 1.51874 -5.9025154 1.7503718 17.242386 0.28119874000549316 0.7535582780838013
Car 0.0 0 0.5192573070526123 97.3375244140625 185.9886932373047 372.76715087890625 283.5216979980469 3.9952796 1.5468566 1.5991608 -6.4498644 1.7922498 12.569047 0.04514145851135254 0.7155908942222595
Car 0.0 0 -2.8616933822631836 363.47869873046875 182.58338928222656 489.77423095703125 228.4636993408203 3.9294238 1.5043801 1.6245698 -6.3081737 1.8523374 24.901072 -3.1098031997680664 0.6872012615203857
