Pedestrian 0.0 0 2.7504639625549316 804.6739501953125 156.2444305419922 926.068603515625 341.6549377441406 1.0202726 1.8529694 0.65157634 2.6919851 1.601936 7.526036 3.093972682952881 0.8461422920227051
Pedestrian 0.0 0 -2.4438319206237793 1015.2542114257812 131.38693237304688 1175.045166015625 374.0 0.8330461 1.711507 0.55898666 3.6591098 1.3659364 5.448828 -1.852462649345398 0.738647997379303
Pedestrian 0.0 0 2.722874164581299 597.096923828125 174.4839630126953 625.2048950195312 235.26296997070312 0.61448395 1.7681224 0.6687346 0.25609607 1.5651538 21.32311 2.7348837852478027 0.7256432175636292
Pedestrian 0.0 0 1.7933204174041748 83.35974884033203 163.8580322265625 194.5407257080078 374.0 0.8610434 1.7039205 0.64899653 -4.0713935 1.5630794 6.30454 1.2199121713638306 0.7011392712593079
Pedestrian 0.0 0 2.917861223220825 611.8779907226562 175.8374786376953 641.8826904296875 241.09909057617188 0.68464196 1.7506529 0.68406004 0.65997446 1.5999174 19.667414 2.9514052867889404 0.6221853494644165
Pedestrian 0.0 0 -1.2458913326263428 641.429443359375 171.2420196533203 660.3026733398438 210.40171813964844 0.59353083 1.805834 0.72823226 2.2987921 1.3337183 33.536785 -1.1774530410766602 0.6019013524055481
Pedestrian 0.0 0 -0.9257953763008118 0.0 190.8423309326172 65.58224487304688 325.0881042480469 0.42627403 1.6895019 0.77207404 -7.529756 1.8147137 9.296077 -1.6065999269485474 0.5558775663375854
Pedestrian 0.0 0 1.5659610033035278 535.7445678710938 176.63592529296875 558.9873046875 247.0850830078125 1.4995339 1.7380542 0.57264376 -1.430712 1.6192409 18.49017 1.488737940788269 0.4014635384082794
Pedestrian 0.0 0 -3.2140402793884277 698.2835083007812 167.74949645996094 719.3140258789062 210.63748168945312 0.81759447 1.7666417 0.7018435 4.45772 1.2012185 29.9677 -3.0663721561431885 0.34259918332099915
Pedestrian 0.0 0 2.3250818252563477 643.8934936523438 176.47975158691406 669.9989624023438 219.93373107910156 0.7982129 1.756098 0.72000325 2.268044 1.5542123 29.562292 2.4016525745391846 0.3039209842681885
Pedestrian 0.0 0 -0.023486636579036713 561.8548583984375 176.8811798095703 576.5037231445312 200.81051635742188 1.0980492 1.8072162 0.57578087 -2.4334762 1.4589566 54.572773 -0.06804851442575455 0.2867932617664337
Pedestrian 0.0 0 -1.8728296756744385 363.319091796875 185.20822143554688 384.29425048828125 235.08416748046875 0.6658712 1.5617678 0.4608777 -7.303458 1.6834669 22.955563 -2.180859327316284 0.2546193599700928
Pedestrian 0.0 0 1.2807573080062866 705.182373046875 172.9539337158203 756.8570556640625 277.4873962402344 0.8417677 1.732474 0.65811324 2.174499 1.5921239 12.358738 1.4549229145050049 0.25109803676605225
Pedestrian 0.0 0 -0.10320389270782471 56.437889099121094 176.7604522705078 109.23966979980469 280.8497009277344 0.6765914 1.7304251 0.629255 -8.995547 1.6529195 12.399386 -0.7308287620544434 0.22411565482616425
Cyclist 0.0 0 1.565930724143982 536.7438354492188 176.8102264404297 560.1323852539062 246.07569885253906 1.5802258 1.7053633 0.5751137 -1.403767 1.591087 18.493982 1.490172028541565 0.6933625936508179
Cyclist 0.0 0 -0.0647202655673027 561.4931640625 176.4492645263672 575.9385986328125 200.0728759765625 1.0617832 1.7829165 0.55274856 -2.4670584 1.4022974 54.54437 -0.10991976410150528 0.10165420174598694
Car 0.0 0 1.7207064628601074 471.13323974609375 165.739501953125 544.88427734375 229.9823455810547 4.307377 1.8340183 1.676487 -2.867068 1.3852255 22.677872 1.5949478149414062 0.4588640630245209
