Pedestrian 0.0 0 -0.47207748889923096 810.2861938476562 168.19174194335938 836.9580688476562 208.96121215820312 0.88759965 1.720962 0.66632396 9.093075 1.5245166 30.864147 -0.18556733429431915 0.3568694591522217
Cyclist 0.0 0 -0.47207748889923096 810.2861938476562 168.19174194335938 836.9580688476562 208.96121215820312 0.88759965 1.720962 0.66632396 9.093075 1.5245166 30.864147 -0.18556733429431915 0.10361648350954056
Car 0.0 0 2.1950061321258545 0.0 189.1947784423828 144.7533416748047 256.5794677734375 3.3248792 1.494328 1.600226 -13.821459 1.9514046 18.487564 1.553037405014038 0.9639516472816467
Car 0.0 0 2.0046546459198 276.9225769042969 183.83731079101562 352.02313232421875 217.81732177734375 4.10071 1.452352 1.7361021 -13.974168 2.0062926 34.27565 1.6175284385681152 0.9420498013496399
Car 0.0 0 2.0733089447021484 0.0 176.41001892089844 90.69853210449219 222.4862060546875 4.2341456 1.5313451 1.6458791 -21.203144 1.6735271 26.54769 1.3993726968765259 0.7284845113754272
Car 0.0 0 1.7467801570892334 412.8480529785156 180.16751098632812 442.5373229980469 200.0728759765625 3.9230368 1.456873 1.5851834 -14.209468 2.0483062 56.298756 1.4995496273040771 0.6463809609413147
Car 0.0 0 1.9359270334243774 244.88584899902344 184.6669921875 301.9341735839844 216.5626983642578 3.4066591 1.4766635 1.4942297 -16.973852 2.1025298 36.451473 1.5001300573349 0.596975564956665
Car 0.0 0 -0.4289740025997162 851.5336303710938 162.75970458984375 984.412109375 211.51539611816406 3.6627154 1.5369896 1.6011575 9.959208 1.2191318 23.597681 -0.029611647129058838 0.5866631865501404
Car 0.0 0 2.1282711029052734 94.56095886230469 179.67813110351562 177.6780242919922 214.76271057128906 3.3178382 1.4617232 1.6059402 -21.216139 1.784275 32.387295 1.5483356714248657 0.3825615346431732
Car 0.0 0 -0.26460346579551697 904.9588012695312 183.85670471191406 958.3572387695312 202.366943359375 3.8112657 1.4899049 1.5322055 26.852505 2.4268982 60.370953 0.15391087532043457 0.3654094636440277
