Pedestrian 0.0 0 -1.1581753492355347 280.7020263671875 169.08384704589844 350.36651611328125 302.495849609375 0.7151306 1.63406 0.5907635 -3.677196 1.483324 9.162249 -1.539838194847107 0.8856244087219238
Pedestrian 0.0 0 -1.9067271947860718 827.0526123046875 161.85108947753906 930.2736206054688 354.4243469238281 0.6034176 1.6409013 0.6980416 2.409054 1.4748601 6.427795 -1.5481432676315308 0.6187276244163513
Pedestrian 0.0 0 -0.7589603066444397 817.957763671875 154.5252685546875 862.4866943359375 235.72879028320312 0.6983072 1.715242 0.5962083 5.142147 1.1466932 15.589093 -0.44034311175346375 0.5768246054649353
Pedestrian 0.0 0 -1.3466017246246338 744.7311401367188 158.65536499023438 797.6714477539062 279.89959716796875 0.8476955 1.7011229 0.58857375 2.4673667 1.3819184 10.58593 -1.117610216140747 0.5196346044540405
Pedestrian 0.0 0 3.1201772689819336 556.4159545898438 170.8106689453125 570.5932006835938 198.5598602294922 0.8894008 1.7542808 0.5078333 -2.408441 1.0792282 45.69607 3.0675203800201416 0.49521008133888245
Pedestrian 0.0 0 1.877295732498169 386.7317199707031 188.38528442382812 454.793701171875 309.96575927734375 0.9351867 1.7526006 0.7572038 -2.7640774 1.8630488 10.896332 1.6288654804229736 0.4724689722061157
Pedestrian 0.0 0 -2.513878107070923 177.90589904785156 162.60360717773438 279.0335693359375 300.54766845703125 1.073718 1.8785455 0.6918193 -5.3238626 1.6225344 10.200454 -2.994910717010498 0.45639997720718384
Pedestrian 0.0 0 -1.1911946535110474 728.6527709960938 179.88522338867188 772.43896484375 263.9255065917969 0.76296186 1.6422827 0.6308236 2.9818218 1.6119783 14.526868 -0.9887441396713257 0.4278782606124878
Pedestrian 0.0 0 1.951735258102417 254.00791931152344 166.4332275390625 313.7427673339844 280.34539794921875 0.7821596 1.813484 0.6588534 -5.259513 1.5749158 11.836357 1.5335878133773804 0.3504514694213867
Pedestrian 0.0 0 -2.0299017429351807 484.408203125 168.87632751464844 504.56256103515625 211.9730987548828 0.551217 1.8698196 0.70538044 -4.7179556 1.3230828 31.591063 -2.1781506538391113 0.3225439786911011
Pedestrian 0.0 0 -2.912917375564575 531.639892578125 177.62330627441406 554.5245361328125 218.7034454345703 0.8865224 1.7809557 0.6080957 -2.5696325 1.6138489 31.50531 -2.9942991733551025 0.25052064657211304
Cyclist 0.0 0 -0.14998453855514526 597.2628784179688 169.74842834472656 619.6700439453125 192.90135192871094 1.781938 1.899636 0.5966171 0.60500515 0.9359383 59.354416 -0.139791801571846 0.21495212614536285
Cyclist 0.0 0 -2.513878107070923 177.90589904785156 162.60360717773438 279.0335693359375 300.54766845703125 1.073718 1.8785455 0.6918193 -5.3238626 1.6225344 10.200454 -2.994910717010498 0.12736131250858307
Cyclist 0.0 0 -1.3466017246246338 744.7311401367188 158.65536499023438 797.6714477539062 279.89959716796875 0.8476955 1.7011229 0.58857375 2.4673667 1.3819184 10.58593 -1.117610216140747 0.12162044644355774
Car 0.0 0 -1.7389020919799805 654.5547485351562 162.67453002929688 711.915283203125 209.90855407714844 3.7483683 1.7457545 1.6385145 3.1506367 1.0510099 28.465265 -1.6286672353744507 0.9268702864646912
Car 0.0 0 -1.3849117755889893 552.7742309570312 171.09425354003906 583.556884765625 192.25375366210938 4.00249 1.5578015 1.6436633 -2.486192 0.79230165 54.979256 -1.4301015138626099 0.30671653151512146
Car 0.0 0 -1.6768238544464111 594.9259643554688 175.52191162109375 618.8871459960938 194.1327362060547 3.9192016 1.5282921 1.6240917 0.46266243 1.037868 61.01593 -1.6692413091659546 0.2922241985797882
