Pedestrian 0.0 0 2.76877498626709 650.1461791992188 166.83236694335938 666.6033325195312 194.32545471191406 0.9174741 1.7498674 0.54766935 3.0727646 1.3669628 46.320892 2.8350143432617188 0.28008922934532166
Pedestrian 0.0 0 0.12936292588710785 645.417724609375 167.2770538330078 657.8500366210938 192.884765625 0.86030513 1.8813984 0.5020816 3.051845 1.472017 53.33508 0.18652081489562988 0.27801433205604553
Pedestrian 0.0 0 -0.28683385252952576 596.2566528320312 164.90699768066406 612.551025390625 204.5138397216797 0.53199667 1.755375 0.780808 -0.29490212 1.403522 32.4268 -0.2959280014038086 0.2738002836704254
Cyclist 0.0 0 2.0793991088867188 221.428955078125 183.89340209960938 239.19989013671875 205.90277099609375 1.4489174 1.618041 0.55362165 -28.701086 2.4635525 54.505856 1.5947229862213135 0.5150107741355896
Car 0.0 0 2.3061702251434326 266.9786071777344 181.77362060546875 347.5653381347656 209.6601104736328 4.540912 1.4521359 1.6591753 -17.35723 1.9958422 41.533367 1.9103198051452637 0.8234923481941223
Car 0.0 0 2.612166404724121 421.62738037109375 172.51771545410156 487.93231201171875 196.3527069091797 4.3146 1.6131774 1.6847223 -10.942851 1.5907749 50.90957 2.4004411697387695 0.5934977531433105
Car 0.0 0 2.7940263748168945 370.5276184082031 175.70457458496094 433.2471618652344 195.96685791015625 4.3541555 1.4964765 1.663557 -16.091282 1.7249628 55.78869 2.5132153034210205 0.5851753950119019
Car 0.0 0 1.8764004707336426 83.37776184082031 178.60850524902344 145.79598999023438 215.5624542236328 3.9819407 1.805682 1.588613 -26.074888 2.1265972 38.054913 1.2756826877593994 0.2899444103240967
Car 0.0 0 3.1870548725128174 523.452392578125 174.35885620117188 578.2095336914062 192.26719665527344 4.4241104 1.4483652 1.6403885 -4.860993 1.5744985 59.403637 3.1054069995880127 0.24923020601272583
Car 0.0 0 2.1420481204986572 263.0766296386719 176.1986846923828 339.0042419433594 209.02243041992188 4.3396063 1.6322178 1.649742 -16.468367 1.8221605 38.61834 1.7389591932296753 0.18172067403793335
Car 0.0 0 1.661178469657898 428.55712890625 175.55902099609375 466.39093017578125 204.62176513671875 4.3543105 1.518715 1.6805607 -9.074717 1.6790164 40.39248 1.4401843547821045 0.1628146469593048
