Car 0.0 0 -1.695618987083435 585.576416015625 189.4404754638672 649.6471557617188 240.2259979248047 3.953303 1.4944153 1.6875933 0.13249552 2.108678 24.639961 -1.690241813659668 0.9781802892684937
Car 0.0 0 -1.9803847074508667 706.3707885742188 198.25930786132812 950.7681884765625 341.4777526855469 3.6983054 1.3369896 1.6056648 2.496265 1.7360251 9.3721285 -1.7200781106948853 0.9758846759796143
Car 0.0 0 1.975531816482544 0.0 211.7465362548828 259.4843444824219 375.0 3.8159213 1.4366871 1.6557525 -6.019958 2.0448813 9.25234 1.3987056016921997 0.935346245765686
Car 0.0 0 -1.6762733459472656 572.4662475585938 186.52723693847656 621.490478515625 225.78994750976562 4.227867 1.4509916 1.6118201 -0.6576029 2.0690258 30.39305 -1.6979066133499146 0.9050642848014832
Car 0.0 0 1.7352783679962158 401.019287109375 189.6041259765625 445.1546936035156 223.33985900878906 3.748981 1.6417983 1.7183539 -10.076182 2.592332 38.984493 1.4823472499847412 0.901803731918335
Car 0.0 0 -2.9100542068481445 796.2872924804688 168.89117431640625 919.177490234375 220.84217834472656 3.6806922 1.6495658 1.6567681 8.374343 1.524095 24.586973 -2.581777334213257 0.845374584197998
Car 0.0 0 2.1730685234069824 0.0 227.26400756835938 104.28299713134766 375.0 4.0018897 1.4294548 1.6462706 -5.0770836 1.9346247 4.5531964 1.3333239555358887 0.7508556842803955
Car 0.0 0 -2.8877105712890625 724.926513671875 180.09986877441406 826.6821899414062 218.39039611816406 3.967081 1.5217578 1.6465076 7.0563264 1.8493418 30.938536 -2.663470506668091 0.7409722805023193
Car 0.0 0 1.6698402166366577 1117.565673828125 170.12625122070312 1242.0 259.474365234375 4.0549264 1.4017252 1.5699486 10.661466 1.359289 13.315401 2.3449997901916504 0.6828237175941467
Car 0.0 0 -2.5826072692871094 1078.1756591796875 212.9656982421875 1242.0 375.0 3.7780483 1.4642851 1.5867062 3.426284 1.6939611 2.2207344 -1.5868819952011108 0.6021824479103088
