Car 0.0 0 -1.1338584423065186 42.96176528930664 191.83648681640625 341.617919921875 355.40325927734375 3.6489441 1.4668102 1.5730369 -4.5573926 1.5630863 8.460207 -1.6279735565185547 0.9770562052726746
Car 0.0 0 -1.3459513187408447 353.38330078125 190.49984741210938 452.3102111816406 252.4383544921875 3.522256 1.3718916 1.632307 -5.060889 1.5187657 18.024185 -1.6196861267089844 0.9765209555625916
Car 0.0 0 -1.8592610359191895 711.192138671875 185.10055541992188 903.29443359375 307.7561950683594 3.9157097 1.5219119 1.6772337 2.7204795 1.5216143 10.908687 -1.6148598194122314 0.9715691804885864
Car 0.0 0 -1.5997602939605713 559.163330078125 182.54119873046875 600.9896240234375 222.10693359375 3.3067489 1.5867931 1.6691792 -1.2581458 1.4806635 30.533915 -1.640941858291626 0.9494298696517944
Car 0.0 0 -1.4233769178390503 427.1612243652344 186.80055236816406 489.74749755859375 231.88900756835938 3.8248684 1.4100156 1.5463651 -5.058714 1.4696211 24.56619 -1.6264599561691284 0.9438561201095581
Car 0.0 0 -1.6712175607681274 597.1146240234375 183.70401000976562 622.8388671875 204.3647003173828 3.530344 1.5034957 1.586104 0.119714156 1.3946208 54.14241 -1.6690064668655396 0.653486967086792
Car 0.0 0 -1.3980170488357544 485.28118896484375 182.33151245117188 520.2389526367188 206.34117126464844 3.626633 1.4413167 1.5660706 -6.5521016 1.2693092 44.98429 -1.5426530838012695 0.6422832012176514
Car 0.0 0 -1.007988691329956 0.0 164.51983642578125 196.6654815673828 270.11334228515625 3.5929804 1.5783426 1.5210811 -8.95255 1.2701253 12.577316 -1.6265912055969238 0.5975326895713806
Car 0.0 0 -1.5197073221206665 550.5978393554688 185.99444580078125 581.7779541015625 213.69033813476562 3.4727967 1.458731 1.545808 -2.286801 1.5047584 39.697365 -1.5772496461868286 0.5955225229263306
Car 0.0 0 -1.224022388458252 226.96841430664062 162.0073699951172 350.1659240722656 226.818359375 4.6857357 1.7294836 1.87974 -9.42018 1.1113001 21.577765 -1.6356509923934937 0.5311011672019958
Car 0.0 0 -1.3258390426635742 360.7485656738281 182.08535766601562 419.46038818359375 217.51211547851562 3.546848 1.4153475 1.5725106 -9.205361 1.291418 30.524576 -1.6187375783920288 0.48899662494659424
