Pedestrian 0.0 0 0.6788971424102783 1032.707275390625 180.63975524902344 1066.978271484375 228.0183563232422 0.85096264 1.7815263 0.7423972 16.91566 2.0878625 27.82745 1.2250882387161255 0.18403242528438568
Pedestrian 0.0 0 1.4511902332305908 1012.8035888671875 177.00477600097656 1036.7320556640625 229.807861328125 0.81857795 1.698369 0.5883986 13.614214 1.8383341 23.773825 1.9712607860565186 0.1536979228258133
Pedestrian 0.0 0 0.9046849012374878 715.6441650390625 166.53443908691406 731.8984985351562 206.08383178710938 0.4169472 1.9395069 0.6837505 5.596195 1.6299525 35.730534 1.0600450038909912 0.147982656955719
Pedestrian 0.0 0 0.42130306363105774 279.64141845703125 165.37969970703125 375.22711181640625 309.16314697265625 1.0170935 1.8124077 0.5677691 -3.718532 1.7185512 9.398579 0.04455375671386719 0.14329349994659424
Pedestrian 0.0 0 -0.9725898504257202 805.3159790039062 154.4597930908203 820.2630615234375 183.6911163330078 0.78137386 1.9344946 0.6320063 13.528735 0.71754557 48.24108 -0.6991730332374573 0.1426016390323639
Cyclist 0.0 0 -1.8354692459106445 982.8076171875 185.0403594970703 1006.1728515625 229.54330444335938 1.6577774 1.7026831 0.40395114 15.358121 2.2059965 28.923513 -1.3473373651504517 0.1299479603767395
Car 0.0 0 -1.8069474697113037 988.3003540039062 194.492919921875 1242.0 375.0 3.475297 1.410386 1.5345134 4.149577 1.6464928 5.9604917 -1.1987897157669067 0.9591876268386841
Car 0.0 0 -1.6500873565673828 885.4760131835938 190.11102294921875 942.3775024414062 236.10739135742188 4.222829 1.5199184 1.6730651 11.582059 2.2396307 27.807608 -1.2554324865341187 0.9496903419494629
Car 0.0 0 -3.7562766075134277 1191.669189453125 156.89981079101562 1242.0 191.8782958984375 3.494524 1.5461612 1.545565 28.86571 0.8412928 32.84537 -3.035277843475342 0.24042242765426636
Car 0.0 0 1.5369879007339478 773.1495361328125 172.5847930908203 799.8970336914062 198.58792114257812 4.0284095 1.6583732 1.5906295 11.709992 1.6415623 48.14784 1.7755650281906128 0.12069983780384064
Car 0.0 0 -2.6644186973571777 0.0 0.0 1242.0 375.0 3.7628505 1.5124635 1.5664829 3.0488613 1.6405176 1.1466968 -1.4533629417419434 0.11692570149898529
Car 0.0 0 -1.6159822940826416 1021.8742065429688 156.69781494140625 1048.75146484375 176.55517578125 4.2549314 1.5593134 1.6949875 34.673813 0.29099527 58.933334 -1.0841681957244873 0.1146489679813385
