Pedestrian 0.0 0 -3.557468891143799 1035.4244384765625 200.4397735595703 1181.994873046875 373.2209167480469 1.2172147 1.8211356 0.6111882 5.533944 2.1486204 8.14348 -2.9605965614318848 0.1826097071170807
Pedestrian 0.0 0 1.3750131130218506 918.2384643554688 179.8009490966797 986.443603515625 317.33233642578125 1.402295 1.7547033 0.5853011 4.6706996 1.8588781 10.029493 1.8108432292938232 0.14135830104351044
Cyclist 0.0 0 1.788008451461792 291.7306823730469 182.72024536132812 309.3609619140625 214.60838317871094 1.6389273 1.6914235 0.55215144 -17.034132 2.245788 39.65616 1.382293939590454 0.3098048269748688
Cyclist 0.0 0 1.2954543828964233 916.7588500976562 163.51370239257812 999.374267578125 311.3423767089844 1.7231671 1.866484 0.5713837 4.722263 1.7489114 10.004288 1.7364716529846191 0.23006923496723175
Car 0.0 0 2.1405727863311768 5.253808498382568 190.07723999023438 262.5797424316406 299.8904724121094 4.2407174 1.4928329 1.6834195 -7.9880366 1.8446459 12.596618 1.5754269361495972 0.9699214100837708
Car 0.0 0 1.5337918996810913 498.8045349121094 177.2249298095703 520.39306640625 196.33680725097656 4.090732 1.4675001 1.5787201 -8.197851 1.8355137 58.536694 1.3946504592895508 0.45659196376800537
Car 0.0 0 1.9287374019622803 301.3158874511719 183.32635498046875 362.2900390625 215.24142456054688 4.150807 1.5186003 1.6264334 -14.516012 2.0975485 37.779133 1.5618962049484253 0.15784801542758942
Car 0.0 0 2.4715576171875 206.32470703125 180.0778045654297 259.4619445800781 200.40322875976562 3.5126638 1.486264 1.4552014 -29.252035 2.066426 56.009766 1.9902558326721191 0.14468759298324585
Car 0.0 0 2.0349762439727783 249.6108856201172 195.62210083007812 303.3030090332031 220.990966796875 3.8141723 1.4773936 1.6729172 -21.882467 3.0351307 47.41901 1.6026246547698975 0.1420157104730606
Car 0.0 0 -2.162875175476074 947.2006225585938 212.0156707763672 1242.0 360.11279296875 3.4610627 1.4094561 1.5741019 6.040699 2.022946 9.54228 -1.5985112190246582 0.13978847861289978
Car 0.0 0 1.4174597263336182 668.899169921875 184.92608642578125 694.5011596679688 202.6649932861328 4.3985405 1.5123252 1.7010492 6.581822 2.668008 66.80721 1.515662431716919 0.13493116199970245
Car 0.0 0 3.253706455230713 0.0 141.12098693847656 137.5446319580078 191.11151123046875 4.337052 1.5930502 1.6903313 -18.934128 0.5821711 24.829472 2.6022109985351562 0.12567898631095886
Car 0.0 0 1.7684251070022583 528.5534057617188 180.2657928466797 552.3929443359375 196.7633514404297 3.7578785 1.4641931 1.5209985 -6.5156183 2.1803179 67.73071 1.6725213527679443 0.12471269816160202
