Pedestrian 0.0 0 1.8924338817596436 476.82733154296875 184.53387451171875 494.6165466308594 216.77105712890625 1.6630515 1.772907 0.5019744 -7.1151905 2.453528 41.161503 1.7212650775909424 0.14769800007343292
Cyclist 0.0 0 1.8924338817596436 476.82733154296875 184.53387451171875 494.6165466308594 216.77105712890625 1.6630515 1.772907 0.5019744 -7.1151905 2.453528 41.161503 1.7212650775909424 0.3245246112346649
Car 0.0 0 -1.9985928535461426 815.3612670898438 185.2418975830078 1203.07763671875 375.0 3.5784016 1.5293943 1.6143131 3.1267343 1.6744112 6.623228 -1.557524561882019 0.970612645149231
Car 0.0 0 -1.8759980201721191 650.4927978515625 185.82919311523438 716.207275390625 228.68247985839844 3.4134312 1.4936434 1.5800132 2.7444596 2.0321338 28.089287 -1.7786023616790771 0.9372072219848633
Car 0.0 0 -3.1996753215789795 798.1472778320312 183.4311065673828 941.8612670898438 240.98141479492188 3.6729066 1.4820073 1.6182165 7.1753373 1.7994019 20.337729 -2.8605000972747803 0.9361927509307861
Car 0.0 0 2.1036810874938965 0.0 210.83270263671875 351.6598205566406 375.0 3.593533 1.4065757 1.4952204 -3.6831956 1.8304065 6.245787 1.570863127708435 0.930503785610199
Car 0.0 0 -1.8305484056472778 591.5559692382812 186.04283142089844 633.3740234375 214.56211853027344 3.5776308 1.5458096 1.6102432 0.06848222 2.3644888 42.831093 -1.8289495706558228 0.8586959838867188
Car 0.0 0 -0.5550161600112915 977.94384765625 177.24847412109375 1145.946044921875 234.39805603027344 3.6025875 1.4736793 1.4817947 12.055747 1.5970817 19.458622 -0.00033966079354286194 0.6696378588676453
Car 0.0 0 -2.6864843368530273 1102.5440673828125 197.30052185058594 1242.0 375.0 3.6491895 1.5141746 1.5962863 3.3931386 1.643904 1.9430883 -1.6357561349868774 0.575622022151947
Car 0.0 0 -0.9021705389022827 1161.8284912109375 134.54605102539062 1242.0 221.7303924560547 3.6899645 1.5456451 1.6138493 12.898257 0.8668615 13.86765 -0.15297403931617737 0.32490378618240356
