Car 0.0 0 2.0277507305145264 98.0865478515625 206.09275817871094 395.7637939453125 375.0 3.4948227 1.3972065 1.5466714 -3.794279 1.8538055 8.138181 1.5914807319641113 0.9737403988838196
Car 0.0 0 -1.6702663898468018 662.933349609375 181.9687957763672 722.8375854492188 229.74476623535156 3.878968 1.4037254 1.5714048 2.6182106 1.7304648 23.886974 -1.5610939264297485 0.9626258015632629
Car 0.0 0 2.6838576793670654 849.9566650390625 167.0308074951172 1083.224853515625 236.2606964111328 4.5641465 1.5239611 1.7426268 8.101324 1.3961328 16.769356 3.1338963508605957 0.9330007433891296
Car 0.0 0 1.9419220685958862 271.2937316894531 199.33172607421875 401.634765625 276.43145751953125 3.8485727 1.471071 1.571535 -6.333799 2.167501 17.02983 1.5858510732650757 0.8634268641471863
Car 0.0 0 -1.2844161987304688 410.0578308105469 188.40602111816406 481.2129211425781 233.48147583007812 3.9542553 1.5507177 1.6633443 -6.3826513 2.2035983 28.244745 -1.506659984588623 0.8462254405021667
Car 0.0 0 2.8174450397491455 767.4003295898438 167.17381286621094 905.4776000976562 213.14620971679688 4.459439 1.6061196 1.6883091 8.073291 1.4080316 26.103188 3.1173970699310303 0.8457329869270325
Car 0.0 0 -1.343723177909851 387.1700439453125 195.0563201904297 454.3980407714844 240.5398406982422 3.314494 1.3359454 1.4995631 -6.3938675 2.1420789 24.505903 -1.5989446640014648 0.7002631425857544
Car 0.0 0 -0.716800332069397 1049.70263671875 151.87596130371094 1163.6669921875 189.14439392089844 4.147292 1.6230834 1.679291 22.283138 0.7098234 32.494465 -0.11570105701684952 0.6898839473724365
Car 0.0 0 1.752801537513733 473.5099792480469 185.59747314453125 515.2022705078125 215.7052001953125 3.939678 1.4941144 1.5656826 -6.3065534 2.2268083 39.474457 1.5943775177001953 0.6440386176109314
Car 0.0 0 2.7300772666931152 815.3201293945312 157.1109619140625 993.4937744140625 223.02197265625 4.231226 1.7400639 1.7212645 8.003653 1.3248026 19.970413 3.1112520694732666 0.5868101119995117
Car 0.0 0 -0.6092541813850403 1101.124267578125 150.53955078125 1240.2105712890625 190.29031372070312 4.2261276 1.5500448 1.6816374 22.462025 0.68027127 29.075272 0.04852175712585449 0.4778965413570404
