Pedestrian 0.0 0 0.8732424974441528 735.7020874023438 173.03948974609375 856.5138549804688 374.0 0.70158356 1.6800792 0.61425126 1.474671 1.6197615 5.6862183 1.1269934177398682 0.7458733916282654
Pedestrian 0.0 0 -1.4274110794067383 97.80812072753906 173.24087524414062 127.6689224243164 233.49452209472656 0.9205273 1.7822951 0.6259191 -14.846969 1.5391202 21.796581 -2.025380849838257 0.5689072012901306
Pedestrian 0.0 0 1.1300469636917114 1100.21875 152.287109375 1131.120849609375 203.2770538330078 0.6139843 1.6843361 0.6408039 17.211372 0.72044164 24.085258 1.750505805015564 0.4528404176235199
Pedestrian 0.0 0 1.815476894378662 582.724853515625 121.0490493774414 616.7196655273438 209.48748779296875 0.7158193 1.8246713 0.56643903 -0.06728103 0.5786786 15.23317 1.8110601902008057 0.25188204646110535
Pedestrian 0.0 0 2.3317313194274902 168.66456604003906 156.5287322998047 205.6057891845703 221.14405822753906 0.6833142 1.893976 0.6707278 -12.402718 1.1631614 21.463736 1.8077614307403564 0.22606025636196136
Pedestrian 0.0 0 -1.4946249723434448 1084.552490234375 147.65185546875 1103.26953125 192.53187561035156 0.6490199 1.8393004 0.5947867 20.468697 0.45310435 29.875874 -0.8939523696899414 0.22135180234909058
Pedestrian 0.0 0 -0.6292020678520203 735.0237426757812 161.6612091064453 761.7007446289062 207.9502716064453 0.7637996 1.7530701 0.6601883 5.6361966 1.0027585 27.661194 -0.42819541692733765 0.20091469585895538
Pedestrian 0.0 0 2.3170533180236816 766.7227172851562 158.6822509765625 827.3860473632812 245.42420959472656 1.1012808 1.8744361 0.7739415 4.358466 1.3825855 16.140694 2.5807929039001465 0.119564488530159
Cyclist 0.0 0 2.546092987060547 734.5955200195312 158.23825073242188 784.566650390625 206.78343200683594 1.7958049 1.7862865 0.6273366 5.9376307 0.93137944 27.053461 2.7621450424194336 0.6618025898933411
Car 0.0 0 -0.9348691701889038 985.6050415039062 184.26168823242188 1225.6234130859375 277.90643310546875 3.5892816 1.43045 1.5623071 8.609852 1.484305 12.362955 -0.32654765248298645 0.9292548298835754
Car 0.0 0 -2.1784579753875732 704.4304809570312 157.24566650390625 773.8263549804688 190.80523681640625 3.6225114 1.5770816 1.6013787 6.7784557 0.43820158 35.734783 -1.9909971952438354 0.18934448063373566
Car 0.0 0 1.1079401969909668 948.32861328125 160.12696838378906 995.559326171875 181.6906280517578 4.1121097 1.6589165 1.6840647 29.525362 0.0152150355 57.3263 1.583547592163086 0.12438284605741501
