Pedestrian 0.0 0 -0.1900281310081482 815.1156616210938 109.04249572753906 937.7083740234375 294.0279846191406 1.0943083 1.8065472 0.49446735 2.7358196 1.1003058 7.3470254 0.16643571853637695 0.5793442130088806
Pedestrian 0.0 0 -0.672893762588501 1143.511474609375 113.01658630371094 1238.0 297.5257568359375 1.0593698 1.875447 0.57458204 6.4398694 1.1807116 7.6019297 0.029935359954833984 0.2475750744342804
Pedestrian 0.0 0 -1.4309382438659668 132.47483825683594 167.87216186523438 151.18975830078125 207.36936950683594 0.5456816 1.8272622 0.6692986 -21.516273 1.197722 33.61718 -2.0002784729003906 0.24159318208694458
Car 0.0 0 -1.557673692703247 541.53759765625 172.0482940673828 566.4251708984375 194.79698181152344 3.9141903 1.4792769 1.6165746 -3.1814363 0.865358 48.70504 -1.6229015588760376 0.8661102652549744
Car 0.0 0 -1.4886358976364136 592.1353759765625 170.49855041503906 619.0042114257812 191.44940185546875 3.7834904 1.4156891 1.585345 0.33832487 0.67296445 50.49127 -1.4819353818893433 0.7756054401397705
Car 0.0 0 -0.9242658019065857 326.3001403808594 180.4022979736328 399.21337890625 208.3080596923828 4.006217 1.3982633 1.5801009 -12.594868 1.3441393 38.14151 -1.24320650100708 0.7542917132377625
Car 0.0 0 0.4669700860977173 387.775146484375 173.4376678466797 442.30267333984375 193.89781188964844 4.149492 1.6935456 1.6827687 -15.712951 1.0266812 60.718388 0.21374130249023438 0.21380582451820374
Car 0.0 0 -0.03156179189682007 0.0 185.43960571289062 82.4714126586914 220.4405517578125 3.8659463 1.5096562 1.587326 -26.49056 1.7031188 33.253494 -0.7042413353919983 0.20941723883152008
Car 0.0 0 -0.2138952612876892 0.0 165.56597900390625 121.58885192871094 206.41339111328125 4.213008 1.6992083 1.6774291 -24.114943 1.0373522 32.02248 -0.8593537211418152 0.2093941569328308
Car 0.0 0 -0.3559930920600891 0.0 183.38134765625 74.67569732666016 215.28106689453125 3.7613401 1.645322 1.5990089 -31.361961 1.7543674 39.308525 -1.0294163227081299 0.2070033699274063
