Pedestrian 0.0 0 1.1906802654266357 808.4154663085938 167.6956024169922 883.4666748046875 296.9608459472656 0.85305643 1.781835 0.7571891 3.4569168 1.5928717 10.346794 1.5131251811981201 0.8808489441871643
Pedestrian 0.0 0 1.7230225801467896 444.2373046875 177.48452758789062 474.21917724609375 246.5284881591797 0.6429841 1.7114251 0.6545672 -3.6177638 1.6130792 18.138868 1.5261577367782593 0.8764028549194336
Pedestrian 0.0 0 1.6001960039138794 584.6917114257812 180.05859375 600.6851806640625 221.08558654785156 0.94462836 1.7925807 0.6835122 -0.39616123 1.7305579 31.861427 1.587762713432312 0.7041130661964417
Pedestrian 0.0 0 -1.6023101806640625 484.17376708984375 182.03135681152344 504.4236145019531 230.24032592773438 0.76987916 1.5306159 0.6224191 -3.4982185 1.5492235 23.248241 -1.7516621351242065 0.680029034614563
Pedestrian 0.0 0 2.093367099761963 233.6936492919922 181.48545837402344 293.31341552734375 286.4008483886719 0.6710271 1.5835879 0.5859573 -5.2996945 1.5846736 11.197893 1.6513261795043945 0.5316798686981201
Pedestrian 0.0 0 1.3768938779830933 358.9241027832031 163.2910919189453 419.2673645019531 287.46197509765625 0.85164154 1.8170704 0.7371082 -3.3217206 1.5519187 11.057858 1.0850751399993896 0.35329297184944153
Pedestrian 0.0 0 1.6238967180252075 298.83935546875 175.2989959716797 327.8416748046875 242.7847900390625 0.6387742 1.679259 0.6539567 -7.357245 1.5261447 18.279833 1.241255283355713 0.31580737233161926
Pedestrian 0.0 0 -1.2645106315612793 457.5295715332031 185.29327392578125 481.8560791015625 234.70089721679688 0.90486294 1.7397689 0.61879873 -4.7571974 1.8799224 25.853687 -1.4464797973632812 0.28280505537986755
Pedestrian 0.0 0 -2.8371453285217285 414.7908020019531 178.06112670898438 450.5570068359375 236.96946716308594 0.9259342 1.8008075 0.6669974 -5.2648444 1.6967987 22.32294 -3.0687618255615234 0.2187899351119995
Pedestrian 0.0 0 2.1710002422332764 597.4746704101562 181.5822296142578 610.7609252929688 209.43576049804688 0.77336735 1.6441805 0.43163562 0.16444685 1.6498901 42.843433 2.1748385429382324 0.210106760263443
Pedestrian 0.0 0 -1.620614767074585 562.8451538085938 186.55274963378906 577.0844116210938 220.9891815185547 0.83162653 1.6397511 0.6467285 -1.536604 1.8884032 34.776554 -1.6647710800170898 0.19157622754573822
Pedestrian 0.0 0 -1.1219139099121094 0.0 2.3617630004882812 159.59213256835938 367.2686462402344 1.5071832 1.7928185 0.5482513 -3.314094 0.91412675 4.3202944 -1.7762689590454102 0.1612226366996765
Cyclist 0.0 0 2.985960006713867 537.7278442382812 179.97743225097656 580.6243896484375 220.69692993164062 1.8463789 1.8015766 0.6495097 -1.9162706 1.7351625 32.293255 2.926689863204956 0.6366173028945923
Cyclist 0.0 0 -1.085822582244873 0.0 0.0 169.88377380371094 374.0 1.7398841 1.8572288 0.5427566 -3.293848 0.92989767 4.2895255 -1.740670084953308 0.35885217785835266
Cyclist 0.0 0 -0.8835736513137817 514.8508911132812 174.41189575195312 537.95751953125 204.96836853027344 1.5723464 1.6435182 0.34162542 -4.1073713 1.2631091 39.384205 -0.98748779296875 0.2633192539215088
Cyclist 0.0 0 -1.5905016660690308 417.8198547363281 177.69151306152344 437.7038879394531 235.22764587402344 1.9614865 1.7057512 0.55607986 -5.4346557 1.5939703 22.312817 -1.8294161558151245 0.20802825689315796
Cyclist 0.0 0 -2.5457546710968018 340.4257507324219 164.9382781982422 422.758056640625 292.4897766113281 1.0111696 1.8786228 0.66669977 -3.414503 1.6360056 11.043593 -2.845615863800049 0.12996743619441986
Car 0.0 0 0.5171517133712769 115.48655700683594 200.4971466064453 239.23284912109375 242.48744201660156 3.583517 1.4555588 1.6678705 -15.614287 2.1811726 26.53592 -0.01471017301082611 0.3480530083179474
Car 0.0 0 -1.5614315271377563 521.3009643554688 185.84190368652344 554.5831909179688 217.72801208496094 3.535424 1.4882249 1.5733125 -3.160115 1.7167691 35.843708 -1.6493679285049438 0.20160293579101562
