Pedestrian 0.0 0 -3.2966790199279785 834.955322265625 162.8529815673828 886.209228515625 235.4371337890625 1.1656007 1.8190132 0.5526375 6.347872 1.5687383 18.45374 -2.965369701385498 0.5436953902244568
Pedestrian 0.0 0 -1.9383610486984253 750.2002563476562 154.20945739746094 766.40673828125 186.6378631591797 0.65759414 1.9124597 0.7584857 8.789117 0.8132588 42.936646 -1.7364506721496582 0.3078290820121765
Cyclist 0.0 0 -0.8197766542434692 1100.91552734375 157.53729248046875 1201.173828125 241.0782470703125 1.8716867 1.736882 0.60789496 11.5381775 1.4187936 15.464093 -0.1787588745355606 0.29262641072273254
Car 0.0 0 -1.7681596279144287 596.5286254882812 181.14764404296875 696.5369262695312 257.1070251464844 3.7187033 1.5429401 1.6277659 0.6952853 1.7618326 17.045948 -1.727393388748169 0.9804624319076538
Car 0.0 0 -1.677237868309021 529.6190795898438 178.53077697753906 564.7251586914062 206.65963745117188 3.6034107 1.480652 1.5896941 -3.61626 1.816164 40.674904 -1.7659111022949219 0.9186861515045166
Car 0.0 0 -1.4637887477874756 374.76446533203125 180.44712829589844 435.5777587890625 230.2645263671875 3.9966283 1.5951208 1.6756657 -7.2952943 1.8897907 25.853998 -1.7388111352920532 0.8772616982460022
Car 0.0 0 -1.7256430387496948 551.2714233398438 181.3136749267578 607.8436889648438 224.79515075683594 3.7563932 1.504414 1.5973692 -1.2792875 1.8534846 27.73967 -1.7717280387878418 0.8209795355796814
Car 0.0 0 -1.7003662586212158 573.4773559570312 177.88841247558594 638.3294067382812 233.57208251953125 3.6405034 1.6214465 1.6150246 -0.25368163 1.7975464 23.269358 -1.7112678289413452 0.8188343048095703
Car 0.0 0 1.8629958629608154 0.0 131.74644470214844 346.9423522949219 375.0 4.339002 1.845802 1.6546507 -3.8287601 1.5749803 7.049732 1.3654600381851196 0.4399527907371521
Car 0.0 0 -1.631074070930481 507.40069580078125 176.74977111816406 527.7664184570312 195.06056213378906 3.364848 1.5871806 1.619377 -8.381352 1.9488521 65.1122 -1.759091854095459 0.395748496055603
