Car 0.0 0 -1.801039218902588 722.0684204101562 179.25418090820312 878.268310546875 284.8283996582031 4.4158244 1.5127002 1.6331303 3.0871854 1.646399 12.816841 -1.5646723508834839 0.9821178317070007
Car 0.0 0 -1.992793321609497 773.8270874023438 184.93394470214844 1203.6180419921875 375.0 4.277994 1.4520186 1.6290215 2.7978487 1.5996495 6.6367273 -1.5938310623168945 0.9775803089141846
Car 0.0 0 2.0297861099243164 51.76665496826172 195.70814514160156 412.2541198730469 375.0 4.1295424 1.4213619 1.6271504 -3.5962865 1.7327042 7.732053 1.5944347381591797 0.9600669741630554
Car 0.0 0 -1.7273404598236084 693.9293823242188 175.74583435058594 780.5505981445312 244.784423828125 3.753666 1.5720918 1.5865998 3.095861 1.6540371 18.4697 -1.5612659454345703 0.9514689445495605
Car 0.0 0 1.8045965433120728 411.4880676269531 182.29010009765625 509.00567626953125 250.771484375 3.6710382 1.4704419 1.5453806 -3.6346526 1.7287676 17.86287 1.6038615703582764 0.8562418818473816
Car 0.0 0 1.8166120052337646 328.2919006347656 190.14064025878906 457.6224060058594 287.970458984375 3.329584 1.4607792 1.458002 -3.8299842 1.814671 13.061401 1.5313785076141357 0.8498409986495972
Car 0.0 0 -1.8050752878189087 640.6759643554688 174.38272094726562 685.6029663085938 203.54653930664062 3.8493571 1.5289894 1.6296662 2.8608835 1.6185542 40.07013 -1.7337993383407593 0.8041362762451172
Car 0.0 0 -0.13079458475112915 755.2310791015625 173.28924560546875 846.8964233398438 210.30386352539062 3.7256708 1.5792787 1.6353343 8.328122 1.5994806 31.850624 0.1249539852142334 0.7936144471168518
Car 0.0 0 -3.506373167037964 920.6860961914062 154.55702209472656 1049.10546875 208.05198669433594 3.6702352 1.811313 1.6516545 13.08986 1.1921445 25.450897 -3.031336784362793 0.7313438057899475
Car 0.0 0 2.5513927936553955 0.0 201.00314331054688 148.45834350585938 375.0 3.7343018 1.4617947 1.5600995 -3.4225147 1.6217752 2.2085633 1.5536634922027588 0.6543484330177307
