Pedestrian 0.0 0 1.8455915451049805 280.6753845214844 149.7889862060547 311.18231201171875 208.23245239257812 0.7394996 1.7721603 0.69069004 -9.740951 1.0731263 22.28969 1.4335874319076538 0.2382003366947174
Pedestrian 0.0 0 -1.3573731184005737 404.25299072265625 162.85638427734375 421.6083984375 202.0918426513672 0.8528301 1.8270472 0.62461066 -9.33142 1.3618538 34.03924 -1.6249369382858276 0.14506742358207703
Pedestrian 0.0 0 1.586430311203003 502.08001708984375 139.90032958984375 527.3267822265625 213.49488830566406 0.64210767 1.8371961 0.62620676 -2.4698222 1.014907 18.365232 1.4527487754821777 0.14198066294193268
Pedestrian 0.0 0 2.182004928588867 381.7637634277344 152.98995971679688 403.9029846191406 197.50767517089844 0.59839714 1.8851035 0.69130707 -9.352214 1.0443182 30.942984 1.8884942531585693 0.1294710487127304
Car 0.0 0 -1.671940803527832 665.6265869140625 173.3220977783203 727.7271728515625 221.2355194091797 3.8536072 1.4218277 1.5952352 2.6804426 1.4386142 23.38368 -1.5578101873397827 0.9676194190979004
Car 0.0 0 -1.8951152563095093 737.0116577148438 176.45347595214844 943.9209594726562 310.3681945800781 3.5680115 1.5225278 1.6325184 2.9276302 1.582427 10.115526 -1.6133934259414673 0.9652287364006042
Car 0.0 0 -1.261360764503479 212.98690795898438 177.40936279296875 456.5998229980469 337.46807861328125 4.012614 1.5703936 1.679941 -3.2296994 1.6417897 9.220618 -1.5982754230499268 0.963615357875824
Car 0.0 0 -2.1158447265625 861.0914916992188 156.9009246826172 1242.0 375.0 3.3435066 1.522585 1.5077142 3.1893737 1.4400562 5.428131 -1.5846197605133057 0.9464768171310425
Car 0.0 0 -1.658937931060791 624.5654296875 169.0017852783203 654.5120239257812 195.90234375 3.9086251 1.7371287 1.669556 1.9192247 1.4887259 48.58383 -1.619455099105835 0.43411028385162354
Car 0.0 0 -1.4820818901062012 615.7052001953125 167.51998901367188 642.1511840820312 191.5787811279297 4.0213614 1.7416948 1.6424025 1.4333531 1.3559048 54.323414 -1.4557024240493774 0.16405229270458221
Car 0.0 0 -2.857043743133545 0.0 0.0 1242.0 375.0 3.7877467 1.5123311 1.5728463 3.0495362 1.6414496 1.115505 -1.6369235515594482 0.1314213126897812
