Pedestrian 0.0 0 -1.5864617824554443 676.6740112304688 182.8135223388672 696.6913452148438 233.73013305664062 0.83869976 1.6837372 0.66008353 2.5507462 2.0281882 24.478998 -1.4826350212097168 0.26930609345436096
Pedestrian 0.0 0 -0.5254412889480591 1100.2724609375 127.37151336669922 1165.9991455078125 236.69480895996094 0.647923 1.6889304 0.5656716 8.241878 0.9866314 11.457476 0.09815025329589844 0.20349755883216858
Pedestrian 0.0 0 -3.443437099456787 1150.1650390625 201.9630584716797 1242.0 313.2777099609375 1.7100153 1.7216394 0.5388287 10.079085 2.2310283 12.036945 -2.746335506439209 0.19384723901748657
Pedestrian 0.0 0 -2.0050108432769775 735.0277099609375 175.44046020507812 756.3375854492188 208.31887817382812 1.4736813 1.738889 0.56435996 7.3010983 1.8821012 39.06526 -1.8202475309371948 0.12220244109630585
Cyclist 0.0 0 -3.393697738647461 1135.3939208984375 198.22900390625 1242.0 309.8128356933594 1.6956617 1.7558578 0.571824 9.9637785 2.2085133 12.244383 -2.7106330394744873 0.2940790355205536
Cyclist 0.0 0 -1.9951934814453125 735.7366943359375 174.42274475097656 755.5420532226562 207.8907928466797 1.4161686 1.7760186 0.51568365 7.3073006 1.8630339 39.105717 -1.8104636669158936 0.13753773272037506
Car 0.0 0 2.066901922225952 185.97857666015625 185.0367889404297 297.6642761230469 240.65061950683594 4.348996 1.810102 1.8141613 -13.47432 2.2975044 26.643995 1.5986912250518799 0.8783742189407349
Car 0.0 0 2.092881441116333 97.21021270751953 199.16139221191406 194.74053955078125 238.6414794921875 4.1393557 1.467902 1.7781385 -20.315033 2.7026935 31.744987 1.5236074924468994 0.1819130927324295
Car 0.0 0 1.5232043266296387 417.972900390625 187.408203125 438.9328918457031 205.29473876953125 4.434063 1.5172151 1.6852278 -17.009804 2.925254 67.41818 1.2760593891143799 0.1477988213300705
Car 0.0 0 2.4164159297943115 0.0 202.1439666748047 86.40148162841797 254.90550231933594 3.758146 1.4915653 1.6338797 -20.238138 2.5703936 24.581017 1.727613925933838 0.14078976213932037
