Pedestrian 0.0 0 2.649110794067383 48.39011001586914 184.82977294921875 73.8689956665039 218.39288330078125 0.9942876 1.7837942 0.48349032 -29.921093 2.4455242 39.292168 1.998288631439209 0.3179357647895813
Pedestrian 0.0 0 2.5958995819091797 188.71556091308594 180.70164489746094 210.07179260253906 207.92050170898438 1.2626209 1.8572518 0.41289467 -28.62487 2.4113607 50.258804 2.0781712532043457 0.30535900592803955
Pedestrian 0.0 0 -2.2803544998168945 587.1705932617188 166.86993408203125 610.705078125 211.74635314941406 0.6599062 1.8289516 0.7182254 -0.5000063 1.5854273 29.888906 -2.297081708908081 0.19083310663700104
Pedestrian 0.0 0 0.3382427990436554 572.8541259765625 170.70098876953125 584.4549560546875 191.65509033203125 0.88961333 1.8073981 0.5020797 -2.7404647 1.6220467 62.602875 0.2944953441619873 0.15851975977420807
Cyclist 0.0 0 2.1425647735595703 13.462268829345703 188.2631072998047 56.046077728271484 229.8975067138672 1.8452352 1.7442352 0.5633092 -25.424904 2.445528 31.872395 1.469222068786621 0.4385676383972168
Car 0.0 0 2.3190670013427734 218.4218292236328 181.69895935058594 305.15045166015625 212.67056274414062 4.160005 1.4506353 1.6463374 -17.932936 1.9355681 37.296627 1.87088143825531 0.8731639385223389
Car 0.0 0 2.740746021270752 336.4026794433594 177.63235473632812 405.42742919921875 200.2793426513672 4.4626513 1.5519854 1.6749413 -17.3621 1.9135094 52.4323 2.420976400375366 0.5115585923194885
Car 0.0 0 3.103172779083252 502.6000671386719 171.5832061767578 559.4777221679688 190.5426483154297 4.364819 1.4544748 1.6035029 -6.2234654 1.3573431 56.4653 2.993398427963257 0.2749480605125427
Car 0.0 0 2.439351797103882 389.59326171875 173.42974853515625 453.21826171875 199.02354431152344 3.9525821 1.6061254 1.5969247 -12.381969 1.646001 47.4461 2.1840760707855225 0.239190936088562
Car 0.0 0 2.0199508666992188 71.67168426513672 186.87220764160156 137.23870849609375 216.13375854492188 4.1983056 1.684135 1.764492 -32.064426 2.6185124 45.859234 1.4097671508789062 0.19913220405578613
Car 0.0 0 1.8295950889587402 411.453125 175.4480438232422 462.2449035644531 205.14242553710938 4.1751723 1.4531027 1.5692192 -9.030846 1.5968665 37.779778 1.5949589014053345 0.18620209395885468
Car 0.0 0 -1.7320184707641602 1006.0753784179688 165.9305419921875 1033.057373046875 182.75064086914062 3.9471593 1.5486614 1.6125517 38.861286 0.91156214 68.56148 -1.2163615226745605 0.16268816590309143
Car 0.0 0 1.8819148540496826 477.2975158691406 172.3719482421875 523.68603515625 200.58958435058594 4.2722096 1.7126563 1.7001747 -6.955596 1.6837568 46.03552 1.731957197189331 0.15390945971012115
