Pedestrian 0.0 0 -1.5975171327590942 448.8442077636719 179.71629333496094 490.8639831542969 273.27490234375 0.6363987 1.701697 0.7565175 -2.6949456 1.8349121 13.572667 -1.7935246229171753 0.4735432267189026
Pedestrian 0.0 0 1.9788000583648682 336.3720397949219 137.76925659179688 425.3182678222656 319.28118896484375 0.66792333 1.6970476 0.6234282 -2.2943735 1.3693804 7.1054883 1.6664671897888184 0.41470831632614136
Pedestrian 0.0 0 1.57403564453125 930.9971923828125 175.5400848388672 956.0858154296875 239.4202117919922 1.0537115 1.8810334 0.6765682 10.084044 1.9652996 21.916344 2.0052695274353027 0.2304956316947937
Pedestrian 0.0 0 -1.628600835800171 1055.6651611328125 150.47756958007812 1072.144287109375 186.23741149902344 0.75811046 1.8984714 0.7065698 24.371738 0.710876 38.80572 -1.0678149461746216 0.12557220458984375
Pedestrian 0.0 0 1.3149391412734985 698.6436157226562 166.24142456054688 712.5174560546875 195.63064575195312 0.6884862 1.7956163 0.6953117 5.855186 1.3919604 44.466488 1.4458622932434082 0.11992299556732178
Cyclist 0.0 0 2.896235227584839 300.4411926269531 188.02462768554688 339.0756530761719 223.52122497558594 1.7876768 1.8050631 0.6667925 -15.382269 2.6246045 38.163616 2.5130927562713623 0.580326497554779
Car 0.0 0 2.0117411613464355 40.29456329345703 193.09133911132812 294.7818603515625 317.6722106933594 4.362609 1.49853 1.7444019 -6.805619 1.8889779 11.656251 1.4832737445831299 0.9652485251426697
Car 0.0 0 2.4247469902038574 411.80523681640625 180.21136474609375 570.1438598632812 239.75807189941406 4.5779276 1.5077945 1.7074708 -3.402001 1.747271 21.14236 2.2652053833007812 0.8311626315116882
Car 0.0 0 -1.749316930770874 640.9751586914062 154.9220733642578 677.17626953125 181.9975128173828 3.6842978 1.639858 1.6481218 3.027527 0.5541461 45.620956 -1.6830514669418335 0.1721610575914383
Car 0.0 0 0.6356567144393921 0.0 204.24632263183594 84.79802703857422 232.4116973876953 3.9768 1.6236626 1.5492884 -34.845173 3.5874908 44.29093 -0.030942566692829132 0.11145971715450287
