Pedestrian 0.0 0 -2.8886826038360596 636.0289916992188 169.41770935058594 648.538818359375 192.58738708496094 0.83509254 1.758041 0.58774227 2.4428546 1.4976634 55.14848 -2.8444156646728516 0.24079875648021698
Car 0.0 0 2.3347790241241455 85.97694396972656 184.9975128173828 201.81008911132812 225.7173309326172 3.9954288 1.4495068 1.5952901 -18.66872 1.9744976 29.05608 1.7636897563934326 0.9032402634620667
Car 0.0 0 2.7289915084838867 302.5763854980469 178.09500122070312 386.8190612792969 207.52032470703125 4.0602145 1.5138184 1.606356 -14.625965 1.8177788 39.809708 2.3769030570983887 0.7753787040710449
Car 0.0 0 2.815457820892334 250.62571716308594 182.28836059570312 329.6074523925781 207.63668823242188 4.184441 1.4538499 1.6611677 -19.903067 2.0680597 44.91732 2.398352861404419 0.5180922150611877
Car 0.0 0 1.513226866722107 494.42791748046875 171.55435180664062 519.1495971679688 192.7031707763672 3.8086777 1.4769667 1.5550132 -7.5542097 1.3865614 52.408302 1.3700714111328125 0.3695518970489502
Car 0.0 0 1.4489140510559082 812.8766479492188 166.69381713867188 837.939208984375 184.9723663330078 4.1058035 1.5904192 1.669109 19.330742 1.054778 64.94162 1.7382258176803589 0.328977108001709
Car 0.0 0 -1.5407333374023438 943.425048828125 171.82057189941406 969.22412109375 194.11375427246094 3.8471825 1.5794537 1.6014675 25.530054 1.5065935 53.19401 -1.0932602882385254 0.31025266647338867
Car 0.0 0 0.8792709112167358 935.889404296875 171.43978881835938 982.4658203125 188.97808837890625 3.8480875 1.489024 1.5856712 30.566172 1.369313 63.31462 1.329036831855774 0.2983633279800415
Car 0.0 0 2.030550003051758 96.99378204345703 174.1011199951172 167.02752685546875 203.1315460205078 4.4778247 1.6817507 1.7838919 -29.287477 1.7627625 44.32886 1.4466990232467651 0.29278528690338135
Car 0.0 0 1.6299842596054077 451.757568359375 174.36019897460938 477.0715637207031 196.0936737060547 3.6470306 1.4850273 1.5594552 -10.3823395 1.5968479 51.47894 1.4309725761413574 0.2846145033836365
Car 0.0 0 1.2621926069259644 832.9421997070312 168.1675262451172 866.7395629882812 185.58424377441406 4.3385954 1.5422632 1.6931075 21.891798 1.1276299 66.06873 1.5821560621261597 0.26084524393081665
Car 0.0 0 -1.9654829502105713 886.9735717773438 163.0980224609375 938.9615478515625 187.46974182128906 4.1845913 1.531494 1.6614134 19.810772 0.9187963 47.431065 -1.5698329210281372 0.25862017273902893
