Car 0.0 0 -1.9412925243377686 746.8562622070312 188.8300018310547 1108.9384765625 375.0 4.442375 1.4392967 1.6884068 2.6780376 1.6543881 7.45341 -1.596353530883789 0.9779493808746338
Car 0.0 0 0.5727951526641846 0.0 176.00584411621094 337.7935485839844 304.3843078613281 4.4693007 1.4000171 1.5658419 -5.8805566 1.4421498 8.733537 -0.019806653261184692 0.9460082650184631
Car 0.0 0 3.3785080909729004 268.7031555175781 170.223388671875 452.77435302734375 228.2693328857422 4.291343 1.436123 1.5693959 -6.428631 1.3713968 18.827673 3.049474000930786 0.940176784992218
Car 0.0 0 -0.3140660524368286 749.8074340820312 178.0154266357422 878.8638916015625 223.58360290527344 3.845807 1.45701 1.6098088 6.731304 1.6365038 24.15396 -0.04227875918149948 0.9357214570045471
Car 0.0 0 -0.345863938331604 860.4193725585938 178.31637573242188 1134.02978515625 270.4127197265625 3.8022532 1.4258946 1.590457 6.3687396 1.5274521 12.328243 0.13097333908081055 0.9234803318977356
Car 0.0 0 -0.1520775407552719 687.3958129882812 173.41046142578125 773.8073120117188 205.8634490966797 4.065175 1.5890403 1.7042826 5.966299 1.6180172 36.231606 0.011128902435302734 0.8638521432876587
Car 0.0 0 3.3868112564086914 326.0906066894531 170.8108673095703 481.8322448730469 221.52357482910156 4.182444 1.442309 1.5492522 -6.0557733 1.384559 21.35757 3.110520839691162 0.8470827341079712
Car 0.0 0 2.7770564556121826 764.7900390625 177.60812377929688 967.2356567382812 249.53909301757812 4.109076 1.5699303 1.6588652 5.790197 1.6866155 16.757874 3.1097354888916016 0.8221574425697327
Car 0.0 0 -0.28172141313552856 734.5021362304688 174.40087890625 841.5808715820312 218.2630157470703 3.5107362 1.5553904 1.6078061 6.448105 1.614504 26.52467 -0.043248824775218964 0.8112139701843262
Car 0.0 0 -1.6110750436782837 636.6112670898438 172.74505615234375 661.0001831054688 194.9264373779297 3.610131 1.501627 1.5594661 2.6650708 1.4946092 50.658157 -1.5585145950317383 0.6469719409942627
