Pedestrian 0.0 0 3.3563663959503174 339.7838134765625 158.00115966796875 380.2563781738281 198.56460571289062 1.6158572 1.7839873 0.5830484 -11.15724 1.1311148 32.116425 3.02200984954834 0.1675066500902176
Cyclist 0.0 0 3.402740001678467 338.02484130859375 158.0476531982422 381.15509033203125 199.35025024414062 1.7287006 1.8199071 0.56244355 -11.183135 1.1678566 32.13436 3.0678374767303467 0.5692072510719299
Car 0.0 0 -2.0890016555786133 363.2279052734375 162.4998016357422 426.87957763671875 193.7484893798828 3.586595 1.5414792 1.5901257 -11.209394 1.0310706 37.40307 -2.3801755905151367 0.5794108510017395
Car 0.0 0 -1.84552001953125 470.76123046875 169.94723510742188 508.3045959472656 193.61253356933594 3.6670263 1.5647285 1.6113633 -8.363094 1.3728943 49.706703 -2.0122077465057373 0.5746085047721863
Car 0.0 0 -2.102261543273926 303.6842041015625 161.86822509765625 387.56744384765625 198.72607421875 4.5542774 1.6980807 1.7942508 -13.044641 1.1923122 35.37597 -2.455535411834717 0.5614343881607056
Car 0.0 0 0.9177956581115723 582.4971313476562 159.1702880859375 648.7495727539062 186.42430114746094 4.293084 1.5680454 1.7668909 0.2537442 0.78111804 43.755688 0.9235947132110596 0.4493180513381958
Car 0.0 0 0.43187984824180603 810.0926513671875 160.3064727783203 871.5213012695312 184.3590545654297 4.4420657 1.8873043 1.741784 18.735025 0.9031094 58.75457 0.7405567169189453 0.4112706184387207
Car 0.0 0 -2.1651432514190674 417.5720520019531 156.48062133789062 490.9610290527344 188.4344482421875 4.352081 1.631158 1.7260855 -8.4894495 0.79569834 38.95637 -2.3797106742858887 0.410665899515152
Car 0.0 0 -2.2431716918945312 723.9443359375 166.55694580078125 770.2778930664062 187.75393676757812 3.471151 1.521219 1.5608342 10.13614 1.0696635 53.678146 -2.056537389755249 0.34818732738494873
Car 0.0 0 -2.134382963180542 846.1326904296875 163.4170379638672 888.2496337890625 182.53689575195312 3.688831 1.5546381 1.6083294 21.546547 0.7876754 60.641865 -1.7929871082305908 0.3139823377132416
