Car 0.0 0 -0.5334936380386353 930.8050537109375 184.6554412841797 1242.0 312.65936279296875 3.8930535 1.3784542 1.568688 6.184866 1.5390905 8.8676605 0.07552766799926758 0.9607979655265808
Car 0.0 0 -1.7094255685806274 633.1227416992188 188.65147399902344 676.623291015625 220.05194091796875 4.2410264 1.4560835 1.6940044 2.2544718 2.33253 37.831104 -1.6499029397964478 0.9224740266799927
Car 0.0 0 -2.6667659282684326 136.6150665283203 192.3104705810547 380.0605163574219 275.8818664550781 3.8513381 1.4387308 1.5590543 -6.5741377 1.8291191 13.633043 -3.116089344024658 0.9222730398178101
Car 0.0 0 3.440434455871582 235.0498504638672 187.61082458496094 427.9712829589844 256.90557861328125 4.2178493 1.6091422 1.6881045 -6.9243026 2.000826 18.150694 3.075986385345459 0.9175518751144409
Car 0.0 0 3.609874725341797 0.0 198.094970703125 331.87548828125 300.5592041015625 4.1065655 1.3813672 1.5045843 -6.6601777 1.8005589 11.06923 3.0682179927825928 0.9158247113227844
Car 0.0 0 -2.4616074562072754 0.0 188.56044006347656 230.72288513183594 320.9304504394531 3.6200097 1.4308609 1.5651588 -6.8990107 1.6404301 8.798555 -3.126582145690918 0.9156749248504639
Car 0.0 0 -2.204526901245117 868.4529418945312 210.3992462158203 1242.0 375.0 3.7562153 1.4441211 1.5907474 2.715516 1.7329228 3.6586304 -1.5660223960876465 0.8936795592308044
Car 0.0 0 -0.4320521950721741 815.8973388671875 195.0341339111328 1029.340576171875 279.72247314453125 3.5370257 1.5239124 1.5836189 6.0262423 1.989255 14.274581 -0.032584451138973236 0.8884451985359192
Car 0.0 0 2.7646164894104004 746.1724853515625 195.75473022460938 925.5664672851562 258.37615966796875 4.2937326 1.5350267 1.6776333 5.9518437 2.1840506 19.427813 3.0618951320648193 0.8539988398551941
Car 0.0 0 -0.5254369974136353 868.7854614257812 195.63577270507812 1162.06982421875 298.15216064453125 3.7516305 1.4441136 1.581909 6.190815 1.8303357 11.37677 -0.027086377143859863 0.8288869857788086
Car 0.0 0 0.2148544043302536 416.7568054199219 187.89666748046875 507.3402404785156 222.55516052246094 3.6863706 1.4635441 1.5427505 -6.545505 2.1466463 31.950924 0.012789011001586914 0.7955387234687805
Car 0.0 0 -0.33093589544296265 721.653564453125 190.96986389160156 865.4514770507812 242.2971954345703 3.9906607 1.4647049 1.6028303 5.5504913 2.0479667 22.243177 -0.08639324456453323 0.7942050099372864
Car 0.0 0 -0.25170373916625977 723.2316284179688 179.7626495361328 841.9313354492188 228.7532958984375 3.6371489 1.594244 1.6270382 5.768692 1.8380321 24.569292 -0.021088168025016785 0.7703772187232971
Car 0.0 0 -0.4567837715148926 796.6682739257812 190.8634033203125 974.8846435546875 260.4071044921875 3.5533395 1.4808139 1.5632949 6.300307 1.9244776 16.806131 -0.09811704605817795 0.7603601813316345
Car 0.0 0 0.8459082841873169 0.0 204.2924346923828 193.61363220214844 375.0 4.2982087 1.5325328 1.6707972 -6.275146 1.8479259 6.265369 0.05973052978515625 0.7527821063995361
