Cyclist 0.0 0 0.8160668611526489 0.0 152.8589324951172 59.81101608276367 226.66671752929688 1.7707837 1.786665 0.6018382 -14.681319 1.004536 17.807875 0.12660694122314453 0.3071967661380768
Car 0.0 0 -1.5898972749710083 580.010009765625 173.79026794433594 637.580810546875 227.76736450195312 3.2275877 1.5928394 1.7007865 -0.0459558 1.2568113 22.840714 -1.5919092893600464 0.970424473285675
Car 0.0 0 -1.1165229082107544 119.50120544433594 193.5780792236328 380.6434631347656 332.67437744140625 3.8813214 1.5109798 1.653519 -4.6768255 1.6511468 9.994096 -1.5542106628417969 0.9642996191978455
Car 0.0 0 -1.5049645900726318 495.3385009765625 174.68792724609375 533.74072265625 210.3036651611328 3.6026366 1.4862286 1.454386 -4.1146655 1.0480413 31.837095 -1.6334933042526245 0.7999433875083923
Car 0.0 0 1.864363670349121 282.5147399902344 176.58238220214844 379.75018310546875 226.86398315429688 4.588904 1.4203378 1.5852982 -8.599581 1.177598 22.646076 1.5014454126358032 0.7507832646369934
Car 0.0 0 -0.889701783657074 0.0 197.9578399658203 122.05791473388672 347.3485412597656 4.052098 1.4198666 1.6007016 -8.386002 1.6216424 9.24844 -1.626232385635376 0.7216878533363342
Car 0.0 0 2.0647165775299072 267.58416748046875 179.10015869140625 348.4869689941406 213.8189697265625 3.942605 1.4112675 1.562433 -12.963204 1.1638116 31.256533 1.6715718507766724 0.34677067399024963
Car 0.0 0 -1.36824369430542 357.8715515136719 180.53378295898438 415.8674011230469 217.76890563964844 3.7762985 1.4302796 1.55075 -9.042756 1.2515687 29.561764 -1.6650986671447754 0.33885347843170166
Car 0.0 0 -1.5013481378555298 510.52899169921875 174.7482452392578 540.216552734375 200.6991424560547 3.6611116 1.54188 1.58053 -5.0949516 0.9210846 44.571068 -1.615164875984192 0.31686991453170776
Car 0.0 0 -1.592742681503296 574.5509643554688 177.68157958984375 611.6318359375 211.74972534179688 3.554055 1.4462891 1.5762017 -0.737897 1.1275761 32.324203 -1.6155667304992676 0.2852160930633545
