Pedestrian 0.0 0 2.614151954650879 727.3408813476562 135.15203857421875 777.0401000976562 226.38209533691406 0.7187163 1.8149451 0.7544463 2.863351 1.0652541 14.826395 2.8049285411834717 0.20154058933258057
Cyclist 0.0 0 -2.52443265914917 899.9171752929688 157.10818481445312 933.0924682617188 190.97377014160156 1.7537272 1.861495 0.49057403 17.170122 0.9963505 40.533154 -2.1237425804138184 0.2809814512729645
Car 0.0 0 -2.2964212894439697 345.973876953125 208.64744567871094 681.8975219726562 375.0 3.4884574 1.4826881 1.5830587 -1.191196 1.9482455 7.653545 -2.450822353363037 0.8914955854415894
Car 0.0 0 -2.089137077331543 234.90223693847656 213.7133331298828 466.8363952636719 345.269287109375 3.9162517 1.484098 1.624453 -4.171232 2.2241783 11.181871 -2.4461841583251953 0.8135020136833191
Car 0.0 0 -1.91403329372406 176.23971557617188 215.00277709960938 324.8547058105469 308.4999694824219 3.6244147 1.4632319 1.5708987 -7.467142 2.431169 14.744236 -2.3828234672546387 0.7308853268623352
Car 0.0 0 -1.7000242471694946 104.26091766357422 216.2223663330078 201.5909881591797 299.4300537109375 3.3022754 1.644999 1.6155952 -11.44389 2.829008 17.905958 -2.2687063217163086 0.5681040287017822
Car 0.0 0 -1.7273176908493042 19.897600173950195 211.14749145507812 86.97645568847656 254.79847717285156 3.0901363 1.5859988 1.8152878 -23.936687 3.3204913 30.952026 -2.3855948448181152 0.3220115005970001
Car 0.0 0 -0.843505322933197 123.8243179321289 202.0181427001953 188.9069061279297 226.98208618164062 3.8381834 1.4864296 1.6693271 -31.221504 3.5792992 49.73622 -1.4040738344192505 0.25541165471076965
Car 0.0 0 -1.3024232387542725 920.4789428710938 175.760009765625 960.7863159179688 197.75465393066406 3.9135551 1.4870045 1.6288918 23.523731 1.7022748 51.335667 -0.8727432489395142 0.24383696913719177
Car 0.0 0 -1.786611557006836 236.74038696289062 195.31082153320312 336.76263427734375 259.45220947265625 4.4301004 1.5266359 1.7349802 -9.574351 2.2542193 21.069738 -2.2131288051605225 0.2437390834093094
Car 0.0 0 -1.633345365524292 34.75167465209961 215.96835327148438 96.81295776367188 270.0072021484375 3.1435483 1.6658478 1.6355599 -20.225168 3.3658695 26.717064 -2.2813198566436768 0.23031145334243774
