Car 0.0 0 2.0123250484466553 148.0342254638672 195.66293334960938 349.6499328613281 308.288330078125 3.6473207 1.4556998 1.5269083 -5.7521405 1.890025 11.894992 1.5619021654129028 0.9720503687858582
Car 0.0 0 1.286276936531067 714.9098510742188 181.20712280273438 838.2858276367188 261.1326904296875 3.6927073 1.4684664 1.5772834 3.3873408 1.6708087 15.547522 1.500794768333435 0.9662797451019287
Car 0.0 0 -2.080092668533325 840.828125 179.4249725341797 1242.0 375.0 4.087282 1.5626442 1.6538105 3.2377336 1.6336166 5.701701 -1.563645362854004 0.9628561735153198
Car 0.0 0 1.938501000404358 355.6706237792969 184.54336547851562 465.7051086425781 244.25067138671875 4.1704254 1.4834826 1.6772636 -5.6779537 1.857973 20.930656 1.6736016273498535 0.9362940788269043
Car 0.0 0 -1.709720492362976 661.1486206054688 176.76808166503906 712.2608642578125 216.17184448242188 3.9002726 1.510471 1.5749382 3.082829 1.6844559 30.026627 -1.607409119606018 0.9342384338378906
Car 0.0 0 -1.7672007083892822 685.722412109375 181.99807739257812 769.6934204101562 237.13453674316406 4.1958346 1.410226 1.6266956 3.3066368 1.7074163 21.28913 -1.6131114959716797 0.8661234378814697
Car 0.0 0 2.3120768070220947 0.0 215.23361206054688 180.1563720703125 375.0 4.1390753 1.4717596 1.6299423 -5.69495 1.9504828 6.061809 1.5578726530075073 0.8555191159248352
Car 0.0 0 1.75138521194458 476.0535888671875 177.2446746826172 517.7753295898438 208.48731994628906 3.3668013 1.4643484 1.4769566 -5.63174 1.6941174 35.995735 1.5961875915527344 0.7995991706848145
Car 0.0 0 -1.7634690999984741 655.349609375 175.87876892089844 696.759765625 208.69068908691406 3.1933591 1.5101866 1.4167678 3.138512 1.664975 35.174152 -1.674476981163025 0.6412534117698669
Car 0.0 0 -2.7086455821990967 503.8080139160156 173.71890258789062 560.5469970703125 194.29098510742188 4.436282 1.6846691 1.7205695 -6.5697103 1.7596618 60.736748 -2.8163936138153076 0.614363968372345
