Pedestrian 0.0 0 -0.5410204529762268 1085.7994384765625 144.18223571777344 1138.2244873046875 248.12059020996094 0.5574306 1.6883793 0.4568515 8.264149 1.2229916 11.963593 0.06348729133605957 0.2686645984649658
Pedestrian 0.0 0 -0.5702220797538757 1040.9700927734375 137.4380645751953 1102.3917236328125 248.1514129638672 0.56654257 1.712406 0.63925624 7.2798705 1.1649846 11.47834 -0.005015287548303604 0.2588711977005005
Pedestrian 0.0 0 3.1419053077697754 509.1371765136719 140.08290100097656 546.3153686523438 261.7012023925781 0.5625757 1.8465084 0.79822236 -1.3521672 1.3493085 11.381664 3.0236573219299316 0.2310672402381897
Pedestrian 0.0 0 -0.6831046938896179 1114.8018798828125 134.57537841796875 1185.7523193359375 248.82705688476562 0.65599215 1.7006211 0.5699393 8.199566 1.1312068 11.0364065 -0.044126950204372406 0.1720823049545288
Pedestrian 0.0 0 -3.435722589492798 971.1885375976562 138.3453826904297 1032.5614013671875 245.42250061035156 0.76337516 1.7439656 0.598406 6.514638 1.1822815 12.117745 -2.9424405097961426 0.1540752351284027
Pedestrian 0.0 0 -2.5668890476226807 1019.4989013671875 167.84104919433594 1057.3192138671875 227.17059326171875 0.60630345 1.5885464 0.7017485 11.673833 1.4546828 19.744188 -2.0329251289367676 0.14330796897411346
Pedestrian 0.0 0 0.9757052659988403 0.0 123.93144226074219 87.1893081665039 314.6410827636719 0.8742037 1.8213222 0.56514955 -5.9403696 1.3544582 7.2844124 0.29158997535705566 0.14304259419441223
Pedestrian 0.0 0 2.702361822128296 456.3932800292969 149.25804138183594 560.91064453125 307.2843017578125 0.9949171 1.6686517 0.63184536 -1.1997933 1.419852 8.154369 2.556274890899658 0.11860949546098709
Pedestrian 0.0 0 -3.5275092124938965 934.1456298828125 127.35855865478516 994.3502807617188 216.52371215820312 0.9655015 1.7762697 0.54187816 7.142104 0.87030745 14.673769 -3.0745370388031006 0.11663714796304703
Pedestrian 0.0 0 3.4943289756774902 114.3270263671875 157.21798706054688 246.62025451660156 331.7099914550781 1.0971891 1.796974 0.5886338 -4.6752753 1.6363071 7.818659 2.9554080963134766 0.10789940506219864
Cyclist 0.0 0 2.101381540298462 443.4116516113281 148.25746154785156 563.0223999023438 319.94439697265625 1.6647068 1.721115 0.5663861 -1.2000921 1.4748993 8.108319 1.9544408321380615 0.6784143447875977
Cyclist 0.0 0 2.0779199600219727 489.04388427734375 139.4331817626953 564.4357299804688 265.16357421875 1.250582 1.863302 0.6614148 -1.344377 1.3683692 11.39436 1.9604767560958862 0.14875590801239014
Car 0.0 0 -2.247127056121826 340.76995849609375 162.18028259277344 551.7367553710938 276.8988037109375 3.6640959 1.7036732 1.5952815 -2.9549046 1.5455166 12.467809 -2.4798359870910645 0.15845565497875214
Car 0.0 0 -2.0708839893341064 653.5969848632812 142.2192840576172 730.3785400390625 181.51307678222656 3.7054574 1.536474 1.6053036 3.319027 0.3389474 30.229748 -1.9615285396575928 0.13035522401332855
