Pedestrian 0.0 0 -1.4492802619934082 367.4876403808594 182.5347137451172 393.338134765625 241.69252014160156 1.042454 1.7647468 0.6412341 -7.1264095 2.0717516 22.280746 -1.7588435411453247 0.2208872139453888
Pedestrian 0.0 0 -0.6689489483833313 644.4821166992188 178.8566131591797 670.1622314453125 223.32264709472656 0.83798635 1.7305515 0.58301276 1.8391724 1.9735498 28.68554 -0.6049216389656067 0.19884173572063446
Pedestrian 0.0 0 1.4468071460723877 931.7192993164062 166.5477752685547 959.7861938476562 228.46539306640625 1.5076411 1.5170133 0.46349034 8.529161 1.3628657 18.46389 1.8795437812805176 0.11097802966833115
Cyclist 0.0 0 1.4455559253692627 931.5316772460938 167.42669677734375 959.2149047851562 228.59597778320312 1.5044031 1.5007868 0.45404038 8.529915 1.3679861 18.485802 1.8778748512268066 0.23506128787994385
Cyclist 0.0 0 -1.2908852100372314 1052.8597412109375 190.7200927734375 1083.8052978515625 248.9722900390625 1.5735269 1.6462891 0.35788587 13.587247 2.1940327 21.447681 -0.7261922359466553 0.16822494566440582
Cyclist 0.0 0 -1.1056689023971558 133.7256317138672 181.3179931640625 155.65762329101562 212.5663299560547 1.5885406 1.6762435 0.34621167 -25.78718 2.154732 39.948627 -1.678880214691162 0.1446058303117752
Car 0.0 0 -1.5209349393844604 549.6411743164062 184.93507385253906 597.506591796875 225.92987060546875 3.4453018 1.3970773 1.6412848 -1.3656276 1.8838406 27.324886 -1.5708708763122559 0.9427855610847473
Car 0.0 0 2.2662463188171387 913.2647705078125 193.3662109375 993.8963623046875 225.99632263183594 4.4534936 1.6278818 1.4928433 18.848867 2.8005686 39.626057 2.710239887237549 0.8640909790992737
Car 0.0 0 -1.5607095956802368 498.380615234375 184.8512420654297 529.7636108398438 214.94520568847656 3.8372488 1.4722917 1.5951718 -5.1878433 2.1526961 38.894867 -1.6933081150054932 0.7490469217300415
Car 0.0 0 2.545133352279663 799.26513671875 191.0143585205078 880.3179931640625 223.6548309326172 3.6710577 1.5502605 1.6542088 11.74748 2.5162897 37.048237 2.8521907329559326 0.6501293182373047
Car 0.0 0 -1.9264910221099854 0.0 209.52198791503906 51.59975051879883 244.87924194335938 2.8585434 1.4915307 1.8165649 -28.91459 3.3498263 35.054356 -2.616201877593994 0.15487070381641388
Car 0.0 0 -1.2513656616210938 107.67369079589844 174.43324279785156 165.3695526123047 204.42161560058594 3.857029 1.597786 1.5918835 -26.679588 1.691818 40.727234 -1.831303596496582 0.13371017575263977
