Pedestrian 0.0 0 -1.3650119304656982 151.60528564453125 151.54393005371094 177.94093322753906 205.92181396484375 0.5257402 1.9374928 0.71855146 -16.128786 1.1785696 26.075428 -1.9189549684524536 0.48488613963127136
Car 0.0 0 -1.7628463506698608 717.5606689453125 178.73182678222656 850.0805053710938 275.91961669921875 4.001779 1.4954325 1.5895042 2.9832447 1.6211687 13.36618 -1.5432519912719727 0.9740721583366394
Car 0.0 0 -1.2474020719528198 301.0947265625 183.8433380126953 426.4563293457031 259.98541259765625 4.1908984 1.6171803 1.7003014 -6.0183425 1.9240154 18.023514 -1.5696771144866943 0.9538818597793579
Car 0.0 0 2.615659475326538 886.5708618164062 145.11343383789062 1145.236328125 223.53988647460938 4.630453 1.5873495 1.6837616 8.526994 1.0262389 15.495779 3.1187164783477783 0.9175119400024414
Car 0.0 0 1.7811616659164429 432.1593933105469 182.52549743652344 495.7422180175781 223.36859130859375 4.1782656 1.481543 1.6889676 -5.874359 1.9023304 29.263882 1.5830570459365845 0.8505259156227112
Car 0.0 0 2.2666714191436768 0.0 205.3560791015625 170.66445922851562 375.0 3.7973 1.4764467 1.5648923 -6.0285497 1.8659682 6.711 1.5347914695739746 0.7672642469406128
Car 0.0 0 2.3621082305908203 1052.083251953125 127.25153350830078 1242.0 272.20831298828125 4.0335174 1.6969587 1.7092228 8.23226 1.1634643 9.420606 3.0802903175354004 0.5364773869514465
Car 0.0 0 1.7383371591567993 466.05218505859375 180.06849670410156 510.5723571777344 213.13758850097656 3.624045 1.4722552 1.5305945 -5.8394833 1.8379661 34.724236 1.5717287063598633 0.49800556898117065
Car 0.0 0 -0.019437596201896667 738.5812377929688 162.21482849121094 816.0355834960938 190.763916015625 4.213175 1.5768814 1.6976957 9.457069 0.9895954 41.113716 0.20665192604064941 0.3909836709499359
Car 0.0 0 1.667649507522583 521.9843139648438 179.1687774658203 548.0701293945312 200.50674438476562 3.9369736 1.4723719 1.5316223 -5.4915786 1.9532294 52.926636 1.5642611980438232 0.3718191683292389
