Cyclist 0.0 0 0.9743419885635376 671.1161499023438 133.82257080078125 714.6314086914062 194.1230010986328 1.532917 1.7797446 0.55593944 2.4758646 0.6281048 22.100842 1.0859026908874512 0.1567290723323822
Cyclist 0.0 0 1.3099784851074219 320.563720703125 188.93310546875 356.2891540527344 252.6956787109375 1.5484539 1.6479117 0.53336996 -7.5221863 2.1075947 19.824842 0.9473276138305664 0.14659768342971802
Cyclist 0.0 0 -1.8246381282806396 830.7844848632812 168.39950561523438 888.1293334960938 305.0652160644531 1.7127743 1.7481012 0.3254175 3.402066 1.6914812 10.092299 -1.499505639076233 0.11935287714004517
Car 0.0 0 2.143369674682617 0.0 179.07310485839844 345.3350830078125 375.0 3.9020922 1.7444631 1.5980408 -3.931677 1.8165551 6.35434 1.5892853736877441 0.951361358165741
Car 0.0 0 1.7398204803466797 464.2789306640625 181.87025451660156 535.6128540039062 234.22740173339844 3.9617825 1.507186 1.6439656 -3.5259748 1.8255887 23.452396 1.5905921459197998 0.9461609125137329
Car 0.0 0 1.7053028345108032 496.8330383300781 172.90818786621094 551.13134765625 215.22325134277344 4.2206607 1.6123117 1.6601864 -3.494281 1.615054 29.619324 1.5878726243972778 0.8260394930839539
Car 0.0 0 -1.5130635499954224 546.4442138671875 176.85665893554688 572.8414306640625 199.62188720703125 3.6226733 1.4525712 1.5656223 -3.3817823 1.732074 48.496815 -1.5826828479766846 0.6691519618034363
Car 0.0 0 -0.14845514297485352 651.0633544921875 167.50189208984375 717.9471435546875 191.16700744628906 4.360882 1.5930386 1.6965771 5.049281 1.2331138 49.51765 -0.046837061643600464 0.15505878627300262
Car 0.0 0 -2.893507480621338 424.3103942871094 167.56430053710938 499.2139892578125 196.7384490966797 4.0039916 1.6700735 1.6884012 -8.67287 1.3676229 42.236156 -3.096034526824951 0.14138679206371307
Car 0.0 0 -1.6875766515731812 651.3530883789062 168.66761779785156 676.18994140625 187.3575897216797 4.2649155 1.5857427 1.6842142 4.666531 1.2309086 63.382736 -1.6140846014022827 0.13385330140590668
