Pedestrian 0.0 0 -2.2846031188964844 952.81982421875 159.82615661621094 1164.0728759765625 374.0 0.65206903 1.6457938 0.7659067 2.4879773 1.5364484 4.052644 -1.7340149879455566 0.7975464463233948
Pedestrian 0.0 0 1.0569573640823364 861.1817626953125 148.86866760253906 909.8204345703125 238.79229736328125 0.7918772 1.6628735 0.5419223 5.371214 1.0607165 13.710858 1.430330514907837 0.6845287084579468
Pedestrian 0.0 0 -1.2339197397232056 339.41143798828125 198.90151977539062 423.0547790527344 338.29559326171875 0.70088255 1.5859703 0.7745752 -2.6725469 1.8051472 8.625519 -1.5343811511993408 0.6613559126853943
Pedestrian 0.0 0 1.9498807191848755 216.8382568359375 164.96844482421875 317.92034912109375 347.0122985839844 0.94507027 1.77337 0.6545829 -3.4967148 1.6136996 7.4856915 1.5128815174102783 0.6582403182983398
Pedestrian 0.0 0 0.2755398750305176 489.2416687011719 166.2254180908203 507.3391418457031 212.1796112060547 0.5578997 1.852227 0.72104603 -4.2269454 1.2375683 29.344772 0.13247966766357422 0.6254727840423584
Pedestrian 0.0 0 -1.5350109338760376 805.932861328125 156.46954345703125 867.4246826171875 314.62078857421875 0.6643113 1.7147641 0.6425344 2.646727 1.4447272 8.207725 -1.2230709791183472 0.4815007448196411
Pedestrian 0.0 0 -2.2721967697143555 177.44100952148438 165.3790283203125 278.93853759765625 313.9845275878906 1.0173544 1.881695 0.7188753 -5.034705 1.6789005 9.61808 -2.7544376850128174 0.4735759496688843
Pedestrian 0.0 0 2.7337186336517334 533.3081665039062 175.58570861816406 558.2508544921875 220.08607482910156 0.79037434 1.7818851 0.7237253 -2.2871542 1.5460662 29.265518 2.6557252407073975 0.355575293302536
Pedestrian 0.0 0 0.28069019317626953 90.73343658447266 162.69654846191406 210.593505859375 337.4969177246094 0.99479324 1.8294791 0.610481 -5.0006247 1.634042 7.9467473 -0.2809715270996094 0.3132984936237335
Cyclist 0.0 0 -1.1854255199432373 547.8642578125 174.97499084472656 572.5118408203125 219.05462646484375 0.992235 1.7592847 0.6801433 -1.6904814 1.4998643 29.24638 -1.2431626319885254 0.1990371197462082
Car 0.0 0 -1.7149271965026855 672.7188720703125 160.6820526123047 732.689208984375 212.0025177001953 3.5912626 1.7315998 1.6365727 3.5743906 1.030261 26.036543 -1.5784964561462402 0.9279467463493347
Car 0.0 0 -1.3177576065063477 559.013671875 166.93466186523438 593.8477783203125 188.19789123535156 3.9475648 1.5011196 1.6243403 -1.7788792 0.473478 52.812897 -1.3514275550842285 0.45673835277557373
Car 0.0 0 -1.7540420293807983 609.2366943359375 170.16632080078125 636.9388427734375 189.52581787109375 3.721995 1.5244877 1.5991575 1.7565306 0.6325312 58.524788 -1.7240376472473145 0.428867906332016
