Pedestrian 0.0 0 -1.2523086071014404 1013.3990478515625 143.52720642089844 1035.658447265625 188.9634552001953 0.51172775 1.9519464 0.7168386 18.017492 0.6924222 31.432217 -0.7318150997161865 0.23853887617588043
Pedestrian 0.0 0 -1.9945348501205444 346.4368896484375 135.11624145507812 396.5177917480469 234.91810607910156 0.6821443 1.9037815 0.72200686 -4.7650948 1.1842685 14.256539 -2.3171005249023438 0.10529953241348267
Car 0.0 0 -0.16924512386322021 218.26849365234375 193.02981567382812 297.46429443359375 222.773193359375 3.8445613 1.5250533 1.631258 -20.117044 2.7273936 41.198666 -0.6234838366508484 0.8070693612098694
Car 0.0 0 1.6518447399139404 191.2234344482422 200.28749084472656 224.65872192382812 224.97254943847656 3.6933298 1.4985371 1.7475258 -28.057453 3.4922357 50.38211 1.1437246799468994 0.28324031829833984
Car 0.0 0 2.594609260559082 854.2413330078125 178.58018493652344 945.86328125 206.94625854492188 4.386713 1.4664758 1.6165568 15.586047 1.7849933 38.92764 2.975447654724121 0.151926189661026
Car 0.0 0 -2.0372419357299805 768.8204956054688 150.87973022460938 816.164306640625 184.3558349609375 4.7377825 2.5928245 1.7644774 14.674297 0.8912089 58.386913 -1.7910133600234985 0.1371336728334427
Car 0.0 0 1.8640077114105225 0.0 192.981689453125 50.63484573364258 225.50094604492188 4.048377 1.530475 1.6687508 -31.850874 2.6758685 38.855114 1.1773488521575928 0.11645510792732239
Car 0.0 0 1.2006416320800781 1109.8126220703125 178.37998962402344 1170.987548828125 204.80812072753906 4.1314473 1.5137057 1.6459049 32.555267 1.8714699 44.456127 1.832718849182129 0.11432859301567078
Car 0.0 0 1.8726462125778198 4.512463569641113 198.06692504882812 78.6489028930664 235.5455780029297 4.0468364 1.5417429 1.6809723 -27.355553 2.8352973 34.815575 1.2066688537597656 0.10685771703720093
Car 0.0 0 1.9247632026672363 947.8499145507812 163.90386962890625 1029.3060302734375 205.12132263183594 3.7831967 1.4739357 1.549188 14.500446 1.154237 27.641392 2.4078900814056396 0.10549359023571014
