Pedestrian 0.0 0 0.48523080348968506 455.0558166503906 176.9304656982422 579.4087524414062 374.0 0.8518774 1.6180804 0.5780913 -0.737539 1.5843418 5.941618 0.36173152923583984 0.9099001884460449
Pedestrian 0.0 0 1.7245783805847168 770.4669799804688 168.99595642089844 844.0451049804688 333.0276794433594 0.8691416 1.6989897 0.6635527 2.2496164 1.5708398 7.9708543 1.9996540546417236 0.7378694415092468
Pedestrian 0.0 0 2.441396474838257 1006.068603515625 129.20860290527344 1121.597412109375 294.80029296875 0.99163383 1.8267378 0.5592724 5.2572093 1.2512361 8.264972 3.0079259872436523 0.594074010848999
Pedestrian 0.0 0 -0.11838853359222412 1180.8272705078125 159.91305541992188 1238.0 374.0 0.6455661 1.7749035 0.65136045 5.236744 1.6095039 5.9987063 0.5992956161499023 0.16334392130374908
Pedestrian 0.0 0 1.3501299619674683 1041.772216796875 72.71829986572266 1238.0 374.0 1.580068 1.6668131 0.5251887 2.8117573 1.1960335 3.9456704 1.9692745208740234 0.15888413786888123
Pedestrian 0.0 0 2.0339884757995605 301.1380920410156 148.29205322265625 328.5386047363281 205.2247772216797 0.5123849 1.9485489 0.72980976 -9.942076 0.81306374 24.868244 1.6536630392074585 0.15556885302066803
Cyclist 0.0 0 1.3501299619674683 1041.772216796875 72.71829986572266 1238.0 374.0 1.580068 1.6668131 0.5251887 2.8117573 1.1960335 3.9456704 1.9692745208740234 0.24818871915340424
Car 0.0 0 0.45866096019744873 0.0 176.62054443359375 224.81239318847656 295.7292785644531 4.380242 1.5174661 1.6653563 -8.138015 1.456635 10.409894 -0.2048572301864624 0.8943157196044922
Car 0.0 0 -1.6021437644958496 347.5514831542969 151.60958862304688 389.7248229980469 191.4515380859375 3.5221703 1.5974629 1.5970131 -10.014367 0.4000075 30.726603 -1.9172061681747437 0.28409674763679504
Car 0.0 0 -0.9335219860076904 1177.910400390625 118.78141784667969 1238.0 351.2869873046875 3.8990693 1.5240372 1.6281607 7.0113273 1.1143364 5.5891666 -0.035733968019485474 0.14815807342529297
