Car 0.0 0 -1.9199585914611816 476.5801696777344 187.37704467773438 613.851318359375 271.6302185058594 3.933343 1.445181 1.595763 -1.5528078 1.7946008 15.22161 -2.021620273590088 0.9762804508209229
Car 0.0 0 -1.755709171295166 375.01568603515625 179.74269104003906 435.3576354980469 219.2893524169922 3.9274292 1.4326578 1.6253737 -8.331391 1.7300965 28.994549 -2.0355143547058105 0.9531763792037964
Car 0.0 0 1.7109874486923218 0.0 204.99200439453125 122.24020385742188 319.4056701660156 3.8711512 1.4556594 1.5956019 -9.589559 2.1018817 12.420837 1.0535204410552979 0.9179617762565613
Car 0.0 0 1.2598495483398438 1054.737060546875 156.81768798828125 1242.0 246.06866455078125 4.159825 1.3961874 1.6487716 9.796658 1.1456829 13.51769 1.8869798183441162 0.8998152613639832
Car 0.0 0 1.4525065422058105 944.52880859375 153.9749755859375 1045.8822021484375 231.21896362304688 3.4079647 1.4558412 1.4925499 8.071078 1.1003804 15.454234 1.9338006973266602 0.897374153137207
Car 0.0 0 -2.8773555755615234 560.049560546875 167.76251220703125 648.6072998046875 203.12698364257812 3.569456 1.4809843 1.581291 -0.26848245 1.2681224 31.42996 -2.885897636413574 0.8119773864746094
Car 0.0 0 1.7365431785583496 183.6832275390625 186.6225128173828 230.34768676757812 218.396240234375 3.909312 1.5784265 1.6240587 -22.190126 2.3783987 39.787083 1.2277908325195312 0.746073305606842
Car 0.0 0 1.8251619338989258 0.0 213.38502502441406 73.7071304321289 375.0 4.1087523 1.3978019 1.6926218 -7.295722 1.9629498 7.8418865 1.0758280754089355 0.7395261526107788
Car 0.0 0 -2.8406288623809814 493.6983642578125 173.6125946044922 580.874755859375 204.4277801513672 4.1531496 1.5290613 1.6627953 -3.7508013 1.5697061 37.088383 -2.941417694091797 0.6074897050857544
Car 0.0 0 -1.6920323371887207 364.6513977050781 178.80650329589844 409.8161315917969 212.79937744140625 3.8085196 1.476191 1.5818071 -10.616351 1.7750076 34.11403 -1.9937341213226318 0.4929327368736267
