Car 0.0 0 -1.765285849571228 345.0972900390625 184.10678100585938 405.4225158691406 224.77273559570312 3.740382 1.4600406 1.6056134 -9.544488 1.9449971 29.046453 -2.0827648639678955 0.9666006565093994
Car 0.0 0 -1.9133312702178955 450.08544921875 188.79872131347656 581.0039672851562 269.3469543457031 3.7738383 1.4233419 1.5986252 -2.2104797 1.8135815 15.598097 -2.0541086196899414 0.9665853977203369
Car 0.0 0 1.3099989891052246 999.5233154296875 161.21435546875 1165.9613037109375 244.37869262695312 4.3802695 1.4178286 1.6927575 9.2735405 1.2197478 14.641436 1.8745990991592407 0.9316741824150085
Car 0.0 0 1.7137141227722168 0.0 205.53912353515625 98.39939880371094 316.18939208984375 3.899014 1.4250118 1.5949368 -10.158148 2.0908318 12.604063 1.035360336303711 0.8949686288833618
Car 0.0 0 1.484859585762024 897.6233520507812 160.1602783203125 986.0218505859375 231.44639587402344 3.4649403 1.4207356 1.4883136 7.3131547 1.1681068 16.258581 1.907549500465393 0.8900566697120667
Car 0.0 0 1.709202766418457 146.980712890625 186.11692810058594 193.31640625 218.54379272460938 3.9459324 1.5933803 1.6280876 -23.945616 2.3559868 39.33157 1.162327527999878 0.8358827233314514
Car 0.0 0 1.8130501508712769 0.0 210.04449462890625 58.7467155456543 375.0 4.2303834 1.4195954 1.7684625 -7.720089 1.9559846 8.121295 1.0529730319976807 0.7593252658843994
Car 0.0 0 -1.7282638549804688 330.8033447265625 180.5470428466797 382.16259765625 215.62269592285156 4.337582 1.5162393 1.645367 -12.213383 1.9089109 34.49429 -2.0685596466064453 0.7173786163330078
Car 0.0 0 -2.794665813446045 459.90380859375 174.91651916503906 541.9555053710938 204.2240447998047 3.9028282 1.4705392 1.6236908 -5.6890554 1.5815907 37.54424 -2.9450511932373047 0.6096113324165344
Car 0.0 0 -1.6082960367202759 311.06787109375 178.22390747070312 335.4829406738281 198.53895568847656 4.371132 1.5979989 1.7299279 -24.031614 2.0649576 60.344353 -1.9872853755950928 0.5507539510726929
Car 0.0 0 -2.8980391025543213 522.6004638671875 169.55178833007812 614.361572265625 207.25819396972656 3.7750373 1.6108485 1.6506042 -1.851357 1.4701334 31.981598 -2.9558627605438232 0.545734703540802
