Pedestrian 0.0 0 -0.5866817235946655 250.8895721435547 180.63111877441406 266.7788391113281 207.3533935546875 0.5314706 1.6193844 0.7883709 -21.643307 2.1029696 44.401016 -1.0402395725250244 0.18232068419456482
Pedestrian 0.0 0 1.6228021383285522 875.6304931640625 168.57339477539062 903.14111328125 233.61898803710938 0.9265933 1.8349738 0.6984339 8.058841 1.7145733 20.917643 1.990541934967041 0.177318274974823
Pedestrian 0.0 0 1.3023982048034668 1005.5377197265625 151.67538452148438 1025.365966796875 192.67234802246094 0.52720904 1.9174091 0.70124376 19.11022 0.9272531 34.08336 1.8134121894836426 0.14933891594409943
Pedestrian 0.0 0 -1.007985234260559 1010.6979370117188 144.39942932128906 1032.6142578125 185.38973999023438 0.5505205 1.9457561 0.7350906 19.758118 0.59541273 34.701576 -0.4903905391693115 0.14666610956192017
Car 0.0 0 1.9998589754104614 206.19764709472656 187.15420532226562 358.545654296875 256.50958251953125 4.4111547 1.3984222 1.6908743 -7.843805 1.7930211 17.674208 1.5821733474731445 0.9593521952629089
Car 0.0 0 -1.5931540727615356 591.8201904296875 172.71702575683594 624.406982421875 203.14610290527344 3.8312507 1.5392718 1.6405414 -0.1796067 1.5327014 38.433754 -1.5978271961212158 0.8656129240989685
Car 0.0 0 -1.2943977117538452 385.7145690917969 175.54371643066406 464.4082336425781 222.3973388671875 4.0572934 1.5174803 1.6605209 -6.5106363 1.621121 25.652649 -1.5429494380950928 0.48757800459861755
Car 0.0 0 2.0294604301452637 127.6087646484375 177.64146423339844 352.9402770996094 280.4132385253906 4.371629 1.4920474 1.7707195 -6.3046684 1.5923041 12.864935 1.57379150390625 0.2706625759601593
Car 0.0 0 1.799438238143921 454.7372131347656 170.6909637451172 505.3899230957031 203.5301055908203 3.9639242 1.5904367 1.6994578 -6.626582 1.4860365 36.965054 1.622056245803833 0.26749101281166077
Car 0.0 0 -1.413248896598816 429.635498046875 173.5622100830078 481.99725341796875 211.25196838378906 3.7345827 1.4900357 1.5979291 -6.490257 1.5222048 30.500717 -1.622912049293518 0.23484623432159424
