Pedestrian 0.0 0 -1.241040587425232 430.25927734375 175.32635498046875 494.5391845703125 291.273681640625 0.6399381 1.7323372 0.8124922 -2.3248656 1.7722087 11.161141 -1.446403980255127 0.3915797472000122
Pedestrian 0.0 0 -1.5045465230941772 530.2658081054688 184.3903350830078 560.1239013671875 263.0858459472656 1.020485 1.7025334 0.6077358 -1.5013667 1.971462 16.277054 -1.5965244770050049 0.27681446075439453
Pedestrian 0.0 0 -2.4142749309539795 421.43035888671875 202.14402770996094 503.5164794921875 344.6357727050781 0.68752944 1.6727215 0.76793426 -1.9223013 2.0662584 9.178808 -2.6207194328308105 0.1985158920288086
Pedestrian 0.0 0 -1.906620979309082 947.8179931640625 171.102294921875 970.935302734375 213.5638427734375 0.6623314 1.7603219 0.69272745 14.615174 1.6880602 30.278316 -1.4569134712219238 0.19186165928840637
Pedestrian 0.0 0 -1.5163205862045288 404.4488830566406 194.4620361328125 461.0439453125 326.74945068359375 0.7393331 1.7129158 0.7190282 -2.4724905 2.0230885 9.911718 -1.7607827186584473 0.17964701354503632
Car 0.0 0 -1.716109037399292 892.6033325195312 185.108154296875 984.4121704101562 249.14419555664062 4.3350067 1.4369886 1.5967025 8.626889 1.8055127 19.372658 -1.297160029411316 0.9814929366111755
Car 0.0 0 -2.458718776702881 302.2118225097656 173.85801696777344 545.9666748046875 284.39923095703125 3.9263682 1.6829915 1.6961081 -3.3048518 1.7030835 12.5953455 -2.7153210639953613 0.789824366569519
Car 0.0 0 -1.6292815208435059 863.6155395507812 175.03042602539062 906.5186157226562 214.6312255859375 4.1634665 1.7952516 1.7020868 13.313013 1.9085366 35.194424 -1.2676465511322021 0.46682921051979065
Car 0.0 0 -2.967790365219116 656.514404296875 176.1244354248047 733.760986328125 209.0564727783203 3.7373514 1.6294707 1.6437829 4.3761063 1.8048322 37.284462 -2.850954055786133 0.4611382782459259
Car 0.0 0 -2.288748264312744 1173.228759765625 215.17433166503906 1242.0 375.0 3.4308093 1.4705158 1.5151727 3.3795314 1.7092848 2.2054498 -1.2961461544036865 0.2547457218170166
Car 0.0 0 -0.2833693027496338 942.3494873046875 165.8282470703125 1060.384033203125 203.60594177246094 4.08674 1.5343894 1.6662207 16.426222 1.2493874 30.544285 0.21004652976989746 0.16404947638511658
Car 0.0 0 0.08982694149017334 874.3169555664062 154.8717803955078 946.5880737304688 181.2315216064453 4.293412 1.6853865 1.6956881 19.89554 0.5359981 47.879738 0.48365044593811035 0.15621082484722137
