Pedestrian 0.0 0 -0.044706493616104126 912.083251953125 146.03506469726562 969.6715087890625 252.73997497558594 0.9223894 1.8688408 0.4931931 5.9107738 1.3994889 13.034756 0.3810231685638428 0.1840512454509735
Pedestrian 0.0 0 2.493670701980591 814.2192993164062 175.74911499023438 846.8567504882812 235.33755493164062 0.67477983 1.6526672 0.57269025 6.195012 1.736564 20.431784 2.788064956665039 0.1615150421857834
Pedestrian 0.0 0 2.3115038871765137 1151.324462890625 119.65818786621094 1242.0 250.18728637695312 0.8293902 1.6406202 0.6159829 7.662596 0.9723599 9.431974 2.9937639236450195 0.14885997772216797
Pedestrian 0.0 0 -1.4297006130218506 2.4573893547058105 168.4322967529297 51.5981559753418 264.6517639160156 0.6250843 1.6603795 0.60146177 -10.439002 1.5844358 12.8709545 -2.1111438274383545 0.12131810188293457
Cyclist 0.0 0 -1.7613004446029663 1169.2591552734375 114.384765625 1242.0 253.6157684326172 1.8007767 1.655319 0.44807163 7.7574277 0.9605354 9.474227 -1.0752050876617432 0.2659018039703369
Cyclist 0.0 0 1.8672116994857788 375.17315673828125 182.17393493652344 395.8283996582031 216.51812744140625 1.6981039 1.7236094 0.5558147 -11.69988 2.2196407 37.520958 1.5649441480636597 0.14330676198005676
Cyclist 0.0 0 -1.6724193096160889 733.4028930664062 158.83895874023438 745.1143188476562 191.15365600585938 1.6485676 1.7136036 0.4571449 6.961932 0.9707633 39.09842 -1.4962044954299927 0.1392568051815033
Cyclist 0.0 0 1.3403844833374023 1177.7177734375 106.61980438232422 1242.0 290.50982666015625 1.7953742 1.7262648 0.4890796 6.516275 1.1048503 7.681184 2.0439155101776123 0.11545607447624207
Car 0.0 0 1.7733558416366577 443.5397033691406 180.74046325683594 526.7037353515625 234.80072021484375 3.7615435 1.4162989 1.6980318 -3.6384275 1.6710759 21.365753 1.604681372642517 0.969054102897644
Car 0.0 0 1.8619722127914429 414.17144775390625 179.59288024902344 458.17657470703125 206.04824829101562 4.1880407 1.6035466 1.6518091 -11.2818985 2.0624437 46.956993 1.6261811256408691 0.21489617228507996
Car 0.0 0 -0.4138216972351074 543.1840209960938 176.1160888671875 602.0819702148438 196.7805938720703 4.1730366 1.517048 1.6886319 -2.8771682 1.7745967 55.193436 -0.4659033715724945 0.16243810951709747
Car 0.0 0 -0.05847451090812683 463.1363830566406 178.9181671142578 534.4808959960938 208.69407653808594 3.8243604 1.5835453 1.6911191 -6.2364545 1.9312994 40.10151 -0.21275535225868225 0.16087089478969574
Car 0.0 0 1.0816824436187744 680.4658203125 175.3491973876953 716.156982421875 191.72303771972656 4.102944 1.4717941 1.5780776 8.230256 1.7139559 67.721954 1.2026194334030151 0.14477641880512238
Car 0.0 0 -0.6042971611022949 180.2077178955078 167.87872314453125 284.22760009765625 206.9276885986328 3.6329935 1.5361435 1.562436 -15.845369 1.3407797 30.352915 -1.0854191780090332 0.12337539345026016
