Pedestrian 0.0 0 -1.6867327690124512 828.4356689453125 151.86170959472656 867.316162109375 242.10018920898438 0.6647296 1.7764903 0.6719924 4.7507596 1.363581 14.594056 -1.3720242977142334 0.42193448543548584
Pedestrian 0.0 0 2.246832847595215 423.9504089355469 182.00311279296875 451.7100524902344 227.5421600341797 0.8331059 1.767837 0.7117179 -6.898422 2.139462 28.74842 2.0113272666931152 0.29829657077789307
Pedestrian 0.0 0 1.5214653015136719 970.1377563476562 149.3836212158203 999.5040283203125 216.66734313964844 1.0661452 2.0033052 0.7445206 11.432749 1.3048563 22.119776 1.9985069036483765 0.1986514776945114
Cyclist 0.0 0 1.9483503103256226 436.4549560546875 166.93161010742188 461.31329345703125 207.13909912109375 1.5661373 1.6680671 0.49320698 -6.8938594 1.4227264 30.743319 1.7277600765228271 0.19386528432369232
Cyclist 0.0 0 0.22551432251930237 747.1134643554688 145.68101501464844 792.4470825195312 196.08474731445312 1.4486179 1.7152865 0.58033603 5.5181384 0.79092216 25.123817 0.44171905517578125 0.16817176342010498
Car 0.0 0 1.8403745889663696 245.83335876464844 189.87106323242188 434.9950866699219 316.2259216308594 4.2483425 1.4847792 1.6240399 -3.9674926 1.8015459 11.237607 1.5009808540344238 0.9626657962799072
Car 0.0 0 1.699622631072998 444.654052734375 183.56802368164062 512.1517333984375 233.93865966796875 4.017198 1.4108336 1.6202625 -4.1678853 1.784975 23.123539 1.5212931632995605 0.9206326603889465
Car 0.0 0 -1.5884767770767212 606.4376831054688 176.892822265625 651.51318359375 219.18978881835938 3.5790944 1.4678416 1.5857328 0.63320625 1.6303606 27.173517 -1.565178632736206 0.9057943820953369
Car 0.0 0 2.2440574169158936 0.0 207.6530303955078 279.99853515625 375.0 3.97258 1.4388644 1.5812898 -3.8597581 1.7607739 4.6642127 1.5527560710906982 0.9021142721176147
Car 0.0 0 1.771872878074646 505.8072509765625 175.23011779785156 548.5670166015625 204.59634399414062 3.7011836 1.4732983 1.554908 -4.3933296 1.6064718 38.41723 1.6580091714859009 0.7082117199897766
