Car 0.0 0 1.2364108562469482 740.4912719726562 181.7162322998047 909.008544921875 285.1525573730469 3.627187 1.4332153 1.5635659 3.3662655 1.6059812 12.173947 1.5061839818954468 0.9727497696876526
Car 0.0 0 2.1673295497894287 0.0 205.0529327392578 270.109375 375.0 3.6299899 1.4843589 1.5321561 -5.7541885 1.951309 8.631524 1.579339861869812 0.9723618030548096
Car 0.0 0 1.9803239107131958 305.7749938964844 188.61289978027344 443.1407470703125 262.047119140625 4.1765804 1.4926866 1.6682678 -5.655695 1.9280705 17.753532 1.6719211339950562 0.9474014639854431
Car 0.0 0 -1.7164270877838135 668.421875 176.81307983398438 727.3919067382812 219.6816864013672 3.8850071 1.4473113 1.5997709 3.129515 1.6048874 26.68521 -1.5996850728988647 0.9466719627380371
Car 0.0 0 -1.8081943988800049 695.9708251953125 180.89968872070312 800.7411499023438 248.71473693847656 4.0818114 1.4597423 1.6293677 3.2795262 1.6852981 18.10816 -1.6290287971496582 0.9380751848220825
Car 0.0 0 1.7708415985107422 458.08203125 179.34767150878906 508.87786865234375 214.37440490722656 3.6923606 1.465339 1.5679464 -5.717298 1.7771895 32.74166 1.597966194152832 0.8827831745147705
Car 0.0 0 -2.357468843460083 1009.7003784179688 193.5140380859375 1242.0 375.0 3.8567467 1.4823308 1.6145872 3.1350977 1.6148533 2.6213102 -1.4830517768859863 0.7221505641937256
Car 0.0 0 -2.4120912551879883 0.0 185.14617919921875 88.05912780761719 251.98153686523438 3.6087065 1.4814029 1.5754541 -14.791927 1.7871956 17.108387 -3.1250009536743164 0.6134548187255859
Car 0.0 0 -1.7884141206741333 656.4308471679688 176.11146545410156 705.4434204101562 211.30892944335938 3.266779 1.468686 1.4924301 3.0673132 1.62186 32.13414 -1.693248987197876 0.48298415541648865
Car 0.0 0 3.7146828174591064 2.3409624099731445 186.13148498535156 175.11611938476562 236.78543090820312 4.0183015 1.4276901 1.530136 -15.588912 1.8425128 21.654263 3.0907254219055176 0.4533301591873169
Car 0.0 0 1.7094649076461792 487.02349853515625 182.30471801757812 523.7241821289062 211.46258544921875 3.4509711 1.4211679 1.4522113 -5.5054617 1.9421382 38.015472 1.5656431913375854 0.4451657831668854
