Pedestrian 0.0 0 2.038017988204956 1082.0179443359375 157.1090545654297 1214.7926025390625 374.0 0.5836639 1.6847565 0.60401976 4.080727 1.514885 5.441791 2.6814465522766113 0.600447416305542
Pedestrian 0.0 0 1.1655701398849487 684.2734985351562 161.01072692871094 708.88330078125 209.3786163330078 0.66723746 1.7855349 0.7081539 3.5431213 1.0301982 26.93231 1.2963755130767822 0.3144495487213135
Pedestrian 0.0 0 1.6703540086746216 582.0025024414062 121.13795471191406 612.2454223632812 210.50723266601562 0.7492162 1.8496559 0.5734758 -0.12185954 0.601593 15.263864 1.6623706817626953 0.26391077041625977
Pedestrian 0.0 0 -1.5960781574249268 756.8863525390625 160.697998046875 770.1492919921875 203.09107971191406 0.38311675 1.9289931 0.5827676 7.4163146 0.98338366 32.928154 -1.3745474815368652 0.2496296614408493
Pedestrian 0.0 0 -1.500837802886963 834.37451171875 157.3034210205078 851.1870727539062 197.16421508789062 0.8452908 1.8906497 0.7110704 11.617899 0.74388516 34.595695 -1.1768516302108765 0.176542729139328
Pedestrian 0.0 0 1.783555507659912 174.93133544921875 156.03805541992188 210.05587768554688 223.02182006835938 0.8707035 1.9558674 0.74849284 -12.25672 1.213534 21.499868 1.2654240131378174 0.15349051356315613
Pedestrian 0.0 0 -0.7219303846359253 783.216064453125 141.47206115722656 807.6033935546875 182.30419921875 0.87240565 1.9121417 0.70230186 9.208755 0.038578134 34.14448 -0.4584985375404358 0.14015114307403564
Pedestrian 0.0 0 -1.1027095317840576 1111.2337646484375 161.89328002929688 1153.4383544921875 242.00135803222656 0.49717122 1.798247 0.6228725 12.165232 1.3593357 16.512463 -0.4677552580833435 0.1070588007569313
Cyclist 0.0 0 -0.2796735167503357 681.8522338867188 157.76522827148438 732.9718627929688 207.08177185058594 1.7439091 1.7834054 0.66390324 3.869289 0.9261473 26.419786 -0.1342530995607376 0.6849297285079956
Cyclist 0.0 0 1.3819904327392578 1103.317626953125 116.97817993164062 1238.0 374.0 1.5741854 1.7317439 0.56080973 3.9993331 1.3471267 5.1234865 2.0447824001312256 0.1390237808227539
Cyclist 0.0 0 -0.973639726638794 782.7157592773438 142.4181365966797 814.247314453125 181.0298309326172 1.6881723 1.8025465 0.6108332 9.415375 -0.022089973 34.33164 -0.7059729695320129 0.11314086616039276
Car 0.0 0 -0.9499202370643616 944.4608764648438 184.5583038330078 1180.2659912109375 283.2481384277344 3.5438852 1.4551713 1.571635 7.6902323 1.5137308 12.065334 -0.382466197013855 0.9430810809135437
