Pedestrian 0.0 0 1.0576497316360474 694.3257446289062 167.43666076660156 707.8595581054688 195.17967224121094 1.0107859 1.8781757 0.48476774 6.204332 1.5117844 49.40425 1.182578682899475 0.2793446481227875
Pedestrian 0.0 0 -0.3428370952606201 1169.3551025390625 136.799560546875 1219.98779296875 249.08106994628906 0.45414788 1.683795 0.5309085 8.967002 1.1434735 11.142897 0.334780216217041 0.2582099437713623
Pedestrian 0.0 0 0.8930732011795044 948.76611328125 136.35911560058594 991.172119140625 207.11936950683594 0.75766134 1.7471794 0.6213451 9.048569 0.8464228 18.250057 1.3533635139465332 0.16126276552677155
Pedestrian 0.0 0 -3.206592559814453 760.7767333984375 171.19277954101562 775.6204833984375 204.44747924804688 0.7184193 1.7293078 0.67384243 8.270753 1.6432793 37.905354 -2.991764783859253 0.12788623571395874
Cyclist 0.0 0 0.8871638774871826 846.4701538085938 128.9349365234375 887.6210327148438 180.67767333984375 1.4987993 1.7803373 0.55155534 9.067082 0.26955083 25.62205 1.2272894382476807 0.14463043212890625
Car 0.0 0 2.128328800201416 136.7106475830078 189.4754638671875 234.4964141845703 234.25607299804688 3.5728624 1.5172794 1.5682855 -16.155542 2.1950057 27.594215 1.5986628532409668 0.9518858194351196
Car 0.0 0 1.885098934173584 377.29608154296875 182.994873046875 414.48431396484375 204.06077575683594 3.9206522 1.4854138 1.5719018 -16.227276 2.2832909 54.761658 1.5970165729522705 0.7339577674865723
Car 0.0 0 1.5740166902542114 56.3753776550293 178.40774536132812 97.57610321044922 212.24612426757812 3.8475876 1.5455217 1.5656823 -26.340324 1.8356316 35.627556 0.9373829364776611 0.20841556787490845
Car 0.0 0 1.8728610277175903 120.23780822753906 191.4307403564453 176.70693969726562 220.96363830566406 3.884322 1.5172154 1.6755666 -26.68743 2.647589 41.79399 1.304579257965088 0.13281242549419403
Car 0.0 0 -1.2172324657440186 611.1202392578125 177.9310760498047 641.4039306640625 194.76663208007812 3.7893367 1.444168 1.5175217 1.4797984 1.917424 65.16326 -1.194527268409729 0.10930319130420685
Car 0.0 0 -2.6570918560028076 822.4949951171875 154.14230346679688 881.08154296875 179.14968872070312 3.620632 1.7467979 1.7672892 17.475985 0.44011942 52.31616 -2.334700345993042 0.10689952969551086
