Pedestrian 0.0 0 1.052282452583313 909.0585327148438 151.7032012939453 948.9179077148438 224.513916015625 0.77765197 1.7838814 0.6073669 7.941708 1.2660395 18.093605 1.4658870697021484 0.4780573546886444
Pedestrian 0.0 0 0.03374743461608887 978.4520263671875 95.42649841308594 1156.2449951171875 281.3121643066406 1.5671178 1.827549 0.6926095 4.8563538 1.0666726 7.814707 0.5897810459136963 0.15708349645137787
Pedestrian 0.0 0 -1.1714458465576172 196.62246704101562 159.57589721679688 232.89784240722656 219.13063049316406 0.89007235 1.9116563 0.75706977 -12.983959 1.4857985 23.639572 -1.673710584640503 0.1479005664587021
Pedestrian 0.0 0 1.9661084413528442 341.1135559082031 165.61483764648438 373.6523132324219 222.0306396484375 0.98641765 1.759789 0.65157455 -8.093951 1.5343344 23.015331 1.6279408931732178 0.12509912252426147
Pedestrian 0.0 0 -0.32367825508117676 1009.31591796875 94.50947570800781 1160.14111328125 290.9430847167969 1.0886593 1.7899201 0.5866566 4.5016193 1.076396 6.9901476 0.24846386909484863 0.12341086566448212
Cyclist 0.0 0 0.42829471826553345 976.39013671875 106.13153839111328 1176.2257080078125 291.5042419433594 1.6803879 1.7786083 0.6941689 4.925179 1.1387796 7.8132343 0.9907417297363281 0.2743585407733917
Cyclist 0.0 0 -2.698939085006714 326.3984680175781 194.1347198486328 370.9662780761719 237.40269470214844 1.721288 1.8780905 0.7361574 -11.695599 2.8415375 32.20398 -3.047300338745117 0.26758986711502075
Cyclist 0.0 0 0.18707150220870972 673.2149047851562 191.39303588867188 696.5406494140625 214.9455108642578 1.7637062 1.8443613 0.7179649 5.9999413 3.3512418 58.034763 0.29009079933166504 0.26140451431274414
Cyclist 0.0 0 0.6573310494422913 115.45403289794922 203.09530639648438 211.55255126953125 288.8628845214844 1.804621 1.8150551 0.61678326 -9.904955 2.500546 15.945843 0.10149621963500977 0.1469144970178604
Car 0.0 0 1.7476640939712524 379.4950866699219 191.11422729492188 514.1244506835938 291.13330078125 4.614838 1.5150322 1.739971 -3.026437 1.9318035 14.115554 1.5364573001861572 0.9541996717453003
Car 0.0 0 1.9409499168395996 150.7030487060547 207.34524536132812 242.63539123535156 252.98512268066406 3.819617 1.4306363 1.7971495 -15.778498 2.8514488 27.691086 1.4230291843414307 0.2300480455160141
Car 0.0 0 -2.289675235748291 677.4981079101562 189.91595458984375 728.4883422851562 210.370361328125 4.049012 1.4595114 1.7886893 7.3182683 2.8663352 57.296623 -2.1626369953155518 0.15347953140735626
Car 0.0 0 -2.1347575187683105 1049.6507568359375 184.70068359375 1242.0 270.1807556152344 3.8663535 1.4878132 1.6036465 11.024244 1.7684914 15.087971 -1.5037462711334229 0.1448955088853836
Car 0.0 0 1.6829413175582886 515.4981079101562 183.67727661132812 537.1904907226562 202.31700134277344 3.9093468 1.6411289 1.5978612 -7.844921 2.6872277 67.754875 1.5676707029342651 0.11922993510961533
