Pedestrian 0.0 0 3.6944046020507812 0.0 148.3954315185547 116.77405548095703 374.0 1.0280737 1.8699578 0.6611401 -4.907824 1.6077008 6.10987 3.0176780223846436 0.7275708913803101
Pedestrian 0.0 0 -0.6087353229522705 933.1002807617188 158.49339294433594 992.6556396484375 270.8737487792969 0.58424956 1.6699716 0.585236 5.4841657 1.3294015 11.003939 -0.1463828980922699 0.6355564594268799
Pedestrian 0.0 0 -1.3625606298446655 41.2523193359375 156.4965362548828 172.33270263671875 374.0 0.67666066 1.7155024 0.6032846 -3.3488653 1.5632442 4.8409495 -1.9677475690841675 0.5462200045585632
Pedestrian 0.0 0 3.0798163414001465 564.0271606445312 176.01522827148438 581.162353515625 207.7915802001953 0.91869915 1.750297 0.5323728 -1.6053852 1.4490038 39.87615 3.039578676223755 0.4373658001422882
Pedestrian 0.0 0 -1.5808544158935547 476.91412353515625 174.16893005371094 496.8270568847656 224.91311645507812 0.81617635 1.7901616 0.6955385 -4.141667 1.5325942 25.799746 -1.740027666091919 0.4111657738685608
Pedestrian 0.0 0 -1.528752326965332 526.9246826171875 185.4278106689453 548.3356323242188 233.76788330078125 0.7838435 1.6890363 0.7286492 -2.2880077 1.8321562 25.571392 -1.6179900169372559 0.3773529827594757
Pedestrian 0.0 0 -2.0240261554718018 944.339111328125 168.28506469726562 1125.34033203125 374.0 1.0562905 1.6055279 0.5667774 2.6380825 1.5328493 4.571982 -1.5006821155548096 0.34847739338874817
Pedestrian 0.0 0 -1.239763855934143 643.1727905273438 179.07083129882812 656.0120239257812 203.6068115234375 0.58940095 1.6626992 0.7234674 3.3039215 1.4987471 49.087807 -1.1725589036941528 0.2917875349521637
Pedestrian 0.0 0 2.4450249671936035 717.4149169921875 151.9484405517578 741.637451171875 191.58956909179688 1.1088817 1.9605697 0.5391462 6.4193935 0.4998956 36.034306 2.6213221549987793 0.26334699988365173
Pedestrian 0.0 0 3.0464513301849365 471.7356872558594 182.1099395751953 496.3526611328125 230.28982543945312 0.83635896 1.7574874 0.7164676 -4.3830643 1.7815444 26.664867 2.8835322856903076 0.21833902597427368
Cyclist 0.0 0 -2.8141448497772217 468.1037902832031 184.0220947265625 500.5089111328125 231.5557098388672 0.9977225 1.7219092 0.73626256 -4.3380733 1.8175951 26.511328 -2.9763383865356445 0.22040492296218872
Car 0.0 0 -1.7359628677368164 685.39013671875 169.9966583251953 756.2354125976562 232.85848999023438 3.595633 1.8071771 1.5934459 3.6159012 1.4776136 22.450525 -1.5762733221054077 0.9221464991569519
Car 0.0 0 -0.4245073199272156 626.3294677734375 179.66297912597656 685.14794921875 200.51519775390625 4.1239753 1.5417547 1.702191 4.1446576 1.4065173 54.61357 -0.3487618863582611 0.3556668162345886
Car 0.0 0 -1.8097401857376099 653.144287109375 185.3668975830078 702.846435546875 217.23367309570312 3.6410356 1.4340667 1.5586876 3.6299708 1.6319879 34.694313 -1.7054922580718994 0.3315654695034027
Car 0.0 0 -3.544625759124756 784.3977661132812 203.12033081054688 1172.63720703125 337.039794921875 3.87483 1.4096287 1.5886257 4.302986 1.7013098 8.746391 -3.0874204635620117 0.3145660161972046
Car 0.0 0 -1.5070977210998535 551.5659790039062 172.36663818359375 579.030029296875 195.6134490966797 4.089308 1.5302267 1.6288798 -2.4312367 0.92970735 49.338165 -1.5563348531723022 0.2607984244823456
