Pedestrian 0.0 0 -1.2043113708496094 849.1929321289062 154.77536010742188 865.2875366210938 188.84170532226562 0.60364646 1.9373515 0.7063742 14.18305 0.9095778 41.48912 -0.8749156594276428 0.13465304672718048
Pedestrian 0.0 0 0.17655998468399048 1087.5665283203125 184.3475341796875 1120.9351806640625 237.67144775390625 0.76746565 1.6592965 0.74634683 15.858602 2.0380247 23.215364 0.7758588790893555 0.1274620145559311
Pedestrian 0.0 0 0.029604196548461914 1131.17138671875 174.70765686035156 1181.1392822265625 219.1018829345703 1.6836333 1.8445481 0.7035085 23.299814 1.9262133 30.844881 0.6765439510345459 0.12465355545282364
Pedestrian 0.0 0 0.8441839218139648 590.756591796875 176.3155059814453 634.9658813476562 249.61801147460938 0.9262368 1.6828675 0.5814958 0.013957365 1.7681141 17.152527 0.8449976444244385 0.11465716361999512
Pedestrian 0.0 0 0.032893240451812744 709.1441650390625 169.76345825195312 734.6771240234375 222.28628540039062 0.8405854 1.7611651 0.6277425 3.7716265 1.657893 24.577326 0.1851649284362793 0.11448533833026886
Cyclist 0.0 0 0.029604196548461914 1131.17138671875 174.70765686035156 1181.1392822265625 219.1018829345703 1.6836333 1.8445481 0.7035085 23.299814 1.9262133 30.844881 0.6765439510345459 0.34019532799720764
Cyclist 0.0 0 -1.729438304901123 1061.1629638671875 185.39462280273438 1079.1605224609375 227.59852600097656 1.6323273 1.6479722 0.36402902 18.75142 2.1750515 29.481316 -1.1629364490509033 0.2682505249977112
Cyclist 0.0 0 -0.3775349259376526 1206.464599609375 183.39788818359375 1242.0 223.1702423095703 1.5171744 1.7762661 0.6957559 28.407944 2.2688184 33.103046 0.331681489944458 0.20176854729652405
Cyclist 0.0 0 -0.26654142141342163 1097.7117919921875 181.4635009765625 1157.2457275390625 230.56185913085938 1.7554281 1.8503412 0.7076996 20.04926 2.1930058 28.048756 0.3540487289428711 0.19637209177017212
Cyclist 0.0 0 1.13877534866333 892.4727783203125 163.06483459472656 913.99267578125 193.477783203125 1.7176845 1.8058664 0.5357285 17.719639 1.2249612 43.711338 1.5239098072052002 0.17812709510326385
Car 0.0 0 -1.680595874786377 987.9987182617188 187.6295623779297 1234.412109375 375.0 3.8282483 1.5025458 1.6798537 5.085307 1.7077063 7.910535 -1.1092617511749268 0.9715020060539246
Car 0.0 0 -1.6390115022659302 958.62744140625 188.52560424804688 1013.8492431640625 232.7739715576172 4.006024 1.5220491 1.6505483 14.745955 2.1888916 28.5169 -1.1617813110351562 0.9401513934135437
Car 0.0 0 -3.3065271377563477 1124.932861328125 173.6405029296875 1203.2001953125 197.4405975341797 4.0180554 1.562975 1.5895385 37.61334 1.6186866 49.134544 -2.6531689167022705 0.17770536243915558
Car 0.0 0 0.15279936790466309 1153.6748046875 172.6466827392578 1242.0 205.2490997314453 3.2609074 1.4752873 1.4927 28.03439 1.4662639 34.35822 0.8371870517730713 0.1309501826763153
Car 0.0 0 1.3769450187683105 853.716796875 173.02731323242188 894.0263671875 200.1433563232422 3.7943757 1.561658 1.5765455 15.847149 1.5729626 43.573467 1.7257616519927979 0.1308419108390808
