Pedestrian 0.0 0 2.1321308612823486 441.87554931640625 170.0559539794922 459.2185974121094 203.66822814941406 0.62520456 1.84072 0.7152609 -8.556589 1.2701671 39.130764 1.9168528318405151 0.6215204000473022
Pedestrian 0.0 0 -3.1124138832092285 873.1012573242188 147.63021850585938 895.1961669921875 197.4709014892578 0.7683022 1.8731201 0.59911364 10.635981 0.6393141 26.994034 -2.7370800971984863 0.3373676836490631
Pedestrian 0.0 0 3.0102877616882324 506.7066345214844 164.4009552001953 521.6196899414062 196.68255615234375 0.80627394 1.8881185 0.55825925 -5.368897 0.947875 41.722763 2.8823108673095703 0.306259423494339
Pedestrian 0.0 0 -2.5623795986175537 1171.43017578125 117.2179183959961 1224.0 216.13206481933594 0.7165244 1.766237 0.60430163 11.013248 0.63789773 13.050098 -1.8614253997802734 0.2655695378780365
Pedestrian 0.0 0 1.4978082180023193 546.127685546875 169.93438720703125 558.6754150390625 202.32688903808594 0.8629712 1.8377326 0.65592486 -3.0305064 1.2396963 40.583225 1.423272728919983 0.2645314931869507
Pedestrian 0.0 0 -2.742353677749634 482.00537109375 167.5960693359375 500.7400817871094 198.77479553222656 0.918841 1.777943 0.5625272 -6.5463543 1.0434899 40.69627 -2.901846170425415 0.25800958275794983
Pedestrian 0.0 0 -1.7998323440551758 999.0405883789062 126.80877685546875 1033.4403076171875 196.6967315673828 0.8626237 1.7743309 0.59314024 10.682292 0.41279837 18.444792 -1.2748851776123047 0.2314622402191162
Pedestrian 0.0 0 -0.05066514015197754 779.8361206054688 158.54116821289062 798.1094360351562 191.72586059570312 0.98627293 1.8816634 0.5016318 10.509239 0.6379225 40.432026 0.20363140106201172 0.2087559849023819
Pedestrian 0.0 0 -0.7597594857215881 545.5541381835938 165.5774688720703 566.3760375976562 192.77767944335938 1.4255571 1.8388326 0.5700296 -3.3572595 0.83132946 48.51213 -0.8288538455963135 0.15349088609218597
Cyclist 0.0 0 -0.22880007326602936 611.2315673828125 165.1395263671875 642.4912109375 195.18748474121094 1.8045853 1.7934566 0.56008047 1.311618 0.87801015 42.648384 -0.19805553555488586 0.8539648652076721
Cyclist 0.0 0 -3.077986240386963 669.9716186523438 164.30279541015625 703.1694946289062 195.6364288330078 1.8038881 1.7268952 0.6216901 4.5435576 0.83561236 39.42864 -2.963257312774658 0.7653270363807678
Cyclist 0.0 0 -1.217116355895996 368.6185302734375 180.4044952392578 391.6575012207031 217.22720336914062 1.7286131 1.6546808 0.44489813 -10.386457 1.6518521 32.640842 -1.5251896381378174 0.6725335121154785
Cyclist 0.0 0 2.5291247367858887 544.315185546875 165.41717529296875 568.9099731445312 192.71347045898438 1.6823854 1.8440088 0.5346714 -3.3111243 0.82639897 48.49703 2.4609556198120117 0.33754321932792664
Cyclist 0.0 0 -0.9984111785888672 383.0797119140625 182.77330017089844 398.1186218261719 202.90396118164062 1.662233 1.6519539 0.36079958 -17.885143 1.8457785 59.056446 -1.2924790382385254 0.20227250456809998
Cyclist 0.0 0 -1.7998323440551758 999.0405883789062 126.80877685546875 1033.4403076171875 196.6967315673828 0.8626237 1.7743309 0.59314024 10.682292 0.41279837 18.444792 -1.2748851776123047 0.12424743175506592
Car 0.0 0 -1.5015498399734497 507.9684143066406 175.6659393310547 546.763916015625 205.5815887451172 3.5300808 1.3877699 1.6480087 -3.7648275 1.1649746 34.59059 -1.6099627017974854 0.9517654180526733
Car 0.0 0 2.496354579925537 995.46826171875 139.2825927734375 1168.8714599609375 190.62071228027344 4.0888143 1.4326018 1.5408044 13.796733 0.28399637 20.607565 3.086315155029297 0.8957400321960449
Car 0.0 0 -0.5603365898132324 899.7284545898438 153.31492614746094 970.7947387695312 175.5378875732422 4.440869 1.5547693 1.6694316 23.828936 -0.3648169 51.056892 -0.1236710324883461 0.24418117105960846
