Pedestrian 0.0 0 2.4120049476623535 1090.274658203125 149.19728088378906 1160.371337890625 259.22186279296875 0.7278317 1.8649694 0.6810381 8.939287 1.4643344 12.606982 3.0287952423095703 0.3267846703529358
Pedestrian 0.0 0 -3.082019090652466 595.2877807617188 171.6610565185547 609.9925537109375 205.43972778320312 0.7493894 1.7806238 0.57156247 -0.42477667 1.7180961 38.336304 -3.0930988788604736 0.3020888864994049
Pedestrian 0.0 0 2.2719268798828125 898.61572265625 155.48081970214844 962.565673828125 261.6243896484375 0.8174138 1.7465966 0.6178763 5.4218187 1.4610778 12.327376 2.6862823963165283 0.23881086707115173
Pedestrian 0.0 0 -1.9812636375427246 704.0154418945312 139.51242065429688 725.2387084960938 183.7665557861328 0.7339725 1.9100074 0.6823799 4.535678 0.4713436 31.583 -1.838627576828003 0.1976916491985321
Cyclist 0.0 0 2.131718873977661 0.0 185.65293884277344 87.6386947631836 295.3326416015625 1.7632017 1.6870353 0.5168321 -9.708774 1.9201038 12.211496 1.4600024223327637 0.3533523678779602
Car 0.0 0 1.6447501182556152 399.8255310058594 181.91221618652344 461.3664855957031 229.6881103515625 3.9907815 1.3676957 1.6555029 -5.8136144 1.6902603 23.557123 1.4027968645095825 0.9610859155654907
Car 0.0 0 1.279662013053894 634.062255859375 159.3107452392578 720.0116577148438 221.94955444335938 4.0007043 1.8162246 1.6294262 1.9885799 1.4238932 23.042713 1.365748405456543 0.871297299861908
Car 0.0 0 1.6552214622497559 438.85064697265625 179.2831268310547 480.525390625 214.20150756835938 3.615962 1.4204162 1.506788 -6.6377344 1.7220857 31.927853 1.450243353843689 0.7712327837944031
Car 0.0 0 -1.46892511844635 534.8607788085938 169.43931579589844 560.9596557617188 191.12074279785156 3.6017778 1.58779 1.6135228 -4.6972127 1.3380804 54.65109 -1.5546635389328003 0.34764793515205383
Car 0.0 0 -2.8631465435028076 404.3965759277344 162.68174743652344 465.5380554199219 182.6326446533203 4.3963685 1.545628 1.6445309 -13.775105 0.75792426 56.806656 -3.101045608520508 0.19761142134666443
Car 0.0 0 1.7755348682403564 447.1661376953125 174.0529022216797 493.7291259765625 206.86785888671875 4.077403 1.6513284 1.6451247 -7.419083 1.7190809 38.506947 1.5851985216140747 0.18021497130393982
Car 0.0 0 -1.6920210123062134 590.3125610351562 170.2796173095703 626.3109741210938 198.4110107421875 3.7669458 1.5174524 1.5870936 -0.17468469 1.3789444 40.886154 -1.6962934732437134 0.17332470417022705
