Car 0.0 0 -2.0502610206604004 856.5445556640625 190.64451599121094 1242.0 375.0 3.7436788 1.4839226 1.6031975 3.5982726 1.6929485 6.571662 -1.5493056774139404 0.9738568067550659
Car 0.0 0 -1.9019347429275513 752.52685546875 184.09764099121094 943.4716186523438 296.2806701660156 4.214485 1.4436091 1.6067241 3.5811682 1.6618938 11.84633 -1.6083674430847168 0.9662154316902161
Car 0.0 0 1.9257535934448242 202.3343963623047 188.8660430908203 398.8553771972656 309.0321044921875 3.9197698 1.504697 1.5801208 -4.7351313 1.8054324 11.54717 1.536597728729248 0.9614847302436829
Car 0.0 0 -1.7895712852478027 717.646484375 183.20468139648438 825.5158081054688 257.75115966796875 4.001001 1.4938476 1.6120819 3.614121 1.7672383 17.02202 -1.5803577899932861 0.9468865394592285
Car 0.0 0 1.8434839248657227 339.3188781738281 186.67483520507812 462.23797607421875 259.033935546875 4.314943 1.4004636 1.6474876 -4.7802334 1.7668372 16.946342 1.568547010421753 0.9386275410652161
Car 0.0 0 2.243546962738037 0.0 202.9347686767578 244.13856506347656 375.0 3.9623468 1.4500374 1.6116126 -4.796438 1.7765723 5.827422 1.5548901557922363 0.8748090863227844
Car 0.0 0 -1.694908618927002 706.5170288085938 180.89520263671875 775.4086303710938 236.749267578125 3.722534 1.5456942 1.634581 3.9314322 1.8170154 22.41133 -1.5212538242340088 0.8539136648178101
Car 0.0 0 1.742992639541626 491.475341796875 180.2794189453125 538.1073608398438 215.00411987304688 3.3521092 1.4626138 1.5528064 -4.318462 1.8183728 32.82529 1.6121848821640015 0.8530844449996948
Car 0.0 0 0.7629976272583008 1129.753662109375 174.01719665527344 1242.0 224.26812744140625 3.509237 1.4144173 1.4898286 18.110153 1.4535638 22.224623 1.4467394351959229 0.7247319221496582
Car 0.0 0 -1.7411266565322876 687.4105834960938 179.2393035888672 747.3741455078125 221.01368713378906 4.0312114 1.4646993 1.619654 4.035627 1.7304978 27.955242 -1.5977568626403809 0.6351441740989685
Car 0.0 0 1.7146989107131958 511.9571533203125 179.49986267089844 552.329833984375 210.75100708007812 3.6875682 1.5070753 1.5725287 -4.028652 1.8697332 37.460556 1.6075668334960938 0.5789942741394043
