Pedestrian 0.0 0 2.7969982624053955 618.2490234375 173.15745544433594 649.2864990234375 238.65989685058594 0.62585485 1.6737334 0.6488119 0.8071618 1.4617407 18.75516 2.840008497238159 0.782725989818573
Pedestrian 0.0 0 -1.9206507205963135 186.2393798828125 187.17115783691406 269.30035400390625 319.9341735839844 0.68558085 1.6288335 0.7720397 -4.918746 1.7082311 9.370668 -2.4040262699127197 0.5094161033630371
Pedestrian 0.0 0 0.5376790761947632 322.5241394042969 162.9061279296875 376.9875793457031 263.01007080078125 0.6977202 1.7955126 0.6892453 -4.6869416 1.4632747 13.288466 0.198594331741333 0.47914570569992065
Pedestrian 0.0 0 0.5301254391670227 613.7750854492188 164.93002319335938 629.5438232421875 205.66659545898438 0.47584778 1.8936751 0.6557892 0.94264156 1.1243275 33.79397 0.5580120086669922 0.4571259319782257
Pedestrian 0.0 0 1.925057053565979 623.79296875 163.52838134765625 645.5181274414062 210.88011169433594 0.7214402 1.6569885 0.5581443 1.1637388 1.0291669 25.575119 1.970528483390808 0.4475392699241638
Pedestrian 0.0 0 0.6002017259597778 647.5546875 168.81027221679688 668.5629272460938 204.07113647460938 0.9201507 1.8069166 0.58202773 2.935935 1.1575052 37.323277 0.6787023544311523 0.4435581862926483
Pedestrian 0.0 0 -0.061269938945770264 65.91691589355469 163.69651794433594 173.70896911621094 374.0 0.66013944 1.6687204 0.71609277 -3.8649154 1.5414057 5.6760044 -0.6590766906738281 0.43845412135124207
Pedestrian 0.0 0 1.8771883249282837 569.6998901367188 178.51632690429688 591.3616943359375 224.45762634277344 0.82525414 1.6130538 0.5526748 -0.7652288 1.5093546 25.691395 1.8474117517471313 0.43096572160720825
Pedestrian 0.0 0 -2.9495155811309814 545.9510498046875 167.75750732421875 583.8876342773438 226.71900939941406 1.076587 1.7896343 0.5958327 -1.1488472 1.3736334 22.170982 -3.0012869834899902 0.3823741674423218
Pedestrian 0.0 0 1.184285283088684 642.6729125976562 167.47547912597656 660.08544921875 203.656494140625 0.75321543 1.8037616 0.6394186 2.5116346 1.1054673 36.26669 1.2534294128417969 0.33843350410461426
Pedestrian 0.0 0 0.1866978406906128 498.2662048339844 171.46316528320312 524.874755859375 238.91871643066406 0.56008047 1.6177642 0.5071944 -2.2188938 1.3782513 17.495054 0.060541629791259766 0.28175315260887146
Pedestrian 0.0 0 -1.6884828805923462 722.242919921875 161.19451904296875 736.3096923828125 194.4759063720703 0.93905514 1.8048518 0.653167 7.0125356 0.70451194 39.44051 -1.5125213861465454 0.24513082206249237
Pedestrian 0.0 0 1.238127589225769 661.8094482421875 166.96133422851562 678.8639526367188 203.52001953125 0.8007947 1.8235786 0.62969595 3.4706426 1.0992583 36.291748 1.3334693908691406 0.23163610696792603
Pedestrian 0.0 0 1.7541162967681885 712.0457153320312 159.34974670410156 728.269287109375 197.87135314941406 0.5699935 1.9211836 0.7155292 5.980052 0.81736785 36.2125 1.9177770614624023 0.21089357137680054
Pedestrian 0.0 0 1.6678714752197266 725.9865112304688 174.07107543945312 759.5274658203125 251.2082061767578 1.8244321 1.7302005 0.6121275 3.3425238 1.5647844 17.071436 1.8612217903137207 0.1263982653617859
Cyclist 0.0 0 1.706352710723877 720.0992431640625 164.4281768798828 754.7132568359375 240.7510528564453 1.7773534 1.724075 0.58134973 3.2317858 1.3396497 17.159012 1.8925151824951172 0.31158870458602905
Cyclist 0.0 0 -2.080491781234741 698.766357421875 175.2111053466797 736.2764282226562 222.0345001220703 1.8203938 1.6310724 0.5109625 4.1541567 1.4130664 25.962818 -1.9218324422836304 0.2595271170139313
Cyclist 0.0 0 0.3138429820537567 516.2913818359375 186.68533325195312 569.8225708007812 231.99505615234375 1.7247717 1.5423326 0.7352861 -2.0599184 1.7288388 25.132456 0.23206329345703125 0.2025797963142395
Cyclist 0.0 0 -2.863884687423706 543.8849487304688 167.30421447753906 585.0023193359375 227.26968383789062 1.1505506 1.8171031 0.59245354 -1.1652942 1.3880553 22.181948 -2.916369915008545 0.19189299643039703
Cyclist 0.0 0 2.771038293838501 614.4046630859375 172.3284454345703 649.9829711914062 239.01785278320312 0.7385044 1.701865 0.659515 0.76620764 1.4689919 18.760319 2.8118574619293213 0.11276448518037796
Car 0.0 0 -1.8716347217559814 665.8068237304688 176.3626251220703 714.5859375 204.4754180908203 3.8520381 1.4609507 1.5720999 4.802175 1.19483 39.362823 -1.7502368688583374 0.3201668858528137
