Pedestrian 0.0 0 1.370330572128296 777.5941772460938 141.174560546875 801.4967041015625 193.21900939941406 0.73889196 1.9004765 0.7252885 6.6020803 0.7440154 26.729458 1.6124804019927979 0.6635541915893555
Pedestrian 0.0 0 -0.5047820210456848 740.2252197265625 155.53076171875 757.3977661132812 195.3867645263672 0.54072493 1.964941 0.7603721 6.8880696 1.111246 36.015137 -0.3158092200756073 0.46026739478111267
Car 0.0 0 -1.973060965538025 788.3040161132812 193.1154327392578 1142.140625 375.0 3.6861246 1.4148166 1.5737537 2.9121306 1.6620367 6.941362 -1.5758299827575684 0.9809116125106812
Car 0.0 0 1.8213236331939697 332.474853515625 188.8681640625 482.099365234375 279.64599609375 4.2197733 1.3300401 1.6483147 -3.6074927 1.6757079 13.436168 1.559018611907959 0.9695461392402649
Car 0.0 0 1.7581920623779297 452.9059143066406 175.27919006347656 530.9168701171875 232.93756103515625 3.7841492 1.5580714 1.6190304 -3.4762304 1.6373693 21.569666 1.5984030961990356 0.9474768042564392
Car 0.0 0 1.4096364974975586 662.3302001953125 183.01947021484375 737.5463256835938 238.44793701171875 4.1413894 1.4883369 1.630124 2.621287 1.8318254 22.247967 1.5269172191619873 0.9409993886947632
Car 0.0 0 1.6856359243392944 504.2427062988281 173.89096069335938 554.311767578125 213.6585235595703 4.2250433 1.5881788 1.6660597 -3.4406095 1.6361907 31.039545 1.5752406120300293 0.74845290184021
Car 0.0 0 1.5403233766555786 534.429931640625 174.99131774902344 564.3968505859375 202.9123992919922 4.045613 1.5480815 1.6243085 -3.636563 1.6803565 42.428013 1.454820990562439 0.5266625285148621
Car 0.0 0 1.5185608863830566 653.2493896484375 182.49134826660156 693.7918701171875 219.13925170898438 3.5476518 1.4349455 1.5394682 2.637251 1.8733147 30.992666 1.6034491062164307 0.45934629440307617
Car 0.0 0 1.442373275756836 635.04345703125 182.7938690185547 672.2357177734375 211.87535095214844 4.0523605 1.5295044 1.6166443 2.4215765 2.1294527 41.443825 1.500737190246582 0.3692215085029602
