Pedestrian 0.0 0 -0.13013748824596405 686.7277221679688 164.9813232421875 704.7166748046875 196.83787536621094 0.94436544 1.7798954 0.5210124 4.782918 1.3403895 40.577686 -0.012808222323656082 0.37062233686447144
Pedestrian 0.0 0 2.667422294616699 811.163818359375 152.9333953857422 871.4009399414062 262.19305419921875 0.79123086 1.8296087 0.62469625 3.930579 1.4963858 12.454027 2.973135232925415 0.18621470034122467
Pedestrian 0.0 0 1.800942063331604 534.690673828125 186.85736083984375 554.7468872070312 225.905517578125 1.5250081 1.7457296 0.6008894 -3.0717242 2.4141562 33.623386 1.7098381519317627 0.1642158031463623
Pedestrian 0.0 0 1.7548718452453613 512.6832885742188 185.9272918701172 530.8648681640625 226.0167999267578 1.6457745 1.7044016 0.511675 -3.950139 2.3007932 32.05634 1.6322650909423828 0.1172056645154953
Cyclist 0.0 0 1.7548718452453613 512.6832885742188 185.9272918701172 530.8648681640625 226.0167999267578 1.6457745 1.7044016 0.511675 -3.950139 2.3007932 32.05634 1.6322650909423828 0.25707268714904785
Cyclist 0.0 0 1.8919004201889038 494.11822509765625 179.68603515625 521.0087280273438 225.93710327148438 1.7384665 1.7186666 0.5123275 -3.999862 1.9924824 27.976376 1.7498899698257446 0.21479532122612
Cyclist 0.0 0 1.800942063331604 534.690673828125 186.85736083984375 554.7468872070312 225.905517578125 1.5250081 1.7457296 0.6008894 -3.0717242 2.4141562 33.623386 1.7098381519317627 0.2080201655626297
Car 0.0 0 1.9791769981384277 100.3348388671875 175.87509155273438 406.7796325683594 363.729248046875 3.4129026 1.5578998 1.6590118 -3.523216 1.5979558 7.757472 1.552860140800476 0.9732840657234192
Car 0.0 0 -1.5508670806884766 675.4279174804688 183.0157012939453 720.6433715820312 231.43490600585938 3.3903873 1.62521 1.5601549 3.2498145 2.0275774 26.7543 -1.4299904108047485 0.6851330995559692
Car 0.0 0 1.482139229774475 643.1423950195312 188.27989196777344 672.4523315429688 214.31549072265625 3.9037395 1.7319918 1.7744557 3.3980548 2.8928475 52.306515 1.5470123291015625 0.6274281740188599
Car 0.0 0 1.5269920825958252 557.7413940429688 189.26829528808594 588.0755004882812 217.03440856933594 4.196422 1.5550269 1.704147 -2.3952653 2.631811 45.1439 1.4739832878112793 0.1714223325252533
Car 0.0 0 0.23548603057861328 367.3841857910156 186.41360473632812 495.3094482421875 235.03662109375 3.7850435 1.5032597 1.6302865 -5.814382 1.9625747 23.59265 -0.006147608160972595 0.11859835684299469
