Pedestrian 0.0 0 1.3563889265060425 624.8247680664062 166.21597290039062 647.3333129882812 216.7941131591797 0.92036736 1.8914249 0.6744556 1.2940013 1.3208956 27.370203 1.4036314487457275 0.8249438405036926
Pedestrian 0.0 0 -1.2015018463134766 271.83062744140625 156.98873901367188 350.5647888183594 307.6380615234375 0.74859995 1.7896901 0.6839729 -3.627528 1.4998447 8.911249 -1.5880906581878662 0.80023193359375
Pedestrian 0.0 0 0.765892744064331 1057.64013671875 153.18499755859375 1238.0 374.0 0.93898505 1.8418095 0.79169136 4.2786922 1.6399146 5.6812778 1.411388635635376 0.6459030508995056
Pedestrian 0.0 0 -1.3049770593643188 645.67333984375 167.95448303222656 676.1547241210938 230.2760009765625 1.1355507 1.8272613 0.6442281 1.7780398 1.4312398 21.702444 -1.223231554031372 0.5732623934745789
Pedestrian 0.0 0 1.487045168876648 377.3211364746094 163.56629943847656 415.6678771972656 250.2638702392578 0.9685049 1.8377563 0.7297625 -4.555728 1.4588408 15.806651 1.2064342498779297 0.548982560634613
Pedestrian 0.0 0 2.3314149379730225 507.114501953125 173.0233154296875 541.7381591796875 232.61123657226562 0.71458447 1.5698389 0.603495 -2.1079667 1.3476895 19.38896 2.2231204509735107 0.5182912945747375
Pedestrian 0.0 0 1.9552522897720337 580.5156860351562 176.2423858642578 600.9546508789062 217.25897216796875 0.8633925 1.5772574 0.51495606 -0.433254 1.3761007 28.115845 1.9398438930511475 0.5104371309280396
Pedestrian 0.0 0 1.6608233451843262 564.243896484375 168.09393310546875 585.9906616210938 222.41986083984375 1.496809 1.8280054 0.62518 -0.9259464 1.3779857 24.932425 1.6237021684646606 0.4053875207901001
Pedestrian 0.0 0 1.8136647939682007 709.7857055664062 163.43362426757812 725.9739990234375 196.9086151123047 0.7973367 1.8192915 0.7094291 6.4109077 0.83825094 39.543247 1.9743902683258057 0.23430724442005157
Pedestrian 0.0 0 2.230367422103882 0.0 114.28400421142578 258.05230712890625 374.0 1.6014308 1.7494223 0.5750486 -2.992627 1.3940475 4.6329536 1.6568490266799927 0.1354748010635376
Cyclist 0.0 0 1.6505467891693115 564.3111572265625 169.06446838378906 585.9020385742188 221.9639129638672 1.508876 1.7783222 0.63306785 -0.92556864 1.3613561 24.912916 1.6134116649627686 0.3858349621295929
Cyclist 0.0 0 2.3785436153411865 0.0 96.63368225097656 256.9659423828125 374.0 1.6407602 1.763785 0.6081825 -3.01975 1.3395494 4.4664907 1.7840454578399658 0.3029094934463501
Cyclist 0.0 0 -1.3176652193069458 644.5479125976562 168.1509552001953 675.5203247070312 230.75830078125 1.1575518 1.8374832 0.6676671 1.7546908 1.4468293 21.736217 -1.237113356590271 0.25589466094970703
Cyclist 0.0 0 1.5621460676193237 380.3038330078125 164.78543090820312 413.21441650390625 250.21591186523438 0.9565911 1.8111023 0.6755371 -4.537874 1.457989 15.780545 1.2821396589279175 0.10183252394199371
Car 0.0 0 -1.485016107559204 605.76318359375 162.10488891601562 631.0208129882812 185.0979461669922 3.8742125 1.7731372 1.6942034 1.4113475 0.2780074 57.411285 -1.4604380130767822 0.4070761203765869
Car 0.0 0 -1.5831135511398315 723.3255004882812 174.16697692871094 785.9613647460938 231.733154296875 3.8369112 1.5016454 1.610986 4.3617682 1.3115311 20.773579 -1.3761528730392456 0.28961896896362305
Car 0.0 0 -2.070549964904785 1058.065673828125 164.66552734375 1238.0 374.0 4.029422 1.7034715 1.64505 6.628653 1.5734946 7.7442727 -1.362615942955017 0.24726183712482452
