Pedestrian 0.0 0 -2.991989850997925 851.5092163085938 163.21559143066406 869.3761596679688 205.32797241210938 0.62384254 1.7820809 0.7331965 10.722324 1.374568 31.000254 -2.6589913368225098 0.2134128361940384
Pedestrian 0.0 0 -2.7934446334838867 351.5169372558594 148.6951446533203 384.07989501953125 206.2724151611328 0.8392505 1.8330822 0.6101385 -7.8554907 1.0642973 23.283316 -3.1188390254974365 0.1631048619747162
Pedestrian 0.0 0 2.383373260498047 0.0 169.5320281982422 28.341306686401367 224.64505004882812 0.94729006 1.810246 0.6373485 -20.27958 1.7014902 24.204056 1.6859703063964844 0.12690004706382751
Pedestrian 0.0 0 -0.05300551652908325 0.0 206.34677124023438 27.016653060913086 261.3841247558594 0.88896585 1.8463076 0.78941214 -21.265863 3.0585837 25.514046 -0.7478399872779846 0.12351579964160919
Cyclist 0.0 0 -0.25767016410827637 0.0 208.49537658691406 41.26819610595703 262.2210693359375 1.358941 1.779209 0.7076857 -21.225538 3.0845127 25.656693 -0.9488315582275391 0.2821548283100128
Cyclist 0.0 0 0.12057170271873474 338.3531494140625 144.8813018798828 390.9031677246094 202.3457794189453 1.5490103 1.8164948 0.5418276 -7.9311934 0.93261504 23.230911 -0.20842739939689636 0.22695958614349365
Car 0.0 0 3.293362617492676 340.31524658203125 179.0984649658203 440.2203674316406 213.08865356445312 4.078936 1.4503988 1.6088213 -9.793616 1.7394781 32.271908 2.9987237453460693 0.49323606491088867
Car 0.0 0 0.0033398568630218506 791.9509887695312 158.49404907226562 877.319580078125 196.4993438720703 3.5107048 1.6096069 1.6312462 9.848567 1.0017893 31.858414 0.30315661430358887 0.24427437782287598
Car 0.0 0 1.726126790046692 838.9216918945312 196.7852325439453 884.24755859375 228.6497039794922 3.7340457 1.4966443 1.7608422 13.617943 2.8604898 39.04545 2.061706781387329 0.1732681840658188
Car 0.0 0 1.0719740390777588 1147.122314453125 190.33241271972656 1242.0 233.83465576171875 3.8112693 1.5373443 1.6436132 23.625546 2.292773 29.144732 1.753162145614624 0.15192081034183502
Car 0.0 0 1.6485652923583984 286.39361572265625 178.38621520996094 315.02947998046875 203.93771362304688 3.9078455 1.761551 1.6278023 -22.605637 2.1827004 52.767178 1.2438154220581055 0.11335542798042297
Car 0.0 0 1.482689380645752 415.4029846191406 180.446533203125 436.5432434082031 198.23789978027344 3.944155 1.58416 1.5907611 -17.431734 2.3243494 68.18102 1.232382893562317 0.10861179977655411
