Car 0.0 0 -1.976935863494873 830.8092041015625 186.32684326171875 1155.5330810546875 375.0 3.6438923 1.4850532 1.628116 3.6245546 1.6639242 7.709459 -1.5374571084976196 0.9712598323822021
Car 0.0 0 -1.85770845413208 745.2030639648438 181.80296325683594 911.6421508789062 284.8890686035156 4.288955 1.4765733 1.6127863 3.5965302 1.6632296 12.86238 -1.5850555896759033 0.9644327163696289
Car 0.0 0 -1.7735893726348877 713.9458618164062 179.3158416748047 814.1976928710938 248.42803955078125 4.1322417 1.497108 1.6181145 3.6695178 1.6779499 18.08214 -1.5733722448349 0.9474180340766907
Car 0.0 0 1.8357882499694824 363.0298156738281 186.04380798339844 472.3090515136719 253.76881408691406 4.1365023 1.41656 1.5854286 -4.6846642 1.783486 17.973953 1.5808242559432983 0.9381359219551086
Car 0.0 0 2.13594913482666 0.0 193.80499267578125 296.14117431640625 375.0 3.9512641 1.4805707 1.633561 -4.739113 1.7429141 7.021726 1.5422533750534058 0.93760746717453
Car 0.0 0 1.910550832748413 235.23162841796875 190.99476623535156 417.06201171875 301.6864013671875 4.0791802 1.5084451 1.6357269 -4.735312 1.8763498 12.560064 1.550016164779663 0.9353694915771484
Car 0.0 0 1.7540966272354126 495.296630859375 178.47238159179688 541.9054565429688 212.56248474121094 3.532609 1.4872278 1.5540533 -4.275609 1.7654966 33.879578 1.6285600662231445 0.918515145778656
Car 0.0 0 1.6892235279083252 516.0651245117188 175.09974670410156 554.555908203125 206.3883514404297 3.9654891 1.5738916 1.5904146 -3.9769547 1.7005259 38.57368 1.5864863395690918 0.7937800288200378
Car 0.0 0 -1.680160403251648 705.540283203125 178.7891845703125 767.8340454101562 227.91598510742188 3.7061765 1.4432 1.5870447 4.007859 1.6528914 23.549011 -1.5115834474563599 0.7091600894927979
Car 0.0 0 -1.741078495979309 686.3316650390625 178.98236083984375 743.3369750976562 218.2085418701172 3.9884536 1.427735 1.5901965 4.080383 1.69077 28.906952 -1.6008491516113281 0.5956369042396545
