Car 0.0 0 1.7891322374343872 365.51531982421875 202.3374786376953 482.4913635253906 286.3729553222656 3.8999324 1.4735454 1.6888621 -4.0168447 2.2086463 16.005838 1.5432491302490234 0.9725712537765503
Car 0.0 0 -1.8812706470489502 731.7335815429688 196.6554412841797 917.1427612304688 334.401123046875 3.2686963 1.5651886 1.5884222 2.8449667 1.9650612 10.440468 -1.6152355670928955 0.9699927568435669
Car 0.0 0 -1.776491641998291 675.7656860351562 193.42120361328125 789.6302490234375 284.69573974609375 3.5640626 1.569938 1.6070642 2.3713152 2.0511594 15.047361 -1.6201870441436768 0.9645793437957764
Car 0.0 0 -2.297301769256592 923.7108154296875 199.72222900390625 1242.0 375.0 3.5902953 1.4888059 1.5119929 3.0827785 1.691307 3.6154969 -1.5912673473358154 0.8906956315040588
Car 0.0 0 -1.750179409980774 650.1908569335938 196.16851806640625 733.1255493164062 258.7104187011719 4.227392 1.485958 1.6297312 2.2038052 2.2326305 20.925734 -1.645250678062439 0.8798701167106628
Car 0.0 0 3.607604742050171 47.90469741821289 207.2539825439453 306.45526123046875 309.7119140625 3.4847157 1.5636041 1.7192186 -7.4600563 2.2130864 12.637861 3.074352502822876 0.8271811008453369
Car 0.0 0 1.7387220859527588 428.5421447753906 199.72254943847656 504.2957458496094 258.59722900390625 3.8978515 1.4671838 1.6038903 -4.270796 2.350698 21.744724 1.5447845458984375 0.7883853912353516
Car 0.0 0 -1.7124583721160889 644.251220703125 192.25546264648438 701.560302734375 237.1154022216797 3.7655935 1.4291397 1.5696679 2.2007506 2.195945 26.575495 -1.629835605621338 0.48415499925613403
Car 0.0 0 -3.330937147140503 772.9658813476562 176.69911193847656 848.2549438476562 206.7175750732422 3.8011794 1.6251732 1.6765635 11.118933 1.8455721 40.300816 -3.0617358684539795 0.47335052490234375
Car 0.0 0 -1.6657930612564087 635.6710815429688 192.28981018066406 677.8649291992188 228.97348022460938 3.5062091 1.4732312 1.5678732 2.0252018 2.4006786 32.636623 -1.603819489479065 0.40942326188087463
Car 0.0 0 1.651229977607727 615.779541015625 191.68800354003906 642.5017700195312 214.24879455566406 3.6559885 1.5353351 1.7201967 1.4430156 3.0003061 54.197704 1.6778486967086792 0.4034077227115631
