Pedestrian 0.0 0 2.3550028800964355 564.01123046875 177.08738708496094 577.6842651367188 201.48159790039062 1.0697105 1.8522304 0.4172324 -3.035592 2.1814306 55.507385 2.3003692626953125 0.3664883077144623
Pedestrian 0.0 0 1.3754491806030273 728.2251586914062 124.43206787109375 767.2031860351562 208.3116912841797 0.7723354 1.7747763 0.6912459 2.9276114 0.75059325 15.65375 1.5603363513946533 0.3200877010822296
Pedestrian 0.0 0 0.40501120686531067 269.4429931640625 181.1650390625 323.7611999511719 278.9777526855469 0.7010959 1.7562689 0.7118442 -5.8475285 1.914814 13.3721285 -0.007224862929433584 0.31453776359558105
Car 0.0 0 -1.1348953247070312 96.7294921875 215.3453369140625 382.6916809082031 375.0 3.7351072 1.3074082 1.583904 -4.1777067 1.9339528 8.75558 -1.5800946950912476 0.9780371785163879
Car 0.0 0 -1.7913745641708374 708.2298583984375 180.71722412109375 841.923828125 281.25543212890625 3.2760837 1.4837852 1.5422333 2.6687403 1.6388845 12.550019 -1.5818473100662231 0.9625244140625
Car 0.0 0 -1.6839617490768433 657.7618408203125 180.17613220214844 708.9532470703125 221.60568237304688 3.5747733 1.4785414 1.5812753 2.7600093 1.7831885 28.183075 -1.5863416194915771 0.9459555745124817
Car 0.0 0 1.6909289360046387 472.4029235839844 185.6223602294922 523.0256958007812 227.80870056152344 3.9780326 1.666574 1.735285 -4.9094114 2.2643306 31.739315 1.5374659299850464 0.9162428379058838
Car 0.0 0 -1.304985761642456 369.30194091796875 184.5012664794922 481.5511474609375 268.33172607421875 4.0746694 1.7622863 1.6519632 -4.44352 2.0830293 17.79054 -1.5497467517852783 0.9064822793006897
Car 0.0 0 -2.3993914127349854 986.25439453125 202.5043182373047 1242.0 375.0 3.676874 1.4584669 1.5368074 2.662074 1.6232095 2.1083615 -1.4984385967254639 0.7237203121185303
Car 0.0 0 1.6356207132339478 519.127685546875 185.42437744140625 547.0844116210938 211.50469970703125 3.9260755 1.5805258 1.5864099 -5.0694165 2.4456425 47.640274 1.5296093225479126 0.40655913949012756
