Pedestrian 0.0 0 1.091016173362732 845.4137573242188 148.61380004882812 912.8088989257812 278.87457275390625 0.74747306 1.7388422 0.59713537 3.7085564 1.251377 10.000138 1.4461439847946167 0.17689405381679535
Pedestrian 0.0 0 2.68045711517334 914.3458251953125 170.56561279296875 1014.107666015625 316.43292236328125 0.9292607 1.7231739 0.5824635 4.284166 1.5512391 8.7829 3.1342849731445312 0.14203275740146637
Car 0.0 0 -1.2256356477737427 294.7418518066406 175.3155975341797 384.6889953613281 230.67225646972656 3.3890378 1.5339872 1.4706917 -7.998568 1.260777 21.617645 -1.5800172090530396 0.9193261861801147
Car 0.0 0 -1.58701491355896 578.6619873046875 177.7368621826172 618.4216918945312 213.44137573242188 3.43203 1.5111496 1.6844128 -0.47905114 1.1957486 32.162285 -1.601908564567566 0.8276457786560059
Car 0.0 0 1.653981328010559 468.2330017089844 188.53289794921875 523.3671875 234.2763671875 3.8498607 1.4214822 1.5476664 -3.79607 1.5452386 24.59538 1.5008488893508911 0.7078990340232849
Car 0.0 0 -1.1748672723770142 259.5152282714844 177.13742065429688 334.2369079589844 216.76593017578125 3.2920673 1.4535323 1.5203133 -12.070143 1.1583612 28.0173 -1.5816490650177002 0.3074209690093994
Car 0.0 0 1.6250487565994263 516.9534301757812 190.49374389648438 566.8531494140625 236.17735290527344 3.596052 1.427106 1.5144804 -2.2401679 1.6230018 24.69829 1.5345948934555054 0.2972182333469391
Car 0.0 0 -1.2840485572814941 367.91937255859375 171.82286071777344 423.7251892089844 211.10256958007812 2.278621 1.4540917 1.4839392 -8.175469 0.9594351 27.746943 -1.5705844163894653 0.26578718423843384
Car 0.0 0 -1.7002145051956177 633.462158203125 175.6166534423828 671.9417114257812 204.35348510742188 3.8317645 1.47984 1.5913833 2.358398 0.98665655 38.980824 -1.639786720275879 0.17113682627677917
Car 0.0 0 2.43644380569458 0.0 68.7636489868164 343.9062805175781 376.0 4.3677545 1.8764226 1.7401898 -3.8445325 1.4637041 4.8626976 1.7674504518508911 0.15091893076896667
