Pedestrian 0.0 0 -1.549910545349121 442.6073913574219 187.87123107910156 455.754150390625 222.06906127929688 0.81008214 1.5467772 0.58013713 -7.499414 2.2535942 33.486233 -1.7702302932739258 0.35117843747138977
Pedestrian 0.0 0 1.4470409154891968 420.6493225097656 193.4134979248047 437.3297119140625 237.8848419189453 0.58096606 1.7041312 0.5677734 -7.1611457 2.5234613 28.365532 1.1997488737106323 0.22892418503761292
Pedestrian 0.0 0 1.413578987121582 403.236572265625 182.7652130126953 420.3869934082031 227.9655303955078 0.4976316 1.7637986 0.5854095 -7.9146347 2.162556 28.65309 1.1440763473510742 0.22797825932502747
Pedestrian 0.0 0 -1.594294548034668 434.7869567871094 191.54415893554688 449.73956298828125 229.4430389404297 0.8275726 1.5768197 0.6042707 -7.2430863 2.3916433 30.9636 -1.8240852355957031 0.1441873162984848
Pedestrian 0.0 0 1.5140043497085571 400.10748291015625 150.2111053466797 413.9707336425781 190.15927124023438 0.50070626 1.901306 0.6132891 -9.794465 0.82399106 34.675003 1.2387115955352783 0.13466329872608185
Cyclist 0.0 0 2.0816397666931152 146.7517547607422 147.21505737304688 245.90603637695312 275.722900390625 1.6879338 1.7718618 0.52997196 -6.184062 1.4187106 10.792235 1.5613020658493042 0.181532084941864
Car 0.0 0 1.8900490999221802 159.6526336669922 198.2464599609375 436.595703125 375.0 3.7200472 1.5158526 1.574628 -3.0778384 1.8589008 7.834407 1.5157115459442139 0.9678748250007629
Car 0.0 0 -1.703883171081543 616.993896484375 178.742431640625 678.6815185546875 234.2182159423828 3.8127196 1.7467326 1.6324171 1.1938287 1.9680479 25.103043 -1.6563618183135986 0.9631606340408325
Car 0.0 0 -1.5347139835357666 463.8955383300781 185.7877655029297 517.2814331054688 238.3252410888672 4.2636695 1.5670607 1.6566162 -4.0724463 2.05235 24.830896 -1.6972739696502686 0.9330392479896545
Car 0.0 0 -2.323033571243286 879.5492553710938 147.04286193847656 1242.0 375.0 3.5200255 1.4950202 1.5347978 2.8521633 1.4302133 3.6392443 -1.65829598903656 0.8706706762313843
Car 0.0 0 1.642283320426941 499.974365234375 185.0985565185547 532.5004272460938 215.05752563476562 3.4942102 1.4604459 1.473567 -4.988827 2.143127 38.418022 1.5131494998931885 0.25420770049095154
Car 0.0 0 -1.6841741800308228 601.7838134765625 186.61105346679688 642.5253295898438 219.2395782470703 3.817936 1.4303403 1.5580791 0.50443715 2.1409235 35.270878 -1.6698733568191528 0.14348730444908142
