Car 0.0 0 -0.4154922366142273 733.6834716796875 186.18272399902344 975.35302734375 272.6983642578125 3.8833642 1.4346359 1.6359433 4.3449883 1.698924 13.278504 -0.09925400465726852 0.9742826819419861
Car 0.0 0 -0.23350754380226135 667.3704223632812 181.35519409179688 784.751220703125 229.4032440185547 3.580729 1.5153956 1.6112307 3.7666097 1.8100187 24.030256 -0.07802814990282059 0.9399420619010925
Car 0.0 0 0.36904963850975037 76.2010498046875 174.1202850341797 330.9520263671875 267.06536865234375 4.071895 1.6968244 1.6770681 -7.9161444 1.7242397 14.307399 -0.13631615042686462 0.9060863256454468
Car 0.0 0 3.3695216178894043 306.0675964355469 178.88674926757812 429.6474914550781 224.0397186279297 3.7570457 1.4724278 1.5968479 -8.2710905 1.6879395 24.758287 3.047104835510254 0.8911448121070862
Car 0.0 0 3.8026485443115234 0.0 190.73670959472656 169.34449768066406 340.8558044433594 3.7816226 1.5095972 1.5916567 -7.5867343 1.7414739 8.40685 3.068483352661133 0.8598801493644714
Car 0.0 0 3.8912353515625 0.0 201.3033905029297 75.30479431152344 375.0 3.9566245 1.4775871 1.6024565 -7.117097 1.7544347 5.9716454 3.018545389175415 0.7453613877296448
Car 0.0 0 3.526564121246338 155.7817840576172 184.4272003173828 364.4896240234375 253.0153045654297 4.069037 1.4788964 1.6028255 -8.060432 1.763548 16.794773 3.0790953636169434 0.735109269618988
Car 0.0 0 3.2153313159942627 321.8139343261719 171.3372802734375 428.02447509765625 211.3075408935547 4.046177 1.5745076 1.6551312 -9.625863 1.5151196 29.704165 2.901952028274536 0.5707842111587524
Car 0.0 0 -1.9098825454711914 460.2359924316406 176.19735717773438 492.5964050292969 194.3980255126953 3.7453086 1.5038695 1.592058 -11.598221 1.8026361 62.377884 -2.0937180519104004 0.5488074421882629
Car 0.0 0 0.442449688911438 224.14137268066406 180.1788787841797 394.2015686035156 242.94320678710938 3.9488697 1.607198 1.6243982 -8.13381 1.8157073 19.593348 0.048967599868774414 0.467695027589798
