Pedestrian 0.0 0 -0.3270363211631775 0.0 122.5537109375 156.0844268798828 375.0 0.5841722 1.7523024 0.7165344 -2.7562914 1.5386653 3.5072625 -0.9931086897850037 0.11122876405715942
Pedestrian 0.0 0 2.80729079246521 779.22021484375 148.68142700195312 800.2494506835938 189.82022094726562 0.7677889 1.8689462 0.6431526 8.21013 0.771138 33.132164 3.050197124481201 0.105562224984169
Pedestrian 0.0 0 -1.983453392982483 643.36669921875 163.90147399902344 661.2608032226562 205.78546142578125 0.62935466 1.8786564 0.60925615 1.8792673 1.47746 32.761974 -1.9261549711227417 0.10211528092622757
Cyclist 0.0 0 -2.153869390487671 1112.8956298828125 101.31815338134766 1242.0 277.9815673828125 1.7647045 1.6843364 0.5867397 6.2142763 1.0026604 7.781824 -1.4800053834915161 0.25575700402259827
Car 0.0 0 -1.8039580583572388 796.1700439453125 147.5628662109375 983.2196044921875 289.0912780761719 4.5999227 1.8485572 1.726334 4.214832 1.5185778 11.8022585 -1.460953712463379 0.9646137356758118
Car 0.0 0 -2.030000686645508 863.8781127929688 176.7752227783203 1242.0 375.0 4.331272 1.4915414 1.622707 3.6416438 1.5385071 6.3626943 -1.5101653337478638 0.9620170593261719
Car 0.0 0 -1.6071102619171143 787.1035766601562 167.08140563964844 848.6966552734375 225.9954376220703 4.0746403 1.6638134 1.6780243 6.359881 1.5011454 22.552357 -1.3322430849075317 0.7994621992111206
Car 0.0 0 -1.4080889225006104 784.1715698242188 146.77212524414062 831.3297729492188 184.5257110595703 3.51773 1.6877254 1.6076831 9.372507 0.52212673 34.18651 -1.1405055522918701 0.19399738311767578
Car 0.0 0 -1.4707798957824707 796.2926635742188 154.95423889160156 836.06298828125 185.89669799804688 3.7115946 1.5209352 1.6258634 10.715285 0.6414543 37.48831 -1.192373275756836 0.1112784594297409
Car 0.0 0 -2.6416025161743164 0.0 0.0 1242.0 375.0 3.788017 1.5078533 1.5742601 3.082642 1.6273649 1.172909 -1.4343799352645874 0.11102187633514404
