Pedestrian 0.0 0 2.1745645999908447 318.68353271484375 129.25735473632812 432.9817810058594 333.460693359375 0.743952 1.8281444 0.75544894 -2.282495 1.4382005 6.9200835 1.8559645414352417 0.5791619420051575
Pedestrian 0.0 0 -1.5861167907714844 449.6005859375 179.40377807617188 491.8218994140625 271.26385498046875 0.6984381 1.646589 0.7512741 -2.6458411 1.7725179 13.410558 -1.7809103727340698 0.40710046887397766
Pedestrian 0.0 0 -0.8802469968795776 1053.3104248046875 151.02207946777344 1073.913330078125 188.23193359375 0.8869219 1.9768344 0.48095754 24.292526 0.81733596 38.69778 -0.31967267394065857 0.2863653600215912
Pedestrian 0.0 0 1.6892263889312744 931.4047241210938 175.9476776123047 952.4989624023438 227.55496215820312 0.66950667 1.5310104 0.50653285 10.018822 1.6269436 21.870546 2.11879301071167 0.25149595737457275
Cyclist 0.0 0 3.1183903217315674 296.9292297363281 183.329345703125 331.8821105957031 219.03956604003906 1.6855774 1.8274573 0.68198985 -15.585804 2.388315 37.9538 2.7287349700927734 0.22953294217586517
Cyclist 0.0 0 2.2201786041259766 1048.87353515625 161.75880432128906 1080.3316650390625 197.5256805419922 1.6325169 1.8891968 0.5517399 24.320143 1.3035092 38.65428 2.781771421432495 0.144997701048851
Car 0.0 0 2.113696336746216 121.80493927001953 194.05386352539062 372.0618591308594 309.5947265625 4.1802254 1.4422436 1.7494106 -5.7272387 1.8577664 11.962807 1.6671898365020752 0.9494854211807251
Car 0.0 0 0.12500810623168945 250.89854431152344 176.4621124267578 330.10162353515625 206.5271453857422 3.644064 1.516363 1.5785933 -16.78311 1.713028 37.97489 -0.2911336421966553 0.13620977103710175
Car 0.0 0 2.189202308654785 315.1916198730469 189.3462371826172 376.3218994140625 215.68687438964844 3.9736223 1.5025048 1.6612219 -16.794416 2.6023736 45.965168 1.8388986587524414 0.13595490157604218
Car 0.0 0 0.2146277129650116 646.016357421875 156.83477783203125 713.133544921875 183.90667724609375 3.770489 1.5814326 1.6138712 4.169566 0.64601135 43.49052 0.3102085590362549 0.11571286618709564
Car 0.0 0 2.1373250484466553 660.2553100585938 181.39651489257812 726.9885864257812 212.02923583984375 4.2117925 1.5439103 1.6461891 4.619363 2.040028 39.71778 2.2531094551086426 0.11214486509561539
