Pedestrian 0.0 0 2.8027219772338867 64.30021667480469 183.0513458251953 106.83609008789062 245.0769805908203 0.8419281 1.8038412 0.7255992 -15.827569 2.118942 21.715202 2.172881603240967 0.5998513698577881
Pedestrian 0.0 0 2.7411510944366455 672.9447631835938 163.42178344726562 707.0845947265625 229.189208984375 0.71711195 1.7393364 0.6554533 2.1094825 1.4902427 19.496834 2.8489279747009277 0.271066278219223
Cyclist 0.0 0 -2.5432865619659424 679.1730346679688 162.88121032714844 755.0028686523438 237.23727416992188 1.8390111 1.7584227 0.6026768 2.587782 1.5229375 17.904087 -2.399744749069214 0.6507787704467773
Cyclist 0.0 0 -1.8034731149673462 659.7481689453125 173.68394470214844 689.35888671875 229.1208038330078 1.6272205 1.5818753 0.51042 1.8571182 1.607882 21.453478 -1.7171235084533691 0.4058436453342438
Car 0.0 0 2.1180450916290283 71.76927947998047 196.576416015625 218.47010803222656 262.18389892578125 3.7811627 1.4715374 1.5799558 -12.397161 2.1746118 19.465088 1.5509397983551025 0.9538964033126831
Car 0.0 0 -1.3645809888839722 349.7226867675781 178.90286254882812 506.3987731933594 300.220703125 3.9237535 1.6276847 1.6876339 -2.8284953 1.7441332 11.860462 -1.5986891984939575 0.9515370726585388
Car 0.0 0 -1.5579144954681396 588.3051147460938 175.49488830566406 615.2112426757812 202.31349182128906 4.111807 1.6491895 1.6697468 -0.5412647 1.8284866 46.829784 -1.569472074508667 0.6891921162605286
Car 0.0 0 -1.0390630960464478 67.58756256103516 167.46200561523438 134.6924591064453 196.00106811523438 3.749065 1.669704 1.6877288 -31.080273 1.3545982 44.14861 -1.6524633169174194 0.5420225262641907
Car 0.0 0 1.8236713409423828 464.2964172363281 181.63201904296875 495.25238037109375 201.1573028564453 3.6911604 1.4609222 1.5591329 -10.38093 2.18503 57.589745 1.6453298330307007 0.5417229533195496
Car 0.0 0 2.02260684967041 66.19378662109375 154.81468200683594 140.74484252929688 190.1717071533203 3.6983266 1.7003824 1.6497425 -25.669853 0.8331975 36.653805 1.4116575717926025 0.3045891523361206
