Pedestrian 0.0 0 -1.4575748443603516 937.0121459960938 142.32598876953125 959.8472290039062 195.53146362304688 0.5221238 1.9633411 0.7208847 12.638431 0.83718157 27.033846 -1.0202603340148926 0.38973021507263184
Pedestrian 0.0 0 1.205778956413269 964.1694946289062 157.1707305908203 998.4778442382812 219.87020874023438 0.7800936 1.8245286 0.66983163 10.966686 1.3685099 21.417633 1.6790121793746948 0.2019866704940796
Pedestrian 0.0 0 1.4750409126281738 916.5855102539062 170.05335998535156 944.0787963867188 231.33616638183594 1.0472116 1.7828658 0.6519575 9.527328 1.7017465 21.588083 1.8906559944152832 0.1686072051525116
Pedestrian 0.0 0 -1.8219785690307617 833.7982177734375 174.68128967285156 858.731689453125 228.34786987304688 0.6686906 1.777176 0.64997894 7.8967004 1.8399004 24.26946 -1.5074065923690796 0.15502947568893433
Pedestrian 0.0 0 3.3181333541870117 296.0222473144531 176.9556427001953 309.4584045410156 199.7788543701172 0.9732537 1.8866599 0.40615693 -25.597425 2.2301939 60.05999 2.9152486324310303 0.1446145623922348
Cyclist 0.0 0 -1.6918541193008423 709.5117797851562 181.5117950439453 719.9114379882812 214.06153869628906 1.5770582 1.613228 0.33673006 5.3228197 2.066746 36.971416 -1.5488654375076294 0.22883625328540802
Car 0.0 0 1.9270401000976562 296.5551452636719 188.84963989257812 402.81036376953125 244.7395477294922 4.3372145 1.4655871 1.6755549 -7.950624 2.0097406 22.34652 1.5852183103561401 0.9381570219993591
Car 0.0 0 -1.5995911359786987 587.1187744140625 178.3165740966797 621.594482421875 211.81640625 4.291703 1.6009816 1.650079 -0.37975907 1.9007268 37.36619 -1.609753966331482 0.9291496872901917
Car 0.0 0 1.704021692276001 446.09979248046875 180.1601104736328 488.1802062988281 212.82070922851562 3.5002525 1.4309398 1.5064132 -6.759634 1.7958386 34.20525 1.508915901184082 0.5232803225517273
Car 0.0 0 2.3889739513397217 0.0 195.36781311035156 89.53571319580078 375.0 4.03545 1.6024804 1.6630608 -8.059154 1.9123967 7.882882 1.5925191640853882 0.5122126936912537
Car 0.0 0 1.699512243270874 464.34967041015625 179.69412231445312 502.9088134765625 209.3355712890625 3.9121785 1.4948875 1.5802692 -6.865033 1.8866254 39.293236 1.5265451669692993 0.18629422783851624
Car 0.0 0 -2.8078911304473877 906.1187133789062 162.4288787841797 981.2945556640625 191.7584991455078 3.343406 1.5133332 1.6053456 17.955553 0.9757819 38.963825 -2.376070737838745 0.15180590748786926
