Pedestrian 0.0 0 -3.5577504634857178 962.4185791015625 198.41494750976562 1040.8419189453125 316.83453369140625 0.9444606 1.8461355 0.63769823 6.3086104 2.2754781 11.75269 -3.0651135444641113 0.2342366874217987
Pedestrian 0.0 0 2.785982847213745 825.6903686523438 139.73825073242188 892.3287353515625 236.81199645996094 0.9390581 1.6549271 0.63432384 4.292916 1.0907228 12.628277 3.1136717796325684 0.11593484878540039
Pedestrian 0.0 0 2.6056175231933594 963.2877807617188 147.6031494140625 1033.845703125 268.7819519042969 0.71686906 1.7203753 0.56916326 5.612104 1.3622468 10.541954 3.094815969467163 0.10755589604377747
Cyclist 0.0 0 -3.37906551361084 957.98779296875 204.88796997070312 1107.1685791015625 317.8321228027344 1.9283704 1.660145 0.88737035 6.7259507 2.2107434 11.694509 -2.8571279048919678 0.17968709766864777
Cyclist 0.0 0 2.0457887649536133 314.2108459472656 183.79515075683594 336.2763366699219 213.76260375976562 1.5215309 1.7056574 0.57617027 -16.766598 2.3612702 42.42399 1.6694140434265137 0.150945782661438
Cyclist 0.0 0 1.3360545635223389 837.07470703125 141.89306640625 889.6934204101562 243.9921417236328 1.351411 1.667091 0.5522752 4.30517 1.1619135 12.478019 1.6682862043380737 0.1164979562163353
Car 0.0 0 1.796156644821167 423.65234375 180.5902557373047 475.5838317871094 212.5371856689453 3.9393384 1.4182332 1.6164786 -7.739571 1.8146553 34.96131 1.5782948732376099 0.9289602041244507
Car 0.0 0 1.5820491313934326 641.62939453125 176.2124786376953 673.7268676757812 206.62371826171875 4.356664 1.5505506 1.6577269 2.5965843 1.7452543 39.514984 1.6476662158966064 0.23675434291362762
Car 0.0 0 0.6823070049285889 50.696571350097656 184.03697204589844 152.5486297607422 215.30181884765625 4.3207803 1.5732096 1.6289809 -26.731932 2.1767159 37.95227 0.06866312026977539 0.1593496948480606
Car 0.0 0 0.2655838429927826 777.0775756835938 161.64260864257812 824.8532104492188 181.19717407226562 3.406684 1.5347667 1.6714598 15.37666 0.6551826 58.20381 0.5238692760467529 0.10160747915506363
