Pedestrian 0.0 0 0.385983943939209 146.52484130859375 182.8031768798828 237.63026428222656 304.61383056640625 1.1024607 1.7951473 0.48079142 -6.404911 1.9515445 10.997929 -0.14137469232082367 0.6964057683944702
Pedestrian 0.0 0 0.172132208943367 321.0122985839844 185.7244110107422 351.1678771972656 259.7069091796875 0.5666828 1.6782671 0.5883727 -6.4314938 1.9849539 16.8275 -0.19293703138828278 0.40805140137672424
Pedestrian 0.0 0 -0.15884503722190857 762.581298828125 177.0365447998047 803.5935668945312 259.69580078125 0.7590553 1.7009336 0.55482185 3.5829005 1.7910652 15.179937 0.07294154167175293 0.37125182151794434
Pedestrian 0.0 0 2.312450408935547 654.024658203125 163.11917114257812 681.1372680664062 210.0426483154297 0.97523624 1.89679 0.6172938 2.3324702 1.5036364 29.72234 2.3907651901245117 0.35748291015625
Pedestrian 0.0 0 -0.3300999104976654 621.8191528320312 172.1696014404297 635.0618896484375 201.17172241210938 0.64918476 1.8158948 0.6846812 1.1313485 1.7734011 45.598637 -0.3052939772605896 0.30223560333251953
Pedestrian 0.0 0 0.39476534724235535 254.8109130859375 181.5044403076172 294.2814025878906 270.5219421386719 0.5437811 1.6477789 0.45669183 -6.3876495 1.8145736 13.639944 -0.04320603609085083 0.24775512516498566
Pedestrian 0.0 0 0.4812028706073761 414.2039794921875 184.53189086914062 442.3066101074219 228.9218292236328 0.9684782 1.8040606 0.5882695 -7.577528 2.2952976 29.928953 0.2332298755645752 0.1524474322795868
Pedestrian 0.0 0 -1.5324735641479492 411.347900390625 182.037353515625 428.3002624511719 228.2691650390625 0.6623809 1.7876192 0.62261164 -7.535411 2.1550038 28.443295 -1.7914515733718872 0.14966076612472534
Cyclist 0.0 0 -0.40863221883773804 806.6696166992188 164.51295471191406 926.0476684570312 261.3468017578125 2.0618942 1.779622 0.5874452 4.772075 1.6266874 13.6246 -0.0717308521270752 0.17106853425502777
Car 0.0 0 -1.490379810333252 445.95599365234375 185.8873748779297 502.9625244140625 237.63499450683594 3.529779 1.5629064 1.6272576 -4.5855684 2.0401168 24.556244 -1.6749908924102783 0.953032374382019
Car 0.0 0 3.439648389816284 129.83355712890625 179.50889587402344 343.577392578125 255.40493774414062 4.4589615 1.7590034 1.8066921 -9.2865505 1.9391673 18.217821 2.9682304859161377 0.9459138512611389
Car 0.0 0 1.6488113403320312 476.295654296875 180.3751983642578 521.3617553710938 224.4093780517578 3.9456847 1.7273471 1.6122963 -4.7575884 2.0722222 31.020958 1.4966301918029785 0.878728449344635
Car 0.0 0 1.8237483501434326 482.2342224121094 181.2683563232422 525.4560546875 207.514892578125 4.3001924 1.4874595 1.6151047 -6.524367 2.0331924 44.53923 1.6782970428466797 0.1856401264667511
