Pedestrian 0.0 0 -1.2304155826568604 145.1816864013672 170.3400115966797 164.45257568359375 204.31033325195312 0.8643026 1.8573616 0.65005106 -24.931686 1.3032533 39.147797 -1.797498345375061 0.17908769845962524
Pedestrian 0.0 0 -1.2816295623779297 779.7794189453125 174.1484375 821.1210327148438 255.43797302246094 0.6670159 1.7780159 0.7401848 4.3701525 1.6407064 15.93876 -1.0140221118927002 0.16934512555599213
Pedestrian 0.0 0 -1.529719591140747 94.5744400024414 192.72750854492188 117.8782730102539 248.09951782226562 0.73542714 1.5879754 0.5356213 -14.791605 1.959376 20.926687 -2.145014524459839 0.14990390837192535
Cyclist 0.0 0 2.048541784286499 418.7397155761719 169.94883728027344 438.49334716796875 197.5670166015625 1.5875982 1.7150785 0.5456496 -11.154163 1.0612051 44.73787 1.8042006492614746 0.34485673904418945
Cyclist 0.0 0 -1.8060604333877563 811.4451293945312 122.33972930908203 853.21728515625 227.4971466064453 1.7439464 1.8403552 0.33870697 4.192745 0.8241394 13.25087 -1.4996148347854614 0.25409549474716187
Car 0.0 0 -1.4938573837280273 546.253173828125 165.7263641357422 570.9675903320312 186.31398010253906 3.8787854 1.5183136 1.59534 -3.5055177 0.43004808 54.088123 -1.5585781335830688 0.6465795636177063
Car 0.0 0 1.8150897026062012 90.59037780761719 186.7974090576172 127.18501281738281 207.76548767089844 3.519995 1.5354111 1.5190787 -38.418358 2.0421314 54.834103 1.2039417028427124 0.3175774812698364
Car 0.0 0 0.5733367800712585 86.87144470214844 184.45693969726562 172.87977600097656 213.08995056152344 3.5262492 1.4911256 1.5928842 -25.413553 1.7091305 37.871975 -0.0176863893866539 0.2618993818759918
Car 0.0 0 -1.6201831102371216 584.3067016601562 164.7356719970703 605.4083862304688 183.52171325683594 3.7925155 1.5614532 1.621171 -0.8799588 0.25236964 60.707508 -1.6346771717071533 0.2110273540019989
Car 0.0 0 1.9947712421417236 402.4903564453125 171.8917999267578 454.68798828125 197.4718017578125 4.4212656 1.6199844 1.7065268 -11.677635 1.0761683 47.10058 1.7517420053482056 0.14741568267345428
Car 0.0 0 -0.08961614966392517 800.2299194335938 147.3919219970703 888.4735717773438 177.3414306640625 4.53139 1.6042048 1.681507 13.278901 -0.18108954 39.496006 0.23471999168395996 0.14477209746837616
