Car 0.0 0 2.0655922889709473 0.0 198.82688903808594 340.4293212890625 373.9453430175781 4.408188 1.4142513 1.6550852 -4.9190545 1.8078897 8.702812 1.551134467124939 0.9684306383132935
Car 0.0 0 -1.9320950508117676 790.3306884765625 184.2282257080078 1062.1082763671875 344.2118225097656 3.9640303 1.4492307 1.6120243 3.4314587 1.6198298 8.80655 -1.5605441331863403 0.964597225189209
Car 0.0 0 -1.781823754310608 705.5341186523438 178.52430725097656 798.2080078125 240.4620361328125 4.250298 1.4930471 1.6214577 3.7361646 1.6668962 19.928444 -1.5964961051940918 0.9600816965103149
Car 0.0 0 -1.8111591339111328 737.0276489257812 181.7323455810547 867.8098754882812 271.1414794921875 3.8004084 1.49031 1.5970024 3.592408 1.6901838 14.307107 -1.5651524066925049 0.9574995040893555
Car 0.0 0 1.762289047241211 433.51434326171875 179.48675537109375 502.1128845214844 230.21853637695312 3.342174 1.5786619 1.683896 -4.805646 1.8201874 24.55982 1.5690593719482422 0.9362831115722656
Car 0.0 0 1.792876124382019 466.72137451171875 179.00759887695312 526.4863891601562 217.9658966064453 3.855992 1.4374884 1.5790552 -4.5574493 1.703946 29.221899 1.63816237449646 0.8830051422119141
Car 0.0 0 -2.339280605316162 932.7583618164062 189.02395629882812 1242.0 375.0 3.5570822 1.4999927 1.5742631 3.3960152 1.6305859 3.984311 -1.6334255933761597 0.8376801013946533
Car 0.0 0 0.8481764197349548 0.0 182.04257202148438 105.37278747558594 235.79859924316406 3.8919916 1.4293796 1.5261811 -16.818548 1.7059884 20.619484 0.1639575958251953 0.671040415763855
Car 0.0 0 0.7743933796882629 1021.9285278320312 182.93276977539062 1148.217529296875 228.6604461669922 3.705815 1.4339831 1.5231909 16.58268 1.8177124 25.468554 1.3515443801879883 0.6388469338417053
Car 0.0 0 -1.7339495420455933 697.07421875 178.4239044189453 757.0489501953125 223.72434997558594 3.370088 1.4595337 1.5377144 3.9990623 1.6686512 25.350235 -1.577486515045166 0.6370426416397095
