Pedestrian 0.0 0 1.6018768548965454 825.6712036132812 164.2999267578125 857.2823486328125 237.23924255371094 1.1270952 1.8436062 0.75608283 6.0222235 1.6277528 18.892069 1.910463571548462 0.18979009985923767
Pedestrian 0.0 0 2.367016077041626 1040.3597412109375 150.55255126953125 1120.96240234375 295.4523620605469 0.62533474 1.8231782 0.6243574 6.0946803 1.5429316 9.444323 2.9400994777679443 0.15454427897930145
Pedestrian 0.0 0 -0.5585160255432129 1214.505615234375 189.35511779785156 1242.0 288.7795104980469 0.4527211 1.5147903 0.38884908 9.794535 1.7786703 11.292959 0.1559438705444336 0.12975770235061646
Pedestrian 0.0 0 2.218079090118408 806.550048828125 172.52587890625 847.1101684570312 230.7542266845703 1.0333924 1.7735987 0.7437488 6.7406 1.763962 22.580399 2.5081734657287598 0.1279214322566986
Pedestrian 0.0 0 1.9744961261749268 100.74456787109375 172.99229431152344 145.8999786376953 242.82998657226562 0.9657235 1.8477509 0.69648224 -13.273152 1.8519753 19.629843 1.379941701889038 0.11273359507322311
Car 0.0 0 -0.9268531799316406 710.5630493164062 192.3917999267578 837.0574340820312 256.4750671386719 3.5247364 1.5155327 1.6057558 4.5130563 2.1017888 19.882225 -0.7036458849906921 0.9372616410255432
Car 0.0 0 1.6148490905761719 552.6480712890625 163.8617706298828 573.7647705078125 182.8302764892578 3.8403468 1.5190678 1.5785706 -3.8679996 0.7992944 59.71666 1.5501668453216553 0.14957371354103088
Car 0.0 0 -1.6070629358291626 569.4531860351562 158.6792755126953 628.505859375 224.599609375 4.7398396 2.1180174 1.8964592 -0.5298763 1.6629422 25.60028 -1.6277580261230469 0.14837612211704254
Car 0.0 0 1.1903257369995117 655.3444213867188 173.4162139892578 731.0689697265625 215.40223693847656 3.9562805 1.4896398 1.5174192 3.0695443 1.5132757 27.76239 1.3004432916641235 0.12060447037220001
Car 0.0 0 2.26682710647583 495.5154724121094 158.6310577392578 542.8628540039062 182.56993103027344 4.12793 1.9770995 1.7965329 -7.760737 0.80279076 61.81073 2.1419241428375244 0.11424081772565842
