Pedestrian 0.0 0 -3.7167177200317383 1145.2274169921875 120.99948120117188 1242.0 340.49249267578125 0.83523464 1.8869907 0.595244 5.436831 1.4415531 6.545077 -3.023550271987915 0.17971135675907135
Pedestrian 0.0 0 -1.9554753303527832 689.8027954101562 153.93202209472656 706.74853515625 188.62033081054688 0.42232105 1.8285074 0.79307157 4.653214 0.8314405 38.338596 -1.834694504737854 0.17879579961299896
Pedestrian 0.0 0 -2.6646032333374023 1011.7105712890625 129.401123046875 1044.1845703125 197.04409790039062 0.5908589 2.0169153 0.7203938 12.671005 0.72163564 21.954542 -2.1411566734313965 0.13750572502613068
Cyclist 0.0 0 1.704357624053955 1120.50537109375 129.71487426757812 1196.4947509765625 281.173828125 1.6086801 1.6745745 0.52668476 6.605294 1.1979737 8.731345 2.352008104324341 0.20576484501361847
Cyclist 0.0 0 2.442845582962036 754.1995849609375 174.09738159179688 791.17431640625 213.533447265625 1.6821363 1.8220142 0.6451932 7.6413264 1.8822117 34.049313 2.663607358932495 0.16494430601596832
Car 0.0 0 1.8327082395553589 269.5629577636719 186.09683227539062 451.4644775390625 303.5017395019531 4.1773076 1.4944748 1.7326764 -3.8634005 1.7505244 11.795844 1.516196846961975 0.9674043655395508
Car 0.0 0 1.7652273178100586 471.6031494140625 185.13934326171875 535.2576904296875 226.44122314453125 4.308708 1.447404 1.7077626 -4.2007203 1.9752314 28.78237 1.6203027963638306 0.9511529803276062
Car 0.0 0 1.4559072256088257 643.469970703125 180.7079620361328 713.3075561523438 239.29339599609375 3.829651 1.6082867 1.6930298 1.9723748 1.872063 22.260729 1.5442798137664795 0.9316775798797607
Car 0.0 0 -1.7249767780303955 625.0487670898438 183.22470092773438 677.0699462890625 223.40887451171875 3.641423 1.4764855 1.5598983 1.5673299 1.926245 29.374214 -1.6716699600219727 0.6198493838310242
Car 0.0 0 1.5791198015213013 516.6219482421875 186.2607879638672 543.9050903320312 214.88653564453125 3.679878 1.5976521 1.5839682 -4.877184 2.450547 43.968735 1.4686474800109863 0.40329471230506897
