Pedestrian 0.0 0 -1.552079677581787 523.6595458984375 178.4308624267578 537.817626953125 216.5054473876953 0.809939 1.6243157 0.5954032 -3.3630652 1.3359966 31.09346 -1.6598206758499146 0.33578360080718994
Car 0.0 0 -1.5983912944793701 571.9846801757812 179.95199584960938 657.3704833984375 255.2698974609375 3.4034374 1.5138621 1.7196769 0.05031311 1.4091946 16.167217 -1.5952792167663574 0.9633410573005676
Car 0.0 0 -1.2999260425567627 313.0306396484375 190.72134399414062 443.315673828125 270.3724365234375 3.900371 1.4218718 1.5948585 -4.685059 1.5536058 15.075094 -1.6012444496154785 0.9574179649353027
Car 0.0 0 -1.4142482280731201 429.41412353515625 182.3123016357422 501.69952392578125 231.43275451660156 4.2931147 1.435242 1.6293176 -4.5174785 1.3515394 23.174803 -1.6067646741867065 0.9411749839782715
Car 0.0 0 -0.9448732137680054 47.108131408691406 187.3744354248047 204.64486694335938 247.79315185546875 3.8159134 1.4629679 1.6061127 -12.900402 1.528434 19.480314 -1.5297963619232178 0.9107102751731873
Car 0.0 0 -1.1876161098480225 227.6704864501953 183.8123779296875 347.81451416015625 245.2522430419922 3.6943007 1.4711285 1.6408437 -8.384222 1.4386585 19.080221 -1.601636528968811 0.8936107158660889
Car 0.0 0 1.5896135568618774 635.8341674804688 179.2655792236328 657.1824340820312 198.742919921875 3.8964977 1.4805573 1.608837 3.0660555 1.0293944 56.641216 1.643691897392273 0.56418776512146
Car 0.0 0 -0.8562601208686829 0.0 197.06863403320312 42.12831115722656 302.279296875 4.0390573 1.4797107 1.6395077 -12.318144 1.7232689 12.635167 -1.628954291343689 0.4697894752025604
Car 0.0 0 -1.4197808504104614 429.9861755371094 179.3797607421875 469.62213134765625 208.17234802246094 3.5709713 1.5165235 1.6201537 -8.700709 1.2102728 39.69298 -1.6355681419372559 0.38402751088142395
Car 0.0 0 -2.8110735416412354 321.1069641113281 180.22073364257812 435.4670715332031 216.05227661132812 4.466824 1.524741 1.6861435 -10.021741 1.3133217 31.478386 -3.1192963123321533 0.3631429374217987
Car 0.0 0 -0.8815663456916809 0.0 197.1361541748047 72.7664566040039 262.3984680175781 3.9043689 1.443373 1.6242279 -16.110159 1.7854823 18.586905 -1.595703363418579 0.33440643548965454
