Pedestrian 0.0 0 1.1003385782241821 724.3182983398438 177.95848083496094 742.4046020507812 212.50865173339844 0.85202724 1.6558437 0.5416372 5.9776974 1.9087517 35.20882 1.2685133218765259 0.5285366773605347
Pedestrian 0.0 0 -1.6932587623596191 875.497314453125 169.27720642089844 901.8480834960938 226.52957153320312 1.1484426 1.8425485 0.67473024 9.158251 1.7277949 23.857174 -1.326727271080017 0.5228769779205322
Pedestrian 0.0 0 0.7909711003303528 699.5296630859375 175.88111877441406 713.05810546875 200.77259826660156 0.86621106 1.7804945 0.5080672 6.940918 2.002075 52.22899 0.923090934753418 0.3272773325443268
Pedestrian 0.0 0 0.27039363980293274 710.8524780273438 170.3641357421875 724.2037963867188 192.5009765625 1.0952715 1.9347246 0.39696285 9.436491 1.7174718 63.462234 0.41800665855407715 0.2976003587245941
Cyclist 0.0 0 -1.6806353330612183 875.6649780273438 169.17605590820312 901.6025390625 226.60813903808594 1.2124623 1.846522 0.6684787 9.160332 1.7286289 23.866917 -1.314164400100708 0.17125819623470306
Car 0.0 0 1.9399744272232056 345.1579284667969 181.009765625 402.0400390625 211.32418823242188 4.437446 1.6660069 1.7465975 -14.080097 2.1794882 43.13085 1.6244310140609741 0.9314706921577454
Car 0.0 0 2.146533489227295 37.723907470703125 191.3446044921875 191.9339599609375 250.6428680419922 3.9658425 1.4144166 1.7104481 -13.87308 1.9902816 20.454786 1.5505670309066772 0.9180087447166443
Car 0.0 0 0.7644206285476685 941.785888671875 175.09205627441406 1139.9974365234375 252.9669189453125 3.681976 1.4854093 1.5367633 9.2064705 1.5411037 15.855705 1.290483832359314 0.45582064986228943
Car 0.0 0 2.2126426696777344 11.562602043151855 188.33262634277344 151.88421630859375 242.98414611816406 3.9549277 1.5213044 1.5800656 -16.840118 2.061998 23.1968 1.5847007036209106 0.35030248761177063
Car 0.0 0 -0.8782309293746948 0.0 177.7486572265625 68.11888122558594 225.9699249267578 3.538849 1.5580499 1.6706198 -21.312553 1.7430578 25.44378 -1.5755014419555664 0.29559481143951416
Car 0.0 0 -1.3591461181640625 748.265625 172.30577087402344 784.8916625976562 196.82029724121094 3.7964685 1.5484276 1.6025165 10.34179 1.514157 47.631943 -1.145345687866211 0.25116685032844543
