Pedestrian 0.0 0 -0.263348251581192 940.9615478515625 170.5355224609375 1065.3731689453125 349.336669921875 1.0208756 1.7636453 0.5698472 4.0027695 1.7411343 7.506591 0.2265317440032959 0.210719496011734
Pedestrian 0.0 0 3.6576828956604004 57.66393280029297 187.39096069335938 121.42010498046875 242.4361572265625 1.6161257 1.8000201 0.6723309 -17.511482 2.2972684 24.237757 3.0320234298706055 0.1773941069841385
Pedestrian 0.0 0 2.581049680709839 989.4268798828125 141.2154998779297 1123.1295166015625 308.6116638183594 1.0961031 1.81113 0.66896534 4.9549546 1.4691776 8.146033 3.1275248527526855 0.15026307106018066
Pedestrian 0.0 0 0.4854767322540283 1127.2462158203125 107.25135803222656 1242.0 342.17779541015625 0.8038177 1.8181154 0.62148476 4.92059 1.310769 6.0730486 1.1664267778396606 0.12461353093385696
Cyclist 0.0 0 3.6739718914031982 56.335044860839844 185.80633544921875 122.72282409667969 241.94996643066406 1.6928399 1.8366117 0.6873567 -17.495543 2.2792788 24.216003 3.048318386077881 0.47608762979507446
Cyclist 0.0 0 1.5656617879867554 734.156494140625 176.76956176757812 751.6600341796875 230.79397583007812 1.727529 1.7226291 0.5530987 4.374845 1.8583001 24.03328 1.745723009109497 0.28778156638145447
Car 0.0 0 1.9587714672088623 238.8794403076172 187.322265625 369.28070068359375 250.10853576660156 4.331309 1.4071043 1.6857527 -8.052602 1.8388473 19.339428 1.5642223358154297 0.9475899338722229
Car 0.0 0 1.7478272914886475 442.5546569824219 178.81048583984375 486.13226318359375 206.29554748535156 4.2414665 1.4688474 1.7445538 -8.372908 1.830499 41.6235 1.5493183135986328 0.8987790942192078
Car 0.0 0 0.2972348928451538 633.9603271484375 179.7116241455078 714.914794921875 210.98855590820312 4.1088285 1.6165783 1.6642802 3.4930122 2.00715 39.510876 0.38541197776794434 0.3592683672904968
Car 0.0 0 2.066070795059204 174.7557373046875 185.42344665527344 272.9847106933594 227.49598693847656 4.071345 1.4393159 1.6071392 -14.858952 1.9620268 27.941607 1.5773190259933472 0.14848341047763824
Car 0.0 0 0.6584683656692505 26.94650650024414 189.2255401611328 143.5360870361328 232.8834991455078 2.8549292 1.4115915 1.6104311 -18.029104 1.9941869 24.810272 0.030060529708862305 0.13349983096122742
