Pedestrian 0.0 0 0.8328150510787964 375.4983825683594 181.3484649658203 423.27557373046875 262.4508972167969 0.71718496 1.6516196 0.65864134 -4.501522 1.8371279 15.256685 0.5459034442901611 0.5173830986022949
Pedestrian 0.0 0 1.5044132471084595 637.9065551757812 167.58006286621094 654.251220703125 208.1313018798828 1.0267947 1.7205894 0.63558936 1.5101966 1.4971745 31.131119 1.5528861284255981 0.39956939220428467
Pedestrian 0.0 0 0.7893021702766418 1149.2657470703125 160.64186096191406 1242.0 344.6494445800781 0.843398 1.7167037 0.5879909 5.934524 1.6031281 7.1753926 1.4803303480148315 0.17749807238578796
Cyclist 0.0 0 1.885197639465332 370.80230712890625 179.95474243164062 424.6186828613281 267.6706848144531 1.7473863 1.7273587 0.58077717 -4.5000653 1.886298 15.230155 1.5979012250900269 0.6343364119529724
Cyclist 0.0 0 1.5258283615112305 638.1209106445312 167.5310821533203 653.949951171875 208.087890625 1.0118424 1.7226992 0.63571286 1.5095873 1.4969597 31.152441 1.5742485523223877 0.11771181225776672
Car 0.0 0 1.9841190576553345 59.94535446166992 192.90377807617188 413.7362365722656 375.0 4.611363 1.499897 1.8129368 -3.852609 1.7992998 8.440157 1.555904507637024 0.9756783246994019
Car 0.0 0 -1.918599247932434 762.6000366210938 181.50006103515625 1061.573486328125 375.0 3.4269185 1.5072901 1.5712621 2.6296737 1.6151915 7.2584343 -1.5710159540176392 0.970109224319458
Car 0.0 0 -1.7008082866668701 665.2994384765625 175.72821044921875 756.7608642578125 247.44442749023438 4.0752673 1.5543184 1.6856148 2.3198495 1.6338588 17.836851 -1.5714749097824097 0.9412482976913452
Car 0.0 0 3.371365547180176 355.3028869628906 172.0548858642578 477.9002685546875 226.1139373779297 3.8090672 1.8005236 1.6808716 -6.6506515 1.7742661 24.928192 3.1106457710266113 0.6302098035812378
Car 0.0 0 1.5910758972167969 539.9160766601562 175.80517578125 559.0241088867188 194.43870544433594 3.7601464 1.5402664 1.567101 -5.2125764 1.8028207 62.17625 1.5074360370635986 0.571044921875
Car 0.0 0 1.472208023071289 632.1167602539062 173.39283752441406 666.6586303710938 203.19577026367188 3.8291283 1.5960436 1.5648518 2.1396184 1.6282204 40.65692 1.5247856378555298 0.20100216567516327
Car 0.0 0 -1.6330887079238892 637.5833740234375 173.7208251953125 679.2820434570312 209.66236877441406 4.026138 1.5422771 1.6456593 2.1221666 1.5847883 33.070656 -1.5690058469772339 0.17986497282981873
