Pedestrian 0.0 0 1.4546475410461426 665.551513671875 159.82891845703125 731.9388427734375 316.82464599609375 0.9723911 1.7294065 0.6525617 1.0680938 1.4920411 8.399834 1.5811253786087036 0.8181169033050537
Pedestrian 0.0 0 3.035900831222534 594.7564697265625 176.57510375976562 614.218994140625 210.2257843017578 0.9696245 1.7482837 0.51701474 0.15210405 1.4932717 37.624054 3.0399434566497803 0.7812150120735168
Pedestrian 0.0 0 -1.8034121990203857 599.9830932617188 165.10084533691406 671.4727172851562 318.7660827636719 0.9065137 1.6429027 0.61395335 0.32363257 1.4689312 8.181157 -1.7638745307922363 0.7683621048927307
Pedestrian 0.0 0 -1.4513087272644043 195.93804931640625 163.69561767578125 266.2227783203125 331.71881103515625 1.0086323 1.7063785 0.5715726 -4.0766697 1.5269296 7.865063 -1.9295097589492798 0.7563244700431824
Pedestrian 0.0 0 2.7317054271698 785.1005859375 144.21807861328125 829.8823852539062 236.82830810546875 0.58022916 1.674155 0.6675878 3.7815473 1.0014626 13.3525715 3.007685899734497 0.7211816906929016
Pedestrian 0.0 0 -0.7091364860534668 739.1925659179688 168.45652770996094 772.6257934570312 238.18658447265625 0.5481719 1.5616423 0.5095744 3.4978838 1.2707431 16.439827 -0.4994938373565674 0.6500116586685181
Pedestrian 0.0 0 -1.6906076669692993 648.2988891601562 168.42532348632812 678.4581298828125 236.52122497558594 1.2677315 1.7999432 0.6700909 1.6487578 1.4555143 19.630272 -1.6068137884140015 0.6366943120956421
Pedestrian 0.0 0 2.090305805206299 724.2277221679688 170.20957946777344 753.8587036132812 232.8842010498047 0.5856884 1.6032016 0.5417971 3.5648751 1.3155732 18.770842 2.2779862880706787 0.5978381037712097
Pedestrian 0.0 0 1.8080828189849854 183.40354919433594 151.98153686523438 237.23724365234375 240.05709838867188 1.1235607 1.8507681 0.79649776 -8.582903 1.2317175 15.737813 1.308802604675293 0.518609344959259
Pedestrian 0.0 0 -1.6851937770843506 713.5540161132812 164.78736877441406 730.2753295898438 208.14442443847656 0.8969135 1.7301669 0.568079 4.862561 1.0642506 29.124971 -1.5197645425796509 0.46317368745803833
Pedestrian 0.0 0 -1.3381396532058716 736.0247802734375 164.8769989013672 756.5248413085938 208.7866973876953 0.66090727 1.6336881 0.6249684 5.4579115 1.0162547 27.154282 -1.1397862434387207 0.3922465443611145
Pedestrian 0.0 0 -2.0511810779571533 755.5840454101562 158.6039581298828 783.0616455078125 205.9125213623047 1.046628 1.8779252 0.67517054 6.776974 0.9700662 29.102758 -1.822394609451294 0.36516663432121277
Pedestrian 0.0 0 -3.025728464126587 566.8482666015625 175.22067260742188 575.4560546875 196.06378173828125 0.6378988 1.7025651 0.63627076 -2.4600933 1.1901315 59.015312 -3.067389965057373 0.33950886130332947
Pedestrian 0.0 0 -0.021819770336151123 522.4576416015625 174.18972778320312 536.7615966796875 201.3252410888672 0.93810445 1.799625 0.5532927 -4.7886763 1.3154881 47.96868 -0.12131933867931366 0.3234789967536926
Pedestrian 0.0 0 1.0033562183380127 718.6798706054688 162.41217041015625 745.982421875 224.63182067871094 0.5214733 1.6655259 0.53468484 3.5323973 1.1557367 19.568762 1.1819450855255127 0.31633806228637695
Cyclist 0.0 0 1.7125061750411987 413.1171875 168.95535278320312 460.46435546875 270.9984436035156 1.8586963 1.7114998 0.5824439 -2.9888554 1.5023816 12.996111 1.486456036567688 0.9541454315185547
Cyclist 0.0 0 1.9014592170715332 330.81097412109375 178.56344604492188 427.45794677734375 342.7080993652344 1.649535 1.6837842 0.54967386 -2.5310597 1.6550256 8.198962 1.6020355224609375 0.8850851058959961
Cyclist 0.0 0 -2.1502532958984375 709.054931640625 163.19056701660156 735.9351196289062 207.48280334472656 1.1549053 1.7574552 0.52701735 4.885197 1.0319675 29.1346 -1.9841220378875732 0.18807776272296906
Car 0.0 0 1.6920750141143799 480.55535888671875 169.94497680664062 524.422119140625 207.45779418945312 4.7401705 2.022095 1.9264675 -5.589035 1.4000633 41.101818 1.556923747062683 0.8787621259689331
