Pedestrian 0.0 0 -1.4764143228530884 336.5306396484375 171.2858123779297 357.6706848144531 222.60455322265625 0.8592249 1.8668913 0.6598222 -9.781937 1.8102014 26.744816 -1.8270515203475952 0.36187952756881714
Pedestrian 0.0 0 -1.654476523399353 765.4666748046875 167.29408264160156 782.1088256835938 207.30877685546875 0.6553467 1.8332938 0.69843006 7.54489 1.5789211 33.427563 -1.4324877262115479 0.31283697485923767
Pedestrian 0.0 0 0.5368723273277283 148.5115966796875 147.18475341796875 205.8293914794922 228.09144592285156 0.9576198 1.8504093 0.63230664 -10.127246 1.2636886 16.81808 -0.005136966705322266 0.22605197131633759
Pedestrian 0.0 0 1.8667793273925781 291.0393371582031 150.93247985839844 332.83721923828125 222.63221740722656 1.0418943 1.8948715 0.7826012 -8.138754 1.3158906 19.622425 1.473607063293457 0.18617305159568787
Pedestrian 0.0 0 -1.9044921398162842 397.32373046875 151.24398803710938 420.15802001953125 201.6358184814453 0.61415905 1.8652933 0.66234237 -7.617082 1.0657394 27.14669 -2.1780476570129395 0.17073486745357513
Pedestrian 0.0 0 1.7181124687194824 826.35888671875 171.5963592529297 847.3890991210938 224.53126525878906 0.4738079 1.590298 0.54918385 6.8754606 1.5528734 22.006836 2.020927906036377 0.16378220915794373
Pedestrian 0.0 0 -0.009310603141784668 1101.1318359375 98.97241973876953 1194.9217529296875 263.3099365234375 0.8740678 1.8524688 0.5774578 6.353475 1.0200082 8.620683 0.6258208751678467 0.14862793684005737
Pedestrian 0.0 0 2.641997814178467 738.3509521484375 150.64666748046875 786.9921875 222.55386352539062 1.0151092 1.73688 0.5985142 3.7257807 1.2008317 17.85908 2.8476688861846924 0.13310639560222626
Pedestrian 0.0 0 1.5340697765350342 284.0015869140625 173.1454620361328 305.46075439453125 225.50804138183594 0.74019104 1.6399901 0.600354 -10.127895 1.6498533 23.064768 1.1203114986419678 0.11627594381570816
Pedestrian 0.0 0 -2.275529384613037 1137.5936279296875 152.24765014648438 1242.0 367.7858581542969 0.89087224 1.8074144 0.6743964 5.363618 1.634976 6.4981117 -1.5854843854904175 0.10827260464429855
Cyclist 0.0 0 2.109320878982544 367.4553527832031 161.58750915527344 393.325927734375 195.96104431152344 1.7500861 1.8490069 0.53732383 -12.663078 1.2433227 39.723164 1.8007221221923828 0.1472061276435852
Cyclist 0.0 0 -1.0605151653289795 1131.971435546875 136.1302947998047 1242.0 347.4178771972656 1.62272 1.7719654 0.628947 5.6180825 1.4643396 6.626828 -0.3573121726512909 0.12641344964504242
Cyclist 0.0 0 -2.479339122772217 145.43418884277344 147.1609344482422 208.077880859375 229.13150024414062 1.0699029 1.8647403 0.66237736 -10.1297245 1.2806095 16.804178 -3.021821975708008 0.12145587056875229
Cyclist 0.0 0 -1.6365609169006348 698.853271484375 184.37930297851562 726.8849487304688 255.9627227783203 1.6482565 1.6806589 0.5806746 2.508876 1.982877 18.052145 -1.49846613407135 0.10541526973247528
Car 0.0 0 -1.465678334236145 560.7509765625 179.53109741210938 591.6598510742188 203.3226776123047 3.9353714 1.4446297 1.6066227 -2.1892009 1.8980944 46.94942 -1.5122735500335693 0.48555633425712585
Car 0.0 0 1.8533192873001099 619.5611572265625 177.88430786132812 650.1483764648438 196.2096405029297 3.8769314 1.4650273 1.5632337 2.109537 1.9045963 60.911427 1.8879382610321045 0.1116621121764183
