Pedestrian 0.0 0 -1.8537200689315796 751.3374633789062 163.53945922851562 769.7591552734375 197.1870574951172 1.0340424 1.7268995 0.6758135 7.796524 1.2492063 37.57068 -1.6491079330444336 0.20855650305747986
Pedestrian 0.0 0 -1.2493388652801514 314.3478698730469 179.37216186523438 332.73895263671875 213.4925994873047 0.68013734 1.7820553 0.72765607 -15.190802 2.1305993 38.179977 -1.6280107498168945 0.20840325951576233
Pedestrian 0.0 0 -0.20561173558235168 952.4868774414062 140.04725646972656 981.0950927734375 191.9573516845703 0.8103172 1.8359973 0.6216049 12.766075 0.67602056 25.919197 0.2520449161529541 0.19021235406398773
Cyclist 0.0 0 -0.10884198546409607 330.53485107421875 176.01004028320312 364.41607666015625 207.5886688232422 1.7901586 1.7940755 0.59109175 -15.234692 1.9800997 41.783283 -0.4584745168685913 0.7838975191116333
Car 0.0 0 -1.5309828519821167 587.6805419921875 172.4363250732422 619.15380859375 200.489501953125 3.9085913 1.4907458 1.6061074 -0.36101907 1.4689085 40.317898 -1.539936900138855 0.7891430258750916
Car 0.0 0 -0.9240692257881165 0.0 176.46815490722656 231.6504364013672 328.0348205566406 4.252607 1.4781629 1.6783317 -6.882183 1.5356455 9.268794 -1.5627602338790894 0.33253130316734314
Car 0.0 0 1.8751617670059204 323.54193115234375 163.8411865234375 425.63360595703125 221.9977264404297 4.2875967 1.5681062 1.6854533 -6.9433975 1.3254468 21.601803 1.5641651153564453 0.2104327380657196
Car 0.0 0 -1.1887179613113403 326.5631103515625 181.04042053222656 365.7193603515625 207.5412139892578 2.256554 1.4891945 1.424108 -15.511727 1.9837408 42.40419 -1.539404273033142 0.17994309961795807
Car 0.0 0 0.8630428314208984 226.9220733642578 186.3753662109375 278.3873596191406 203.98912048339844 4.441773 1.4814936 1.6513081 -32.127617 2.727143 64.819176 0.402881383895874 0.1797604262828827
Car 0.0 0 -0.003885924816131592 1172.3975830078125 140.8362579345703 1242.0 175.53277587890625 3.859527 1.7995617 1.7086365 33.09078 0.13929471 39.31306 0.695784330368042 0.15112321078777313
Car 0.0 0 -0.9549469947814941 902.0921020507812 155.71156311035156 955.7841796875 178.8474884033203 4.728859 1.8917352 1.7368395 26.938862 0.49042186 60.953167 -0.5387992262840271 0.151072695851326
Car 0.0 0 -2.127821445465088 1147.1827392578125 149.53436279296875 1242.0 195.0251007080078 4.376431 2.1688912 1.8206533 29.611622 1.0574241 36.681297 -1.4486647844314575 0.14524979889392853
Car 0.0 0 1.7989343404769897 394.694091796875 166.13894653320312 462.5761413574219 207.51390075683594 4.3706 1.5307755 1.68651 -7.2014966 1.2826927 28.891075 1.554648756980896 0.14221154153347015
Car 0.0 0 -1.36283278465271 305.4828186035156 178.6656951904297 346.9886474609375 207.43441772460938 3.0464783 1.4867549 1.5236714 -15.552839 1.8189914 39.572395 -1.7373095750808716 0.13781479001045227
