Pedestrian 0.0 0 3.2686610221862793 440.72216796875 162.5836181640625 479.0023498535156 239.0399169921875 0.8404663 1.8423386 0.73367155 -3.6060743 1.412215 17.430573 3.064656972885132 0.5674633979797363
Pedestrian 0.0 0 1.2711714506149292 410.4953308105469 168.50071716308594 433.09637451171875 215.04751586914062 0.60082597 1.881779 0.75438684 -7.5477824 1.3981688 29.033298 1.016831636428833 0.49764952063560486
Pedestrian 0.0 0 0.11817312240600586 431.42779541015625 179.44586181640625 441.2503356933594 206.37840270996094 0.5369405 1.72216 0.71176696 -10.875048 1.6560929 45.590748 -0.11598740518093109 0.31256967782974243
Pedestrian 0.0 0 2.0721869468688965 621.1909790039062 152.06175231933594 648.5426635742188 204.3260955810547 1.0958678 1.9435717 0.5870686 1.1175364 0.88754314 26.909098 2.1136932373046875 0.13524393737316132
Pedestrian 0.0 0 1.1302331686019897 781.5770263671875 130.42401123046875 873.3331909179688 269.4200134277344 1.7570124 1.8117399 0.5415331 3.0841997 1.1606998 10.119408 1.4260700941085815 0.13327108323574066
Cyclist 0.0 0 1.1302331686019897 781.5770263671875 130.42401123046875 873.3331909179688 269.4200134277344 1.7570124 1.8117399 0.5415331 3.0841997 1.1606998 10.119408 1.4260700941085815 0.259544312953949
Cyclist 0.0 0 0.9222594499588013 972.806396484375 152.01625061035156 1176.5435791015625 370.0 1.4878695 1.7657534 0.5799079 3.656855 1.5670222 5.735585 1.4898490905761719 0.13334651291370392
Car 0.0 0 -1.6361711025238037 544.2566528320312 171.54681396484375 579.7159423828125 202.76026916503906 4.2285366 1.6411219 1.6872858 -2.454849 1.1717994 39.374275 -1.698436975479126 0.5206668376922607
Car 0.0 0 -1.652698040008545 549.7813720703125 164.86245727539062 590.186279296875 204.14573669433594 3.9711988 1.7902545 1.6256411 -1.7676483 1.0790652 34.293404 -1.7041972875595093 0.47841233015060425
Car 0.0 0 -1.4091846942901611 414.203369140625 172.330078125 451.19342041015625 199.2095947265625 3.731542 1.5515437 1.593932 -10.36849 1.0813373 42.72864 -1.6472423076629639 0.1845281720161438
Car 0.0 0 -1.4554836750030518 412.5135498046875 177.48544311523438 444.3639221191406 202.83152770996094 3.9384663 1.6171138 1.6208378 -11.731312 1.42612 47.162502 -1.6992783546447754 0.13066910207271576
