Pedestrian 0.0 0 -1.68196439743042 298.1479187011719 146.15455627441406 314.6199645996094 186.1454620361328 0.6889521 1.9217511 0.6662664 -14.825102 0.63907534 35.133854 -2.0812578201293945 0.11850882321596146
Car 0.0 0 -1.6293798685073853 577.4169311523438 165.04673767089844 608.1801147460938 191.2931365966797 3.6460114 1.452921 1.5636936 -1.0687244 1.0210925 41.82166 -1.6549286842346191 0.4707134962081909
Car 0.0 0 -1.5964857339859009 542.4080810546875 164.77915954589844 568.0401000976562 188.26510620117188 4.090798 1.576805 1.6790984 -3.9021297 1.0350319 50.56071 -1.673510193824768 0.21733662486076355
Car 0.0 0 -3.0173239707946777 1147.2777099609375 171.856201171875 1242.0 206.01121520996094 3.9090335 1.5880423 1.6267258 28.986673 1.5420073 35.520714 -2.3328728675842285 0.20410214364528656
Car 0.0 0 -0.9782764315605164 104.30847930908203 158.9850616455078 243.96603393554688 210.49794006347656 4.2337904 1.4730701 1.6893046 -13.614224 1.0768299 22.78988 -1.5167673826217651 0.1898242086172104
Car 0.0 0 -1.7006276845932007 633.9772338867188 174.88006591796875 658.6461181640625 192.3490753173828 3.9500246 1.4362266 1.6076825 3.0568082 1.6159004 61.823765 -1.6512240171432495 0.1316642165184021
Car 0.0 0 2.123969316482544 157.7965087890625 169.54270935058594 223.96392822265625 199.20623779296875 3.8158896 1.7743267 1.8461151 -26.138474 1.576619 45.08897 1.5986034870147705 0.11843320727348328
Car 0.0 0 -1.1132720708847046 209.49879455566406 181.32005310058594 301.28448486328125 222.21499633789062 4.082366 1.41601 1.5312424 -13.611872 1.7673945 27.870655 -1.5675921440124512 0.11369231343269348
Car 0.0 0 -2.523414134979248 709.1434326171875 163.1476287841797 759.4832763671875 183.82176208496094 4.179183 1.7771 1.7261423 10.994659 0.94311976 64.109085 -2.353567123413086 0.11078308522701263
Car 0.0 0 -1.8371293544769287 715.6654052734375 171.7727813720703 750.5756225585938 192.64263916015625 3.7958922 1.5032905 1.624664 9.133847 1.4257658 53.93951 -1.669385552406311 0.1078111082315445
Car 0.0 0 -1.9003573656082153 599.3623657226562 179.36294555664062 638.0191650390625 202.16188049316406 3.68891 1.4879384 1.5759124 0.5355348 1.9594431 50.226936 -1.8896955251693726 0.1038077175617218
Car 0.0 0 -1.9193485975265503 1092.4425048828125 150.47264099121094 1141.0316162109375 174.7311248779297 4.1804075 1.7911898 1.7295789 38.890114 0.13895947 55.516964 -1.3082813024520874 0.10221225768327713
