Pedestrian 0.0 0 2.472036123275757 1019.0484619140625 162.87142944335938 1074.1002197265625 252.86512756347656 0.67304957 1.7093923 0.6276653 8.4454775 1.5201355 14.056942 3.013047218322754 0.3971746265888214
Pedestrian 0.0 0 1.5669116973876953 1155.7713623046875 115.13866424560547 1228.506103515625 244.18316650390625 0.7061411 1.8072292 0.812379 8.509782 0.9993011 10.631266 2.2419261932373047 0.258531391620636
Pedestrian 0.0 0 1.5930373668670654 387.9303283691406 151.84471130371094 401.27069091796875 191.84413146972656 0.45802113 1.9748864 0.6272489 -10.760763 0.9379554 35.925724 1.3020135164260864 0.24564583599567413
Car 0.0 0 -1.7783112525939941 703.5598754882812 182.49453735351562 836.212158203125 279.91448974609375 3.6344717 1.5039381 1.6247584 2.7333624 1.7066104 13.317945 -1.5758832693099976 0.9796479940414429
Car 0.0 0 -1.4367121458053589 446.216552734375 181.24725341796875 515.731689453125 234.77255249023438 4.034758 1.5165646 1.6639096 -4.084197 1.809893 23.13332 -1.6114617586135864 0.9401620626449585
Car 0.0 0 -1.740919828414917 670.9100341796875 177.6651611328125 748.0764770507812 240.5167999267578 3.244455 1.5395073 1.525437 2.5666213 1.6814181 19.574877 -1.6105453968048096 0.9300469756126404
Car 0.0 0 -1.7245038747787476 641.7066040039062 182.61749267578125 707.072265625 231.74777221679688 3.9275339 1.468093 1.5953746 2.044154 1.8255622 24.373539 -1.6408319473266602 0.9043718576431274
Car 0.0 0 -1.6702443361282349 619.1659545898438 178.9064483642578 655.041259765625 207.98411560058594 3.359923 1.4023834 1.5156734 1.3213695 1.7296066 37.23927 -1.634775996208191 0.8594681024551392
Car 0.0 0 -1.6520038843154907 595.8948364257812 175.24403381347656 618.2921142578125 194.63999938964844 3.7087874 1.6151795 1.6388696 -0.30094138 1.8288368 62.473225 -1.6568210124969482 0.43579819798469543
Car 0.0 0 2.4182276725769043 0.0 198.5429229736328 159.4006805419922 375.0 4.1275296 1.5039637 1.6257613 -5.544242 1.7684652 5.320706 1.6122584342956543 0.3588157892227173
