Pedestrian 0.0 0 -3.199744701385498 804.0075073242188 165.0261688232422 847.9492797851562 234.16078186035156 1.0852145 1.7979172 0.5623219 5.6754446 1.5947046 19.158974 -2.9117510318756104 0.6747541427612305
Pedestrian 0.0 0 -1.1353399753570557 750.5523681640625 165.78363037109375 777.3469848632812 221.44415283203125 0.57614416 1.6648611 0.61367863 4.6476846 1.4537373 21.993729 -0.9270852208137512 0.37572455406188965
Pedestrian 0.0 0 -1.914583683013916 722.7264404296875 158.82135009765625 737.59033203125 189.4973602294922 0.60969996 1.8403927 0.723328 7.233946 0.99886763 43.650135 -1.7503507137298584 0.3533267676830292
Car 0.0 0 -1.7726465463638306 572.5335693359375 180.58804321289062 669.8666381835938 251.2229766845703 3.639531 1.4832311 1.635526 0.11312313 1.6922287 17.518099 -1.7661890983581543 0.9781633019447327
Car 0.0 0 -1.4735288619995117 353.4799499511719 181.16326904296875 413.82080078125 231.5301513671875 4.184659 1.6230798 1.6884613 -8.171522 1.9507825 26.201918 -1.7758373022079468 0.8736260533332825
Car 0.0 0 -1.6104779243469238 509.4298400878906 179.1182403564453 539.6373901367188 206.76812744140625 3.4521134 1.468597 1.5605406 -4.9219975 1.8406048 40.977234 -1.7300206422805786 0.8453313112258911
Car 0.0 0 -1.7156031131744385 528.044677734375 180.49371337890625 582.4232788085938 222.5853271484375 3.8431332 1.4877268 1.5727284 -2.2541842 1.809359 28.291876 -1.7951111793518066 0.8377757668495178
Car 0.0 0 -1.7543209791183472 547.0969848632812 178.3844451904297 616.4967651367188 235.04881286621094 3.7557573 1.685998 1.616516 -1.0576154 1.8847618 23.87059 -1.798598289489746 0.7900812029838562
Car 0.0 0 1.8278735876083374 0.0 139.3137664794922 330.3223571777344 375.0 4.3238206 1.7864985 1.6936098 -4.0945673 1.5508648 7.3781304 1.3212302923202515 0.5356011390686035
Car 0.0 0 -1.577390193939209 487.6331787109375 177.2686309814453 506.1864318847656 195.50657653808594 3.4649017 1.5884721 1.6226171 -10.309592 2.0013092 65.57317 -1.733336329460144 0.49227163195610046
