Pedestrian 0.0 0 1.3595253229141235 516.0203857421875 174.56280517578125 532.4403076171875 206.9944610595703 1.7287964 1.8157626 0.5836304 -4.964679 1.9163405 41.402702 1.2401832342147827 0.10037049651145935
Cyclist 0.0 0 1.386046290397644 516.5009155273438 173.4151153564453 533.3807373046875 205.92691040039062 1.8077362 1.8206918 0.6379189 -4.9237556 1.8539888 41.39501 1.267656922340393 0.4957621991634369
Car 0.0 0 -1.7555320262908936 689.5698852539062 163.00169372558594 803.6622314453125 250.2415313720703 4.290919 1.7105026 1.7208433 2.8677497 1.5176874 16.298807 -1.5813663005828857 0.9161441326141357
Car 0.0 0 -1.776665210723877 634.3524169921875 174.59129333496094 686.738525390625 213.9027099609375 3.457368 1.5571507 1.5268841 2.041253 1.6354654 30.55638 -1.7099615335464478 0.8815892934799194
Car 0.0 0 -1.6118087768554688 459.2952575683594 179.71240234375 497.26385498046875 214.14627075195312 3.5318213 1.4466845 1.5527787 -6.0980606 1.7783699 32.96032 -1.7947523593902588 0.8728653788566589
Car 0.0 0 -1.7536907196044922 573.3186645507812 178.4695587158203 605.939697265625 201.28611755371094 3.6063573 1.4675772 1.5919079 -1.4573915 1.8665752 49.287804 -1.783251166343689 0.8563602566719055
Car 0.0 0 1.444000244140625 676.0439453125 177.32090759277344 744.5220336914062 231.14590454101562 3.7657385 1.4305164 1.521056 2.8346617 1.574891 21.373528 1.5758556127548218 0.7425788640975952
Car 0.0 0 -1.7962476015090942 608.8377685546875 174.6569061279297 650.85546875 204.58726501464844 3.2090993 1.4633026 1.4780073 0.9446591 1.5609155 37.199966 -1.7708590030670166 0.7026519775390625
Car 0.0 0 -2.597817897796631 0.0 0.0 1242.0 375.0 3.8257258 1.5031704 1.6189512 2.9905596 1.3782762 1.6011255 -1.5185811519622803 0.554169237613678
Car 0.0 0 -1.8059911727905273 549.21240234375 178.1634521484375 577.5946044921875 197.5906982421875 3.5383465 1.5189071 1.5443858 -3.8870535 1.9703326 59.377384 -1.8713613748550415 0.3557833135128021
