Pedestrian 0.0 0 -1.92691969871521 746.10302734375 170.347900390625 829.9579467773438 327.5265197753906 0.9630357 1.7457985 0.65857947 2.1330214 1.6232849 8.490759 -1.6807961463928223 0.9102698564529419
Pedestrian 0.0 0 -1.4765517711639404 689.6752319335938 183.58477783203125 730.44189453125 279.25518798828125 0.8599314 1.597357 0.6266468 1.8594878 1.6363548 12.50487 -1.3289324045181274 0.8539110422134399
Pedestrian 0.0 0 2.088573694229126 316.89215087890625 179.34054565429688 405.46893310546875 325.0006103515625 0.98100054 1.8370858 0.73721504 -3.2352307 1.8111858 9.609227 1.7638144493103027 0.8126111030578613
Pedestrian 0.0 0 0.8940209150314331 695.0091552734375 175.47201538085938 766.6436767578125 292.32720947265625 0.8345542 1.7133467 0.7215389 1.9411374 1.6262741 11.069234 1.0676190853118896 0.7735369801521301
Pedestrian 0.0 0 0.3636470437049866 784.421875 164.4109649658203 831.7459716796875 245.5315704345703 0.94337267 1.8195705 0.47313082 4.732282 1.437472 16.581778 0.6416473388671875 0.7427751421928406
Pedestrian 0.0 0 1.681312084197998 243.74984741210938 183.81700134277344 301.53167724609375 316.82403564453125 0.78065974 1.744341 0.6454846 -4.562007 1.7791398 9.9066925 1.249762773513794 0.7406899929046631
Pedestrian 0.0 0 -1.5358635187149048 638.8517456054688 177.64356994628906 669.8361206054688 246.98207092285156 0.9747219 1.7099535 0.75353724 1.3198147 1.6160392 18.23708 -1.463619589805603 0.6393882036209106
Pedestrian 0.0 0 1.4582798480987549 911.9573974609375 172.1859588623047 976.6624145507812 322.5301208496094 0.76254207 1.7381724 0.6254984 4.1165504 1.6318384 8.7637205 1.897416591644287 0.6113476753234863
Pedestrian 0.0 0 -1.3522332906723022 772.8955078125 172.42898559570312 820.7605590820312 270.026611328125 0.6892993 1.7776483 0.74172866 3.6531436 1.6136955 13.558433 -1.0890462398529053 0.5928614139556885
Pedestrian 0.0 0 0.280531644821167 667.5986938476562 179.56324768066406 689.4070434570312 223.18800354003906 0.69090414 1.6616613 0.63409376 2.9641538 1.5889152 27.782608 0.38682055473327637 0.5281888842582703
Pedestrian 0.0 0 1.4901511669158936 972.2850341796875 168.42271423339844 1040.1712646484375 323.52777099609375 0.6555831 1.7077291 0.630988 4.630646 1.5651014 8.33529 1.9972432851791382 0.47232291102409363
Pedestrian 0.0 0 -2.56596040725708 141.34962463378906 148.55062866210938 192.2484588623047 215.47125244140625 1.0766896 1.8504636 0.58866006 -12.226947 0.94051254 20.171228 -3.1108953952789307 0.4416642189025879
Pedestrian 0.0 0 -1.046520709991455 735.6968383789062 176.75022888183594 777.7002563476562 257.9267883300781 0.6282186 1.732294 0.67973864 3.376296 1.6321639 15.787459 -0.8358349800109863 0.4230770766735077
Pedestrian 0.0 0 1.4732426404953003 730.5438232421875 185.32669067382812 767.1665649414062 281.68048095703125 0.747152 1.5720968 0.53261185 2.4413066 1.6402225 12.147674 1.67156982421875 0.31442782282829285
Pedestrian 0.0 0 0.8177739381790161 688.786376953125 177.90554809570312 713.302734375 219.84825134277344 0.6373018 1.6051497 0.6975871 3.8560038 1.4686123 27.949703 0.9548707008361816 0.31266075372695923
Cyclist 0.0 0 -1.3531075716018677 154.28927612304688 189.53646850585938 189.0467987060547 262.2150573730469 1.6332601 1.6269703 0.36904207 -10.243853 1.8287556 17.094894 -1.8929641246795654 0.34642457962036133
Cyclist 0.0 0 -1.554498553276062 640.54296875 176.13966369628906 668.0264282226562 249.13316345214844 1.0485141 1.7926483 0.6742689 1.3117405 1.6621939 18.190926 -1.4825135469436646 0.13637176156044006
Cyclist 0.0 0 -2.56596040725708 141.34962463378906 148.55062866210938 192.2484588623047 215.47125244140625 1.0766896 1.8504636 0.58866006 -12.226947 0.94051254 20.171228 -3.1108953952789307 0.12016236782073975
Cyclist 0.0 0 1.3469066619873047 964.8805541992188 163.6328582763672 1040.88427734375 319.6900634765625 0.72568727 1.7270956 0.6242013 4.615299 1.5307133 8.382093 1.8502211570739746 0.1025886982679367
Car 0.0 0 1.703453779220581 547.247314453125 186.22337341308594 597.0772094726562 225.7562255859375 3.9422834 1.5651144 1.6385739 -1.2110821 1.7830539 30.96149 1.6643579006195068 0.9595093131065369
