Pedestrian 0.0 0 0.34364768862724304 344.1452331542969 156.69407653808594 438.81121826171875 301.2929992675781 0.988301 1.7490084 0.6234834 -2.7133727 1.4627422 8.881883 0.04715704917907715 0.7888718843460083
Pedestrian 0.0 0 -0.7529104948043823 1028.8909912109375 163.4716796875 1089.642822265625 270.0447692871094 0.60703015 1.7187195 0.593615 7.4940047 1.445755 11.7452755 -0.18498605489730835 0.18271082639694214
Pedestrian 0.0 0 1.8820796012878418 837.8540649414062 172.74478149414062 871.8616333007812 243.6676025390625 0.69487965 1.7398647 0.6259856 6.2589135 1.5512131 17.806196 2.2200918197631836 0.1577168107032776
Pedestrian 0.0 0 0.2295655459165573 629.6925659179688 176.39547729492188 687.6866455078125 272.6445007324219 0.9600424 1.7059665 0.5465815 0.9434685 1.6348592 12.930965 0.3023984432220459 0.13574957847595215
Pedestrian 0.0 0 -2.4529824256896973 1131.0797119140625 138.00489807128906 1195.65673828125 248.52134704589844 0.5762849 1.7541295 0.60441357 9.0806675 1.0812979 11.563717 -1.7872865200042725 0.12772996723651886
Pedestrian 0.0 0 -2.5081915855407715 820.8931274414062 131.7352294921875 877.7138061523438 237.10488891601562 0.7475316 1.8133318 0.60476005 4.3205447 0.9757737 12.642316 -2.1788828372955322 0.11896131932735443
Pedestrian 0.0 0 0.19474145770072937 671.8406372070312 172.44921875 729.26171875 261.6153564453125 1.0830429 1.7801251 0.5699428 1.9299085 1.6210266 14.55428 0.32657313346862793 0.11058741062879562
Cyclist 0.0 0 -1.9250612258911133 760.3992309570312 132.3336639404297 808.4833374023438 241.38648986816406 1.179489 1.8343859 0.43625203 3.1099215 1.0258255 12.498535 -1.6811907291412354 0.13560238480567932
Cyclist 0.0 0 -1.7512770891189575 859.4215698242188 136.30836486816406 901.47216796875 248.12925720214844 1.6650563 1.7696599 0.36453345 4.6208963 1.0719458 12.036548 -1.3847218751907349 0.13050177693367004
Car 0.0 0 -1.1990587711334229 485.9721374511719 144.6125946044922 577.1279907226562 200.06597900390625 3.5075295 1.5123492 1.543248 -2.1375053 0.53519166 21.174341 -1.2996658086776733 0.1081075370311737
