Car 0.0 0 -1.846207618713379 713.5033569335938 175.8622283935547 869.4874877929688 284.63543701171875 3.3508284 1.4760628 1.5232526 2.68704 1.5318935 11.592951 -1.618447184562683 0.9684979319572449
Car 0.0 0 -1.6650243997573853 662.0390625 178.7465362548828 716.8190307617188 222.544189453125 3.4976282 1.4060388 1.57778 2.6843853 1.6281322 25.39118 -1.559694528579712 0.9602281451225281
Car 0.0 0 -0.17051517963409424 709.1102905273438 171.42991638183594 813.9261474609375 212.0343780517578 4.0994616 1.664605 1.7272431 6.298239 1.6065816 30.508057 0.03306984901428223 0.9391144514083862
Car 0.0 0 0.5930468440055847 0.0 177.27511596679688 353.5812072753906 301.3025207519531 4.3078837 1.5969597 1.7380962 -6.1936307 1.6667157 10.340479 0.05338549613952637 0.9291362166404724
Car 0.0 0 3.4916231632232666 182.99818420410156 149.54391479492188 385.6106872558594 230.8746337890625 3.5770798 1.6236612 1.6627644 -6.849118 1.1586636 15.355429 3.072068214416504 0.8684915900230408
Car 0.0 0 0.2833777070045471 314.73614501953125 180.65597534179688 472.2265319824219 233.74266052246094 4.052232 1.4462909 1.5441431 -6.1652265 1.6786813 20.670761 -0.006480410695075989 0.8657111525535583
Car 0.0 0 0.5410201549530029 133.18431091308594 180.85560607910156 394.9771728515625 278.25396728515625 3.966194 1.5895823 1.6275285 -6.145651 1.7446092 12.941143 0.09765958786010742 0.8595804572105408
Car 0.0 0 -2.334259510040283 928.3374633789062 221.51968383789062 1242.0 375.0 3.8420787 1.4545562 1.6145977 2.7212358 1.7659498 2.6622484 -1.5379047393798828 0.8068745136260986
Car 0.0 0 3.791682720184326 0.0 171.5364227294922 207.42726135253906 375.0 3.848369 1.4543067 1.5749439 -5.511402 1.4465001 5.5086775 3.0060372352600098 0.7474631667137146
Car 0.0 0 3.3875679969787598 359.0732421875 172.67135620117188 493.4338073730469 226.3074951171875 3.8492107 1.6409624 1.6382458 -5.800467 1.6357328 22.895485 3.1394431591033936 0.6636831164360046
