Car 0.0 0 -0.3334563076496124 710.292724609375 182.59901428222656 882.4069213867188 248.71119689941406 3.5449424 1.4227245 1.570037 4.199228 1.6618398 16.738085 -0.08765087276697159 0.9707813262939453
Car 0.0 0 -0.7233464121818542 878.5745849609375 176.311767578125 1242.0 375.0 3.9759948 1.5182958 1.6728505 4.466245 1.5520313 5.9679017 -0.08088428527116776 0.954287588596344
Car 0.0 0 3.744617462158203 0.0 185.40484619140625 226.85336303710938 310.4791564941406 4.1222143 1.4982456 1.6070814 -7.744159 1.6849399 9.769363 3.0743446350097656 0.9342687129974365
Car 0.0 0 3.465280532836914 187.8077850341797 179.6787872314453 377.7689514160156 242.56671142578125 3.9377122 1.4366429 1.5937511 -7.9385633 1.613593 17.680801 3.0432639122009277 0.930546760559082
Car 0.0 0 3.316589593887329 251.30992126464844 172.43064880371094 387.11077880859375 226.51145935058594 3.7198014 1.6065875 1.6261057 -9.047785 1.594369 22.607874 2.935906410217285 0.820124089717865
Car 0.0 0 0.6021812558174133 15.5333833694458 178.010498046875 299.7350158691406 273.60479736328125 3.987018 1.5310811 1.6002676 -7.778834 1.6274804 12.543104 0.04706406593322754 0.7394872903823853
Car 0.0 0 0.7782845497131348 0.0 187.464111328125 100.95993041992188 363.3744201660156 4.0130033 1.5193188 1.6608313 -7.817274 1.6859236 7.2941866 -0.04171507805585861 0.6750540733337402
Car 0.0 0 -1.8993862867355347 454.2036437988281 178.8116912841797 489.2341003417969 199.10342407226562 3.5764234 1.4658645 1.55709 -10.633609 1.9380229 55.198257 -2.0896987915039062 0.6132137775421143
Car 0.0 0 -0.26477178931236267 684.782958984375 185.0336456298828 845.7323608398438 243.9098358154297 3.8780668 1.454162 1.618461 3.9897249 1.7929194 19.122154 -0.05907856673002243 0.5902008414268494
Car 0.0 0 3.3104774951934814 219.9871826171875 174.8516387939453 375.40399169921875 230.77618408203125 3.7849636 1.4660207 1.5367416 -8.658064 1.5255703 20.186878 2.9053118228912354 0.5316200256347656
