Pedestrian 0.0 0 1.4326436519622803 0.0 205.46560668945312 20.820249557495117 264.3844909667969 0.79552954 1.6054444 0.59912443 -17.402796 2.5630572 20.687891 0.7332766056060791 0.2784687578678131
Pedestrian 0.0 0 3.284045696258545 369.5804748535156 175.33380126953125 379.39013671875 199.01295471191406 0.6000284 1.7330129 0.67070436 -17.412245 1.9177626 53.26678 2.9681074619293213 0.14445199072360992
Pedestrian 0.0 0 2.6041059494018555 981.7778930664062 194.8775177001953 1105.7982177734375 350.65771484375 1.18483 1.8857309 0.6448281 5.419052 2.1752589 9.14711 3.1389429569244385 0.13329549133777618
Pedestrian 0.0 0 2.2520699501037598 1104.0516357421875 171.71498107910156 1242.0 369.4578857421875 1.0355972 1.7646266 0.60418636 5.328971 1.7548201 6.8475423 2.913395643234253 0.13033315539360046
Pedestrian 0.0 0 0.9099485874176025 865.964111328125 206.2577667236328 926.9462280273438 276.09625244140625 1.7347679 1.6710043 0.5400982 7.4793587 2.5949352 19.038534 1.284279227256775 0.1272280365228653
Cyclist 0.0 0 0.9210283756256104 865.6339111328125 204.83518981933594 926.8075561523438 274.5145568847656 1.7450926 1.6700839 0.5535434 7.475662 2.555304 19.045969 1.295058012008667 0.1843080073595047
Cyclist 0.0 0 -2.323255777359009 899.1295776367188 192.3499298095703 952.526123046875 256.396728515625 1.5332009 1.6298194 0.38266852 8.518488 2.1817229 19.62346 -1.9137049913406372 0.13228414952754974
Car 0.0 0 1.7597886323928833 470.8161315917969 180.56643676757812 507.8728942871094 205.22315979003906 4.177589 1.5092064 1.656152 -7.9358196 2.040789 47.588203 1.5945489406585693 0.8271129131317139
Car 0.0 0 2.647963285446167 0.0 160.4986572265625 72.42323303222656 214.8809814453125 3.7573855 1.5068874 1.6479943 -18.99695 1.1648895 22.03957 1.93657386302948 0.2353302389383316
Car 0.0 0 0.5729342699050903 89.48267364501953 189.89303588867188 196.9717254638672 227.90731811523438 3.4692314 1.5142951 1.608693 -19.563856 2.2485225 30.267927 -0.0008749701082706451 0.21828648447990417
Car 0.0 0 -2.6287167072296143 904.2620239257812 150.24363708496094 1060.5205078125 214.48919677734375 3.5527122 1.6416163 1.6788943 10.361517 1.0642296 20.377935 -2.158318042755127 0.1945543736219406
Car 0.0 0 1.8611189126968384 477.51116943359375 172.668701171875 514.521728515625 194.39852905273438 4.3089685 1.6396158 1.7113078 -8.929351 1.6259916 56.69014 1.7048909664154053 0.16048568487167358
Car 0.0 0 2.037036895751953 84.2868881225586 191.211181640625 136.9116668701172 214.05325317382812 3.8587759 1.5305828 1.659149 -37.07191 2.946896 53.626587 1.432175636291504 0.1531587839126587
