Pedestrian 0.0 0 -2.105029344558716 233.0782928466797 156.50782775878906 255.28482055664062 213.76510620117188 0.3558086 1.9412786 0.58077455 -12.617918 1.3874282 24.801125 -2.5756635665893555 0.2704669237136841
Pedestrian 0.0 0 -3.250040054321289 810.2128295898438 161.97715759277344 849.0310668945312 223.86961364746094 1.0076088 1.7452313 0.58596724 6.2512317 1.4388862 20.723475 -2.9570703506469727 0.2543780505657196
Pedestrian 0.0 0 2.7840945720672607 825.4444580078125 181.94117736816406 861.0387573242188 248.48544311523438 0.70368373 1.6905394 0.62790036 6.005655 1.931211 18.748241 3.0940983295440674 0.247468963265419
Pedestrian 0.0 0 2.249523878097534 59.924560546875 156.22804260253906 86.84017181396484 210.54425048828125 0.4289899 1.9006771 0.63381684 -18.986685 1.319246 25.472328 1.608983039855957 0.18278084695339203
Pedestrian 0.0 0 -0.021972984075546265 954.1626586914062 137.07144165039062 1010.2042846679688 257.2138366699219 0.7741675 1.8392205 0.5102306 5.835791 1.2917949 11.441053 0.44970178604125977 0.14977145195007324
Cyclist 0.0 0 1.9076426029205322 489.0421142578125 175.64923095703125 505.2012023925781 202.18197631835938 1.5068469 1.7120153 0.5878304 -7.456947 1.8995339 47.515537 1.7519752979278564 0.17462904751300812
Car 0.0 0 1.7945551872253418 410.7894592285156 182.4348602294922 510.099365234375 246.62351989746094 3.8260217 1.3950979 1.6311566 -3.6888773 1.6626482 18.187834 1.594448447227478 0.9705445766448975
Car 0.0 0 1.8153984546661377 52.53307342529297 191.767822265625 101.51000213623047 220.1781005859375 3.7584891 1.5905957 1.6035445 -33.321014 2.8282852 45.156895 1.1796901226043701 0.3091302216053009
Car 0.0 0 -0.03078530728816986 431.2341003417969 185.25550842285156 521.8551635742188 217.97447204589844 4.2703166 1.5028602 1.6577902 -6.578177 2.1328049 35.36275 -0.21470308303833008 0.23868529498577118
Car 0.0 0 -2.798675298690796 446.111572265625 173.12164306640625 498.06072998046875 193.52142333984375 3.6991236 1.5897975 1.7113602 -10.973983 1.6118611 57.38702 -2.987621784210205 0.15243114531040192
