Car 0.0 0 -1.8045074939727783 699.9376220703125 183.66514587402344 834.2730712890625 278.3288879394531 3.616437 1.4956547 1.6416289 2.7560415 1.7281098 13.652005 -1.605306625366211 0.9847643971443176
Car 0.0 0 0.5351725816726685 58.61271286010742 178.3564910888672 375.3695068359375 274.5133361816406 4.479353 1.4864894 1.6777998 -6.5328918 1.586989 12.193654 0.043326616287231445 0.9599215984344482
Car 0.0 0 -1.6885007619857788 658.3313598632812 175.03602600097656 721.0083618164062 225.81495666503906 3.9429755 1.5781047 1.648544 2.5836315 1.6587781 24.573484 -1.5837466716766357 0.9276862144470215
Car 0.0 0 3.4813528060913086 242.00192260742188 163.22340393066406 431.3233337402344 238.97940063476562 3.8327076 1.6941266 1.6835034 -6.3795233 1.4791163 17.011024 3.1225621700286865 0.8572561740875244
Car 0.0 0 -2.2929394245147705 0.0 182.42689514160156 143.54078674316406 365.30462646484375 3.9382315 1.5569894 1.6745752 -7.1905165 1.6657034 7.202685 -3.0774922370910645 0.7808083295822144
Car 0.0 0 -1.7019495964050293 638.2474365234375 177.2247314453125 676.2411499023438 208.88397216796875 3.5334 1.6433027 1.6330242 2.5236497 1.8955925 39.76924 -1.6385772228240967 0.6979275941848755
Car 0.0 0 -2.8196935653686523 417.9521789550781 177.83457946777344 503.7872009277344 211.24462890625 3.6541426 1.5169995 1.5895066 -7.0456557 1.7594339 34.062634 -3.0236613750457764 0.6451330184936523
Car 0.0 0 3.3496651649475098 365.027587890625 175.2532196044922 488.7266540527344 223.37460327148438 3.8520157 1.5834572 1.6505295 -6.244581 1.669048 24.729807 3.102323293685913 0.620447039604187
Car 0.0 0 -1.6772575378417969 649.4503784179688 181.12525939941406 696.1481323242188 219.8332061767578 3.673285 1.493896 1.5711483 2.5539584 1.8650683 30.490856 -1.593691110610962 0.5624206066131592
Car 0.0 0 3.34725284576416 336.8609313964844 185.27981567382812 472.63128662109375 237.15457153320312 3.7173645 1.4767416 1.5978507 -6.1922107 1.8703908 21.908112 3.071793556213379 0.4795629382133484
Car 0.0 0 -2.5693516731262207 0.0 0.0 1242.0 375.0 3.793293 1.4845865 1.5787766 2.7202747 1.662631 1.4922915 -1.5003085136413574 0.4528276026248932
