Pedestrian 0.0 0 2.5317277908325195 893.874267578125 163.60662841796875 938.868896484375 233.74713134765625 0.88089657 1.6868078 0.51266587 7.4595146 1.4647759 17.692343 2.9307353496551514 0.25931012630462646
Pedestrian 0.0 0 2.6443355083465576 749.1387329101562 153.80032348632812 772.3821411132812 190.7474365234375 1.0133344 1.8605449 0.56190956 7.639171 0.90141726 36.746735 2.8493032455444336 0.24562498927116394
Cyclist 0.0 0 -1.601372480392456 722.2020263671875 165.3007049560547 735.1604614257812 203.7562713623047 1.7779094 1.7760638 0.5492647 5.58497 1.4275742 34.23858 -1.439677357673645 0.5375062823295593
Car 0.0 0 -1.7438663244247437 783.3641357421875 175.0721893310547 913.6844482421875 268.5428161621094 3.7499092 1.4444212 1.5869769 4.136451 1.4914086 13.202756 -1.4402508735656738 0.9671684503555298
Car 0.0 0 1.4389687776565552 738.6209106445312 176.55348205566406 817.4746704101562 237.114990234375 3.848743 1.4400841 1.5408809 4.358397 1.5500153 19.38262 1.6601510047912598 0.902239978313446
Car 0.0 0 1.7595964670181274 598.7962036132812 169.57809448242188 640.2346801757812 201.3651123046875 4.0822906 1.738837 1.6548342 0.56730235 1.559994 41.633152 1.7732218503952026 0.8821861147880554
Car 0.0 0 -2.300638198852539 949.1567993164062 184.06039428710938 1242.0 375.0 3.8868861 1.4777178 1.6244406 3.0483963 1.5569457 3.0952675 -1.5228689908981323 0.7993625402450562
Car 0.0 0 -1.5029062032699585 633.3666381835938 174.1473846435547 660.2026977539062 197.3688507080078 3.8608496 1.5024899 1.5606612 2.4978702 1.5941381 48.915874 -1.4518859386444092 0.3305678367614746
Car 0.0 0 -1.5380172729492188 797.4741821289062 174.8055877685547 823.6417236328125 198.17747497558594 3.8061078 1.5104306 1.5910882 13.626195 1.6489488 49.024216 -1.2669122219085693 0.2902010679244995
Car 0.0 0 -1.386342167854309 687.0441284179688 171.21832275390625 714.3387451171875 189.06936645507812 4.293187 1.5480117 1.6771697 8.167304 1.4065251 64.86773 -1.2610942125320435 0.2752467095851898
