Pedestrian 0.0 0 1.9393725395202637 197.72105407714844 165.6798553466797 255.00241088867188 272.37176513671875 0.82178205 1.67524 0.5729752 -6.1446137 1.4281352 11.717345 1.4563934803009033 0.906964898109436
Pedestrian 0.0 0 -3.6409919261932373 1056.288818359375 138.52932739257812 1222.0494384765625 352.9253845214844 0.9614623 1.7560116 0.65244126 4.5989413 1.4054499 6.2682486 -3.008012294769287 0.8523597121238708
Pedestrian 0.0 0 1.1319365501403809 596.5081787109375 164.5198974609375 634.1067504882812 237.86949157714844 0.73393786 1.7159733 0.65243924 0.29370102 1.3199376 17.270807 1.1489405632019043 0.8060116171836853
Pedestrian 0.0 0 -2.336662769317627 671.1820678710938 151.74537658691406 776.226806640625 307.3641357421875 1.0185342 1.7045889 0.7154912 1.3820455 1.380024 8.488097 -2.175257444381714 0.7840793132781982
Pedestrian 0.0 0 0.7940659523010254 735.5038452148438 153.06219482421875 842.564208984375 308.5775146484375 1.014183 1.7750202 0.7870936 2.242628 1.4517871 8.832626 1.0427143573760986 0.7811517119407654
Pedestrian 0.0 0 -0.5231617093086243 984.39697265625 136.26394653320312 1082.1658935546875 288.1171875 0.9068953 1.8640018 0.55028003 5.404202 1.3100679 9.095943 0.012932777404785156 0.6402904391288757
Pedestrian 0.0 0 1.111342430114746 727.4498291015625 153.93310546875 774.9765014648438 257.5426940917969 0.68296903 1.5947145 0.48665336 2.3351524 1.1717184 11.445984 1.3125956058502197 0.6175742745399475
Pedestrian 0.0 0 0.6043023467063904 617.4570922851562 164.35598754882812 655.1608276367188 236.25616455078125 0.6907345 1.7547696 0.6615614 0.8419155 1.3375511 18.00123 0.6510381698608398 0.43132859468460083
Pedestrian 0.0 0 -3.7016091346740723 1172.2109375 139.74818420410156 1238.0 271.1235046386719 0.6188912 1.6489683 0.6231842 7.940621 1.1262532 9.366191 -2.9983959197998047 0.3759833872318268
Pedestrian 0.0 0 0.5952688455581665 251.71731567382812 161.4208526611328 324.42431640625 307.3571472167969 0.42229283 1.8335686 0.95818895 -4.1833334 1.5826268 9.532031 0.18170809745788574 0.26105397939682007
Pedestrian 0.0 0 2.0422439575195312 1113.7039794921875 130.63137817382812 1238.0 306.23541259765625 1.6447626 1.7019911 0.5636123 6.149967 1.2103331 7.5495844 2.725830078125 0.25902682542800903
Pedestrian 0.0 0 1.8487787246704102 315.3403015136719 170.5810546875 342.3588562011719 220.44076538085938 0.6411766 1.7276996 0.7413829 -9.595028 1.350412 25.23958 1.4854936599731445 0.2540135383605957
Pedestrian 0.0 0 1.8720288276672363 194.06549072265625 161.4761199951172 237.07408142089844 232.9650421142578 0.93771803 1.8109548 0.7450106 -10.076792 1.3048911 18.725676 1.3783468008041382 0.24813081324100494
Cyclist 0.0 0 2.047667980194092 1110.91552734375 130.57383728027344 1238.0 308.1201477050781 1.7272669 1.7147822 0.57828265 6.1553526 1.2242976 7.5443635 2.7320215702056885 0.557397723197937
Car 0.0 0 1.5949090719223022 514.231689453125 163.71224975585938 563.2642822265625 208.62405395507812 3.8304112 1.5472212 1.6870224 -2.304614 0.93549865 26.70795 1.5088328123092651 0.8602932095527649
Car 0.0 0 1.703000545501709 439.5392761230469 162.6554412841797 496.3177795410156 205.4793701171875 4.1417785 1.5308219 1.6249827 -5.1002884 0.8582412 27.784067 1.5214529037475586 0.4814218282699585
Car 0.0 0 1.3258264064788818 12.6621732711792 175.25762939453125 84.14057159423828 211.05780029296875 4.0430217 1.5327123 1.638265 -25.17946 1.266425 32.64761 0.6688635349273682 0.36610591411590576
