Pedestrian 0.0 0 -1.1274362802505493 494.8629455566406 183.80810546875 514.4857177734375 218.330078125 0.8582449 1.65476 0.648319 -5.203132 2.2003973 35.409054 -1.2733356952667236 0.37574613094329834
Pedestrian 0.0 0 1.9570417404174805 411.94525146484375 156.5518035888672 436.6446228027344 204.46441650390625 0.88262194 1.8873079 0.676688 -7.4746537 1.2455118 28.901396 1.7039611339569092 0.17387604713439941
Pedestrian 0.0 0 -2.304455041885376 465.08233642578125 162.18609619140625 486.17535400390625 198.21676635742188 0.8636486 1.8255417 0.65592325 -6.9426613 1.2853959 37.07764 -2.489558219909668 0.15406009554862976
Pedestrian 0.0 0 1.1718573570251465 796.2747192382812 138.12249755859375 828.482666015625 194.90478515625 1.0833511 1.9781141 0.74083894 7.159048 0.76853746 25.717684 1.4433544874191284 0.14475813508033752
Pedestrian 0.0 0 -1.6439188718795776 681.05126953125 185.3194580078125 692.90771484375 219.9552764892578 1.2194196 1.6278425 0.48143885 3.6876097 2.2430577 34.96994 -1.5388562679290771 0.13941128551959991
Pedestrian 0.0 0 1.4454352855682373 788.9791870117188 164.2703399658203 814.5890502929688 222.26683044433594 0.9691679 1.8561623 0.691939 6.2230487 1.5818024 23.615862 1.7030895948410034 0.13382549583911896
Pedestrian 0.0 0 -0.4546300768852234 1114.6082763671875 109.6916275024414 1242.0 298.3349914550781 1.0120869 1.8520083 0.6642719 5.927137 1.232269 7.512704 0.21333575248718262 0.13094459474086761
Pedestrian 0.0 0 -1.1313189268112183 33.18938064575195 145.16661071777344 61.858192443847656 190.5042724609375 0.7088923 1.8402164 0.69619 -23.19329 0.7167673 29.706604 -1.7942084074020386 0.11315588653087616
Pedestrian 0.0 0 2.7108967304229736 850.59375 154.11474609375 901.3812866210938 231.25961303710938 0.96946585 1.7653564 0.5501091 6.144351 1.3368919 16.821812 3.0611019134521484 0.10138560086488724
Cyclist 0.0 0 -1.6439188718795776 681.05126953125 185.3194580078125 692.90771484375 219.9552764892578 1.2194196 1.6278425 0.48143885 3.6876097 2.2430577 34.96994 -1.5388562679290771 0.1121138334274292
Car 0.0 0 1.9238919019699097 430.8614807128906 179.7687530517578 485.2334899902344 209.4108428955078 4.2068534 1.5121814 1.5947429 -8.3918085 1.9172322 40.02866 1.7172397375106812 0.13804006576538086
