Pedestrian 0.0 0 -0.8297441601753235 600.092041015625 169.65524291992188 692.2919921875 309.2527160644531 0.99518156 1.7174332 0.7314305 0.5480235 1.5730493 9.444005 -0.7717804312705994 0.8831855654716492
Pedestrian 0.0 0 -2.045259475708008 985.5776977539062 128.61044311523438 1126.300048828125 363.91644287109375 0.93148345 1.7824643 0.6166137 3.6529076 1.3832182 5.927148 -1.4929401874542236 0.8730827569961548
Pedestrian 0.0 0 1.8363044261932373 280.7091064453125 158.42550659179688 384.5547790527344 366.3475036621094 0.9120534 1.8311534 0.7108762 -2.5643764 1.6293201 6.811258 1.4762272834777832 0.795490562915802
Pedestrian 0.0 0 1.0158448219299316 903.4647827148438 115.97950744628906 1036.5596923828125 370.3446044921875 0.779642 1.8350018 0.5965136 2.7872546 1.3637354 5.595266 1.478007435798645 0.7798894047737122
Pedestrian 0.0 0 1.5156573057174683 548.446533203125 168.77227783203125 571.6737670898438 225.35330200195312 0.6728511 1.662134 0.65525895 -1.2701387 1.2893734 21.470894 1.4565699100494385 0.7490367889404297
Pedestrian 0.0 0 -1.7426388263702393 510.42022705078125 166.33642578125 536.2392578125 222.65487670898438 1.1148667 1.7645981 0.6426417 -2.5492694 1.2905927 23.129387 -1.852413535118103 0.6663993000984192
Pedestrian 0.0 0 -0.959949791431427 567.5142822265625 162.99879455566406 591.732666015625 207.6668701171875 0.93611306 1.7857691 0.5493689 -0.9015567 1.047118 29.257496 -0.9907546043395996 0.6381998062133789
Pedestrian 0.0 0 -3.427356243133545 886.8448486328125 134.88986206054688 936.739013671875 245.06199645996094 0.59655327 1.7966707 0.69502735 5.1701913 1.0378499 12.092168 -3.0233147144317627 0.5623670816421509
Pedestrian 0.0 0 -3.2163028717041016 716.175537109375 149.85447692871094 761.6121215820312 216.25941467285156 1.223802 1.8484594 0.55396837 3.8511052 0.96871936 20.336971 -3.029154062271118 0.5587733387947083
Pedestrian 0.0 0 0.8519211411476135 462.37890625 174.5067901611328 491.8468322753906 228.1505584716797 0.68660474 1.7268152 0.6667812 -4.1087165 1.502798 23.59597 0.6795217990875244 0.4881569445133209
Pedestrian 0.0 0 1.9796115159988403 581.1583862304688 170.8800811767578 607.3084716796875 228.07411193847656 0.68776816 1.663176 0.548716 -0.2385608 1.3554884 21.30953 1.9684169292449951 0.4680018424987793
Pedestrian 0.0 0 1.1005175113677979 1117.8934326171875 89.9001693725586 1238.0 354.06427001953125 0.7919722 1.8216386 0.6356068 4.390378 1.1913844 5.404894 1.7827116250991821 0.3859007954597473
Pedestrian 0.0 0 1.4618490934371948 598.5113525390625 169.8408660888672 618.6917724609375 224.99342346191406 0.75333726 1.7389982 0.56711406 0.19892098 1.3724823 23.050156 1.4704787731170654 0.3717990815639496
Pedestrian 0.0 0 1.4410593509674072 624.9782104492188 167.05276489257812 641.099365234375 208.2976837158203 0.7914621 1.7201192 0.5820554 1.3168075 1.1185784 30.374918 1.4843840599060059 0.3672824501991272
Pedestrian 0.0 0 -0.17604506015777588 698.6641235351562 162.89744567871094 719.4406127929688 209.1571044921875 0.65682715 1.6596591 0.5569243 3.878369 0.9933064 26.056755 -0.028286706656217575 0.33179566264152527
Pedestrian 0.0 0 2.133699893951416 479.33673095703125 167.8959503173828 511.9002990722656 223.06202697753906 0.8754814 1.7519389 0.68718356 -3.4597394 1.32101 23.349163 1.9865963459014893 0.32494693994522095
Pedestrian 0.0 0 2.789841413497925 572.738037109375 169.0328826904297 594.8599853515625 222.12672424316406 0.5092787 1.6301388 0.61382484 -0.58083665 1.2484761 22.43159 2.763953447341919 0.3087782859802246
Pedestrian 0.0 0 -2.781968116760254 372.5962829589844 154.14874267578125 415.87548828125 231.5917510986328 0.7974676 1.7269641 0.5688109 -4.7395267 1.1182541 16.330414 -3.0644350051879883 0.2708780765533447
Cyclist 0.0 0 1.769801139831543 396.8287048339844 170.51271057128906 480.0245361328125 342.0778503417969 1.7342614 1.7095834 0.57782114 -1.8200768 1.6014671 8.029119 1.5468839406967163 0.9380377531051636
Cyclist 0.0 0 -1.6028748750686646 700.8396606445312 163.7089080810547 716.3008422851562 210.50396728515625 1.1470977 1.6573606 0.5149243 3.8555322 1.0283031 26.03824 -1.4558711051940918 0.2660592496395111
Cyclist 0.0 0 -1.2144447565078735 478.69586181640625 166.65330505371094 509.377685546875 223.16668701171875 1.0194176 1.7897071 0.67339647 -3.502744 1.3206344 23.314222 -1.3635700941085815 0.21210679411888123
Cyclist 0.0 0 -1.6922434568405151 510.28070068359375 167.32518005371094 534.3629760742188 222.75584411621094 0.97215545 1.7442387 0.6561851 -2.5825949 1.2993047 23.149864 -1.8033438920974731 0.19036516547203064
Cyclist 0.0 0 -3.1354196071624756 718.5037841796875 149.96548461914062 761.2481079101562 216.01382446289062 1.1741236 1.837669 0.56665266 3.8948092 0.96143126 20.37542 -2.9465456008911133 0.1722899228334427
Cyclist 0.0 0 1.1005175113677979 1117.8934326171875 89.9001693725586 1238.0 354.06427001953125 0.7919722 1.8216386 0.6356068 4.390378 1.1913844 5.404894 1.7827116250991821 0.13751569390296936
