Pedestrian 0.0 0 3.485363721847534 188.06639099121094 170.69635009765625 246.1275634765625 258.81317138671875 0.9170417 1.8344252 0.6730993 -8.321809 1.6319544 15.1195 2.9822115898132324 0.5954479575157166
Pedestrian 0.0 0 3.6520519256591797 175.49588012695312 179.31068420410156 197.35397338867188 211.92828369140625 0.8812022 1.7914416 0.55782646 -23.16574 1.7275186 39.117443 3.117380142211914 0.4017186164855957
Pedestrian 0.0 0 2.179483413696289 302.0230712890625 160.25730895996094 356.6194152832031 259.07598876953125 0.730291 1.7625781 0.63603485 -5.117098 1.4031621 13.035365 1.805411458015442 0.24120821058750153
Pedestrian 0.0 0 0.19320762157440186 515.0538330078125 143.947509765625 626.5087890625 323.134033203125 1.0605282 1.7469065 0.50988317 -0.38639668 1.3922485 7.214405 0.13969969749450684 0.20990592241287231
Pedestrian 0.0 0 -0.17857837677001953 541.0181274414062 176.89036560058594 690.851318359375 325.31256103515625 1.6434991 1.6301291 0.731454 0.05483926 1.5921719 8.261511 -0.17194055020809174 0.17841924726963043
Pedestrian 0.0 0 0.2976806163787842 535.4239501953125 155.07948303222656 632.7002563476562 305.015380859375 1.1278398 1.8273009 0.56518376 -0.3076675 1.5191754 9.031758 0.2636287212371826 0.1674806922674179
Pedestrian 0.0 0 -0.9328557252883911 240.75465393066406 177.46624755859375 254.91441345214844 206.4921112060547 0.49415317 1.8282944 0.6318193 -22.647617 1.6385468 44.82791 -1.4006645679473877 0.13692200183868408
Pedestrian 0.0 0 -1.1120243072509766 63.16726303100586 165.73190307617188 92.0964126586914 207.8243865966797 1.0630906 1.8726954 0.6483691 -23.90329 1.2171285 32.03316 -1.753091812133789 0.11149178445339203
Cyclist 0.0 0 -0.40716490149497986 541.671630859375 179.8089141845703 691.7722778320312 330.983154296875 1.6135887 1.6303784 0.681504 0.08677717 1.6246141 8.246359 -0.39664220809936523 0.5373513698577881
Cyclist 0.0 0 -2.4189610481262207 2.9288928508758545 185.46640014648438 62.669578552246094 235.4939727783203 1.633108 1.7487044 0.64512944 -20.362404 1.9293281 25.136854 -3.099807024002075 0.18081611394882202
Cyclist 0.0 0 2.0307931900024414 61.391292572021484 172.4111785888672 93.75707244873047 213.0528106689453 1.4138905 1.8015465 0.61549723 -23.941164 1.4444547 32.087616 1.3897809982299805 0.14528648555278778
Cyclist 0.0 0 0.36180979013442993 183.63186645507812 171.05902099609375 245.2996063232422 258.6330871582031 0.9929536 1.8259563 0.64367723 -8.3819275 1.6307304 15.127128 -0.14417505264282227 0.13686658442020416
Car 0.0 0 -1.6422573328018188 573.8994140625 132.1967010498047 673.798095703125 233.8960418701172 3.8571098 1.69836 1.6228148 0.19205938 0.8933538 13.77462 -1.6283152103424072 0.5405015349388123
Car 0.0 0 2.0113534927368164 177.80386352539062 181.59503173828125 230.17230224609375 205.86648559570312 4.0035224 1.6288983 1.6533194 -28.103895 1.7103236 49.688335 1.4966096878051758 0.2635306417942047
