Pedestrian 0.0 0 -1.7700649499893188 687.9623413085938 161.4498748779297 706.965087890625 199.49217224121094 1.0799923 1.8621691 0.7373409 4.3055277 1.3042955 35.88419 -1.6506518125534058 0.498401403427124
Pedestrian 0.0 0 2.3186988830566406 542.5460815429688 171.75123596191406 558.9730834960938 201.9512481689453 0.8975871 1.8262327 0.53438234 -3.6556175 1.7599053 44.14756 2.2360827922821045 0.4427434206008911
Pedestrian 0.0 0 -0.633258581161499 867.5277099609375 153.82518005371094 930.4296264648438 247.1048583984375 1.0200195 1.7915453 0.5610684 5.6531916 1.4264326 14.255645 -0.25572288036346436 0.22352364659309387
Cyclist 0.0 0 1.5788817405700684 515.7098388671875 173.9696807861328 531.8461303710938 219.56277465820312 1.9224865 1.797263 0.6335139 -3.5583704 1.8447391 29.47912 1.4587547779083252 0.6995095610618591
Cyclist 0.0 0 1.5952262878417969 532.4872436523438 170.93350219726562 550.0150146484375 217.27903747558594 1.8333423 1.8746012 0.68685204 -2.900285 1.7972788 30.121162 1.499234914779663 0.5769700407981873
Car 0.0 0 1.890159249305725 301.56439208984375 182.40208435058594 439.86029052734375 267.2457275390625 3.9495 1.5470206 1.6552235 -5.0294394 1.7797931 15.579978 1.577905535697937 0.96966952085495
Car 0.0 0 -1.814424991607666 700.0155639648438 174.516845703125 851.6622924804688 289.13409423828125 3.505222 1.6154727 1.6026789 2.5249944 1.6475933 11.999111 -1.607019305229187 0.9635797142982483
Car 0.0 0 1.7675135135650635 458.1061096191406 179.8468475341797 513.3900756835938 218.498291015625 4.0111775 1.5291722 1.6094347 -5.3558702 1.8525828 31.303713 1.5980604887008667 0.9214390516281128
Car 0.0 0 -1.4832782745361328 634.0027465820312 174.148681640625 661.6632080078125 197.13690185546875 4.0105534 1.5957088 1.6644295 2.7567685 1.6939032 52.420784 -1.4307374954223633 0.7530587911605835
Car 0.0 0 1.0212323665618896 716.837890625 179.3523712158203 805.7250366210938 220.95765686035156 4.0665083 1.4963015 1.5653546 5.8965154 1.775733 28.805508 1.2231439352035522 0.19158920645713806
