Pedestrian 0.0 0 0.1256154328584671 636.7840576171875 164.9694366455078 651.51904296875 190.51490783691406 1.0465765 1.8885865 0.45088834 2.5138743 1.3060349 53.6527 0.17243576049804688 0.3764978051185608
Pedestrian 0.0 0 -0.041639216244220734 677.2238159179688 142.51283264160156 709.3541870117188 203.12144470214844 0.93878615 1.8051547 0.62852216 2.4664514 0.9018376 21.834087 0.0708472728729248 0.30491873621940613
Cyclist 0.0 0 1.7380478382110596 531.8255004882812 173.14886474609375 550.1444091796875 208.12742614746094 1.870992 1.7551799 0.6393659 -3.5816436 1.7711213 37.175068 1.6419990062713623 0.5604951977729797
Cyclist 0.0 0 1.7719578742980957 545.3958740234375 170.8295440673828 562.9381103515625 207.44732666015625 1.7501965 1.8626623 0.57564366 -2.9367905 1.7600412 37.60406 1.6940183639526367 0.2771267294883728
Cyclist 0.0 0 1.7153583765029907 554.7233276367188 176.71946716308594 565.2552490234375 200.36199951171875 1.362394 1.6816388 0.5719194 -3.6447287 1.9656732 52.24838 1.645713448524475 0.24718503654003143
Car 0.0 0 1.796365737915039 378.79998779296875 182.5810546875 469.8712158203125 246.54293823242188 3.839407 1.5770969 1.6576761 -5.1534247 1.8774967 20.315718 1.5479389429092407 0.9587175846099854
Car 0.0 0 -1.7490594387054443 673.5341186523438 175.15853881835938 770.6256103515625 251.60861206054688 3.5756912 1.5882983 1.6070607 2.4593883 1.6484717 16.911034 -1.6046409606933594 0.9412587285041809
Car 0.0 0 -0.977631688117981 0.0 178.13265991210938 292.7731628417969 375.0 4.1982427 1.7182286 1.6749805 -4.581975 1.7809685 6.402496 -1.5987869501113892 0.929604709148407
Car 0.0 0 1.7268774509429932 476.62982177734375 180.23480224609375 523.7575073242188 214.80303955078125 4.2781463 1.5865141 1.6905997 -5.473261 1.9788446 36.171925 1.5767042636871338 0.8392502665519714
Car 0.0 0 -1.5008482933044434 629.58203125 175.17405700683594 653.9378051757812 196.3964385986328 3.9882362 1.6087487 1.6569163 2.5258217 1.7997819 57.222157 -1.4567363262176514 0.7315142154693604
Car 0.0 0 -2.6890525817871094 516.8242797851562 176.9400634765625 569.97216796875 198.18251037597656 3.5910103 1.5160208 1.5696733 -4.9514303 1.8264523 53.384647 -2.7815380096435547 0.26751646399497986
