Pedestrian 0.0 0 -1.712494134902954 1040.4697265625 158.70286560058594 1064.5283203125 208.01766967773438 0.4876189 1.866398 0.72417694 16.923246 1.3311834 27.672266 -1.1636180877685547 0.14434504508972168
Pedestrian 0.0 0 -1.3394590616226196 1031.4764404296875 139.83522033691406 1056.20703125 190.5199432373047 0.54766876 1.9760056 0.7338805 17.142296 0.6890865 28.579424 -0.7991774082183838 0.1265711635351181
Pedestrian 0.0 0 3.1132097244262695 155.30482482910156 185.02719116210938 195.2516632080078 221.80206298828125 1.702426 1.7869427 0.6374801 -21.88552 2.4115272 36.268425 2.570270538330078 0.11877326667308807
Cyclist 0.0 0 2.1540651321411133 182.50437927246094 185.16664123535156 210.28944396972656 215.72694396972656 1.8683646 1.7790776 0.51861495 -25.07541 2.5416343 43.714684 1.6332720518112183 0.29804930090904236
Cyclist 0.0 0 3.1132097244262695 155.30482482910156 185.02719116210938 195.2516632080078 221.80206298828125 1.702426 1.7869427 0.6374801 -21.88552 2.4115272 36.268425 2.570270538330078 0.17865683138370514
Cyclist 0.0 0 2.633178472518921 947.3401489257812 162.1341552734375 1001.639892578125 210.9319610595703 1.6169722 1.7042879 0.623676 12.849974 1.3302499 25.543076 3.0992796421051025 0.176885724067688
Car 0.0 0 -1.6617475748062134 583.4324340820312 181.05224609375 619.4690551757812 210.43478393554688 4.1633425 1.539796 1.6744665 -0.57207257 2.032503 41.17158 -1.6756415367126465 0.8742810487747192
Car 0.0 0 1.7562497854232788 401.4957580566406 180.1791229248047 463.60858154296875 222.5768585205078 4.0198145 1.4490317 1.5745591 -6.6977654 1.7485464 27.415127 1.5166343450546265 0.5115312933921814
Car 0.0 0 1.733993411064148 434.8057861328125 182.75975036621094 482.16888427734375 217.35121154785156 3.7805073 1.4315232 1.5182642 -6.88135 1.9096757 32.878716 1.5276765823364258 0.26434001326560974
Car 0.0 0 2.0304787158966064 122.63411712646484 184.82470703125 350.13299560546875 292.1991882324219 4.355725 1.4839369 1.7306403 -6.251509 1.7300575 12.632672 1.5709447860717773 0.17652527987957
Car 0.0 0 -0.31740325689315796 673.9583740234375 174.91671752929688 725.8023681640625 196.60743713378906 3.4644058 1.554775 1.5669392 6.563049 1.7098944 53.0295 -0.1942671835422516 0.11116673797369003
