Pedestrian 0.0 0 -0.5974195599555969 1188.947021484375 131.89878845214844 1242.0 230.35946655273438 0.7738735 1.8089691 0.60067856 11.482872 1.0568773 13.592608 0.10404086112976074 0.16180241107940674
Pedestrian 0.0 0 1.356804370880127 948.8150634765625 167.3516082763672 971.6262817382812 210.3182830810547 1.2802213 1.7087293 0.5746069 14.2097435 1.4902644 29.381485 1.8072696924209595 0.14356188476085663
Pedestrian 0.0 0 1.2221477031707764 1089.2235107421875 132.3743896484375 1132.2666015625 207.86253356933594 0.7078319 1.8230847 0.67216575 12.328239 0.8458355 17.85026 1.8265691995620728 0.1390347182750702
Pedestrian 0.0 0 -1.1324291229248047 939.396728515625 164.60446166992188 963.1678466796875 209.95790100097656 0.5907312 1.8899977 0.72765315 14.401074 1.5465757 30.53425 -0.691728413105011 0.11735483258962631
Cyclist 0.0 0 1.866894006729126 156.08457946777344 189.16554260253906 174.21221923828125 216.0855712890625 1.4488018 1.6474024 0.5849229 -28.302061 2.7022305 45.866615 1.3140308856964111 0.687134325504303
Cyclist 0.0 0 1.4879488945007324 944.8771362304688 170.79310607910156 963.2378540039062 211.99134826660156 1.3634286 1.7020516 0.5883772 14.517325 1.6172665 30.548328 1.931580662727356 0.15898627042770386
Car 0.0 0 1.9594146013259888 284.5153503417969 184.53970336914062 349.5578918457031 219.83865356445312 3.5749166 1.4356786 1.4524964 -13.083298 1.9885063 32.319344 1.5747658014297485 0.9217610359191895
Car 0.0 0 1.9563935995101929 424.0537109375 179.4648895263672 458.2716369628906 196.45492553710938 4.1272154 1.4945191 1.6811508 -15.727742 2.1316135 67.32411 1.726897120475769 0.42323315143585205
Car 0.0 0 1.6482901573181152 729.4246215820312 178.70712280273438 757.7002563476562 199.552978515625 4.561555 1.4150662 1.6863852 9.777647 1.8630545 52.757538 1.8315426111221313 0.14795345067977905
Car 0.0 0 1.303295373916626 692.8281860351562 181.35757446289062 730.1719360351562 202.26072692871094 4.1536393 1.4512316 1.7252785 7.5232997 2.1139386 54.02772 1.4416545629501343 0.13855236768722534
Car 0.0 0 1.863659143447876 147.90447998046875 177.78445434570312 198.488037109375 206.3998565673828 4.2328415 1.7589469 1.6919603 -28.641119 2.0985823 47.38813 1.3200147151947021 0.137322798371315
