Pedestrian 0.0 0 -1.5939987897872925 850.8109741210938 133.81044006347656 875.9931640625 201.23956298828125 0.7950241 1.7250248 0.6024729 6.5915637 0.72653997 18.926975 -1.2588722705841064 0.30166175961494446
Pedestrian 0.0 0 -1.8799442052841187 668.3666381835938 154.9744415283203 685.6978759765625 201.5240936279297 0.5098534 1.8936485 0.58122677 2.7118802 1.1666623 29.661283 -1.7887693643569946 0.16201482713222504
Pedestrian 0.0 0 1.2785189151763916 1116.413330078125 129.28517150878906 1186.9168701171875 243.85617065429688 1.2676281 1.6407357 0.51135707 8.183248 1.0171578 11.013153 1.9175527095794678 0.130154550075531
Pedestrian 0.0 0 1.872006893157959 1021.6702270507812 127.90701293945312 1051.6932373046875 188.17391967773438 0.60330456 1.8939455 0.6805578 13.631027 0.48180118 23.126976 2.404595375061035 0.11687237024307251
Pedestrian 0.0 0 -1.3910354375839233 662.5745239257812 143.07162475585938 679.5088500976562 191.97508239746094 0.5828538 1.9369237 0.5827488 2.4081335 0.7576888 28.932384 -1.3079936504364014 0.10146860778331757
Cyclist 0.0 0 -2.1112000942230225 825.35400390625 143.3169708251953 872.2274780273438 203.43966674804688 1.6784887 1.6061492 0.4360411 6.593462 0.81743956 20.139494 -1.7948083877563477 0.8531729578971863
Cyclist 0.0 0 2.161792516708374 769.3984985351562 155.8157958984375 799.3515625 193.55201721191406 1.7844456 1.7895586 0.50549513 8.430474 0.98191655 35.00458 2.3981308937072754 0.3733096420764923
Cyclist 0.0 0 1.286360502243042 1105.672119140625 123.32181549072266 1183.626220703125 239.82188415527344 1.7307453 1.6666688 0.4987958 8.213074 0.9584111 11.218267 1.9183173179626465 0.19732244312763214
Cyclist 0.0 0 -0.38663768768310547 838.489990234375 134.7989959716797 887.6534423828125 203.20877075195312 1.064015 1.7606995 0.6075673 6.5718455 0.7816153 18.898876 -0.051979996263980865 0.1267140507698059
Car 0.0 0 -1.9352521896362305 869.0523071289062 121.61615753173828 1166.387451171875 304.5111083984375 3.9757187 1.6595193 1.6461693 4.386029 1.1949645 8.608463 -1.4640319347381592 0.9475986957550049
Car 0.0 0 -0.9673019051551819 860.4404296875 155.33355712890625 947.6010131835938 191.79644775390625 3.9902458 1.5381913 1.6279739 13.111488 0.7994476 32.210552 -0.5807278752326965 0.33652105927467346
