Car 0.0 0 -1.764280080795288 678.5031127929688 180.88787841796875 781.8721923828125 252.6149139404297 4.072152 1.4381824 1.6058449 2.6381865 1.6507906 16.993664 -1.6102643013000488 0.9802621603012085
Car 0.0 0 -2.060779333114624 779.3676147460938 193.89453125 1123.2310791015625 375.0 3.4558327 1.3968055 1.576296 2.9936507 1.6616604 7.2700105 -1.6701585054397583 0.9769517779350281
Car 0.0 0 -2.4887747764587402 0.0 197.78466796875 317.0262145996094 313.6851806640625 3.8613052 1.4274999 1.5678954 -6.4563656 1.8151674 10.250986 -3.0508389472961426 0.9263845086097717
Car 0.0 0 0.3384728729724884 322.0625915527344 182.0650177001953 481.7143249511719 233.9394989013672 4.144185 1.4094901 1.5654734 -5.981765 1.6872742 20.826097 0.058777570724487305 0.9172011613845825
Car 0.0 0 3.608140468597412 83.81038665771484 188.45892333984375 356.0378723144531 276.94580078125 3.9474542 1.422787 1.5466751 -6.76822 1.7156969 12.705883 3.1186888217926025 0.9132211208343506
Car 0.0 0 -1.6966477632522583 662.24755859375 179.99795532226562 718.178955078125 221.40838623046875 4.2915926 1.4344778 1.6030349 2.9764135 1.7324823 27.898388 -1.5903621912002563 0.9002764225006104
Car 0.0 0 0.7275059223175049 0.0 189.21774291992188 241.0769500732422 338.05865478515625 4.0840287 1.4320856 1.5554966 -6.566298 1.6330562 7.98557 0.03933215141296387 0.810114324092865
Car 0.0 0 0.5140993595123291 195.34329223632812 178.23367309570312 405.01422119140625 261.2321472167969 3.7473347 1.6201737 1.6433533 -6.5061965 1.7417953 15.238109 0.11056232452392578 0.7646676898002625
Car 0.0 0 -1.620713710784912 644.4072875976562 173.66270446777344 672.616455078125 200.46202087402344 3.9767191 1.6737869 1.6360693 3.1023788 1.7292731 47.183575 -1.5550569295883179 0.7449860572814941
Car 0.0 0 0.7867003679275513 0.0 214.3533935546875 122.91272735595703 375.0 4.160388 1.4535671 1.5892482 -6.517628 1.8324705 5.6390367 -0.07084473967552185 0.7201027274131775
Car 0.0 0 3.363352060317993 364.46832275390625 164.82798767089844 474.38372802734375 211.48202514648438 3.5315259 1.6131443 1.6338682 -6.798782 1.335989 25.82504 3.1059298515319824 0.681221067905426
