Pedestrian 0.0 0 -1.0294634103775024 206.4225311279297 155.55996704101562 290.0990295410156 297.3876037597656 0.6609394 1.7193997 0.7049172 -4.60027 1.510099 9.099959 -1.4975223541259766 0.8041388988494873
Pedestrian 0.0 0 -0.40748152136802673 289.4369201660156 157.7985382080078 344.6875915527344 276.7955017089844 0.60268956 1.8111035 0.6450509 -4.6907 1.582321 11.419808 -0.7972216606140137 0.30745431780815125
Car 0.0 0 -1.7272428274154663 664.32080078125 174.12814331054688 749.1156616210938 234.18197631835938 3.9322236 1.3908778 1.5613247 2.3556979 1.4279226 18.78273 -1.6024760007858276 0.9533434510231018
Car 0.0 0 -1.081486463546753 0.0 187.30465698242188 424.3311767578125 375.0 4.2340684 1.5315055 1.6669024 -2.7913384 1.6797304 5.2620654 -1.5692075490951538 0.9370831251144409
Car 0.0 0 -1.7632650136947632 636.8590698242188 173.2452392578125 691.3136596679688 211.6925048828125 4.0970545 1.559837 1.5967549 2.2435105 1.5784009 31.44401 -1.6920363903045654 0.9359524846076965
Car 0.0 0 -2.2897915840148926 865.938720703125 148.12098693847656 1242.0 375.0 3.7709122 1.4834851 1.6222178 2.5094678 1.4468377 2.9770398 -1.5894101858139038 0.8928951621055603
Car 0.0 0 -1.5876059532165527 523.008544921875 173.070556640625 561.827880859375 209.35165405273438 4.0741563 1.5277842 1.6342283 -3.1244233 1.538539 32.522198 -1.683382511138916 0.8851489424705505
Car 0.0 0 -1.3053172826766968 233.4239044189453 179.4154815673828 445.6040344238281 317.27667236328125 3.982645 1.4101397 1.5843674 -3.358882 1.5165246 9.6143055 -1.6414244174957275 0.8133440613746643
Car 0.0 0 -1.6488234996795654 632.5227661132812 169.7023162841797 670.7237548828125 200.04916381835938 4.2965646 1.4934142 1.648613 2.0801322 1.3386734 37.671787 -1.5936622619628906 0.3840634524822235
Car 0.0 0 -1.6836497783660889 623.149658203125 166.93557739257812 655.1143798828125 194.3276824951172 4.034846 1.7452906 1.6748276 1.8661833 1.3685551 48.043934 -1.644826054573059 0.303688645362854
