Pedestrian 0.0 0 -0.46374794840812683 573.19580078125 155.82420349121094 594.793212890625 193.9532012939453 0.8623571 1.8100203 0.5971336 -1.290871 1.0019578 34.718292 -0.5009121298789978 0.4771227538585663
Pedestrian 0.0 0 1.1623817682266235 549.8685302734375 160.12335205078125 563.497314453125 190.3068389892578 0.85514563 1.8675667 0.5558949 -3.3710797 1.0802305 45.14931 1.0878548622131348 0.4410843849182129
Cyclist 0.0 0 1.6796555519104004 438.923583984375 178.0959014892578 468.4002380371094 252.56283569335938 1.7489625 1.7747391 0.5445004 -3.9783742 1.9139974 18.21824 1.4646575450897217 0.934512734413147
Cyclist 0.0 0 1.5942822694778442 400.8095703125 181.63705444335938 428.70098876953125 265.4690246582031 1.9029913 1.7156184 0.55580866 -4.350786 1.922359 15.961422 1.3281660079956055 0.8772111535072327
Car 0.0 0 -1.866848349571228 676.917236328125 182.45477294921875 813.9664306640625 279.7962646484375 3.1803904 1.5080992 1.5633607 2.2824047 1.7061727 13.181371 -1.695394515991211 0.9661617875099182
Car 0.0 0 -1.7415515184402466 563.154052734375 179.7928009033203 612.9964599609375 219.57135009765625 3.4355774 1.6298333 1.6426764 -1.066706 1.9562488 32.054073 -1.7748175859451294 0.9658762216567993
Car 0.0 0 -1.4324111938476562 294.92327880859375 193.38961791992188 394.8045349121094 267.2346496582031 3.4653184 1.3196787 1.5765502 -5.7226453 1.8222489 15.784248 -1.7802261114120483 0.9356218576431274
Car 0.0 0 0.9705657362937927 870.3504638671875 182.1130828857422 1242.0 375.0 3.782628 1.5321971 1.5516576 2.9146256 1.610959 4.21183 1.5759086608886719 0.9024690985679626
Car 0.0 0 -1.8192309141159058 619.1860961914062 178.56871032714844 706.4099731445312 237.84597778320312 3.5718534 1.4758009 1.585677 1.3353937 1.6514368 20.227608 -1.7533081769943237 0.8298414349555969
Car 0.0 0 1.63198983669281 339.4461975097656 188.3744659423828 410.0574645996094 249.5588836669922 4.3598275 1.4817252 1.6783613 -6.770799 1.9830773 20.968115 1.3196500539779663 0.8038043975830078
Car 0.0 0 -1.49833345413208 413.4658508300781 187.3277130126953 450.27154541015625 218.8541717529297 3.6185715 1.4574832 1.5774413 -9.130935 2.2391436 37.030132 -1.7400918006896973 0.41761961579322815
Car 0.0 0 -1.6409292221069336 526.1215209960938 180.0897216796875 547.99072265625 199.72576904296875 3.3714862 1.4791367 1.4955378 -5.8567815 2.073638 57.455956 -1.7425135374069214 0.3701572120189667
