Pedestrian 0.0 0 1.0203914642333984 1110.8843994140625 165.96421813964844 1153.408203125 232.34254455566406 0.8553595 1.858716 0.6307166 14.88612 1.6661474 20.65151 1.644957423210144 0.535207986831665
Pedestrian 0.0 0 -1.5660712718963623 832.2499389648438 162.6097869873047 852.7597045898438 214.84434509277344 0.6437301 1.8099036 0.67913425 8.143746 1.4553043 25.40941 -1.2559137344360352 0.2915903329849243
Car 0.0 0 -1.3896393775939941 804.8045043945312 175.52685546875 895.314208984375 235.77023315429688 4.4381895 1.49538 1.6556324 6.8568254 1.5802116 20.458126 -1.0662422180175781 0.9603650569915771
Car 0.0 0 -1.450744867324829 1010.1082763671875 172.2071533203125 1126.865478515625 254.3352813720703 3.5793612 1.5192851 1.6650658 9.714956 1.5076768 15.256623 -0.8837265968322754 0.8984600305557251
Car 0.0 0 -1.2800922393798828 843.3446044921875 176.0032958984375 932.14453125 226.95272827148438 4.333053 1.570694 1.667166 9.553228 1.6887461 24.739141 -0.9115748405456543 0.877007007598877
Car 0.0 0 1.3048020601272583 1060.5802001953125 190.9273681640625 1242.0 375.0 3.55182 1.4082038 1.5675267 3.857715 1.5682391 4.431997 2.0210342407226562 0.8764989972114563
Car 0.0 0 -1.447896122932434 951.3243408203125 170.53790283203125 986.9613647460938 195.05172729492188 4.091178 1.5530844 1.6285505 23.826822 1.4067051 47.86582 -0.9860231876373291 0.7625492811203003
Car 0.0 0 -1.641007661819458 868.45849609375 176.28640747070312 919.098388671875 216.616455078125 3.6389034 1.5022416 1.6417916 11.37062 1.6509053 29.191893 -1.2695744037628174 0.3238324820995331
Car 0.0 0 1.5645272731781006 975.9076538085938 167.6677703857422 998.263671875 187.28298950195312 4.155823 1.5647609 1.5901954 31.1908 1.1513977 59.767918 2.04551362991333 0.23423512279987335
Car 0.0 0 -1.5732262134552002 1044.4798583984375 174.18165588378906 1088.2939453125 210.08006286621094 3.711184 1.5524338 1.6307167 21.036924 1.6178585 33.353794 -1.010523796081543 0.21131928265094757
