Pedestrian 0.0 0 1.4192413091659546 275.0802001953125 179.8905487060547 323.22412109375 272.2889709472656 1.0701772 1.8013792 0.74565876 -6.2948956 1.7911289 14.4309845 1.0079166889190674 0.3087739646434784
Pedestrian 0.0 0 0.2492026537656784 723.7386474609375 161.51425170898438 737.0778198242188 186.0127716064453 0.96226436 1.9230101 0.42854837 9.925847 0.43396643 55.8884 0.4249711036682129 0.30319029092788696
Pedestrian 0.0 0 -1.6812708377838135 986.490478515625 143.32583618164062 1005.792236328125 186.1426239013672 0.5356152 2.018812 0.7501246 18.636835 0.2674983 33.723755 -1.1764088869094849 0.15906421840190887
Pedestrian 0.0 0 -1.2781691551208496 118.14289093017578 151.65843200683594 141.10546875 192.51976013183594 0.85001487 1.9767903 0.7224479 -23.349466 0.5829327 34.713345 -1.870293378829956 0.15236040949821472
Pedestrian 0.0 0 -1.910184383392334 984.48291015625 148.83282470703125 1027.50146484375 215.56826782226562 1.6672038 1.6513778 0.4357597 10.346888 0.86936545 18.34979 -1.3967552185058594 0.10947767645120621
Cyclist 0.0 0 -1.9934394359588623 980.6590576171875 144.8866729736328 1029.42822265625 213.17442321777344 1.7339971 1.696289 0.42809445 10.369682 0.8132387 18.441023 -1.4811898469924927 0.5378338098526001
Cyclist 0.0 0 1.045748233795166 875.5892944335938 157.70419311523438 909.470703125 196.06466674804688 2.0242543 1.7591066 0.5396712 13.5681095 0.71521026 33.458218 1.4310076236724854 0.30968087911605835
Car 0.0 0 -0.8201495409011841 0.0 209.2567596435547 291.9416198730469 370.0 3.7295382 1.4712707 1.5503381 -3.198533 1.6901071 3.464787 -1.5656107664108276 0.8803985118865967
Car 0.0 0 1.616278886795044 89.05779266357422 182.7125701904297 120.37747955322266 205.4758758544922 3.9138575 1.4792722 1.5766662 -34.21361 1.6385771 48.417484 1.0011119842529297 0.3724234998226166
Car 0.0 0 1.4652531147003174 461.8109130859375 171.9078369140625 485.064697265625 190.5995635986328 3.6411123 1.4877133 1.503192 -10.845859 0.80508035 58.229935 1.2811040878295898 0.1931033879518509
