Pedestrian 0.0 0 1.2852851152420044 758.8785400390625 170.21885681152344 779.186279296875 211.52059936523438 0.79054034 1.8453844 0.70220757 7.1528587 1.7280024 32.654778 1.5009241104125977 0.3658091127872467
Pedestrian 0.0 0 2.5844955444335938 935.8859252929688 152.7751007080078 978.0654907226562 221.2204132080078 0.78407747 1.7369733 0.59883374 8.913529 1.2277784 18.64919 3.0303544998168945 0.2772994637489319
Pedestrian 0.0 0 -1.8358441591262817 773.8711547851562 170.0119171142578 795.2802124023438 207.4156036376953 0.9958157 1.6655859 0.70333695 7.8495913 1.5393857 32.63522 -1.5998027324676514 0.25668516755104065
Pedestrian 0.0 0 1.1757748126983643 829.688232421875 170.3346405029297 851.2377319335938 209.84939575195312 0.76512444 1.6613827 0.6275586 9.773833 1.5558155 30.742476 1.4835952520370483 0.21011757850646973
Cyclist 0.0 0 -1.7762596607208252 737.3539428710938 165.96946716308594 760.8698120117188 214.47360229492188 1.7232251 1.726185 0.504185 5.060088 1.4815334 26.541422 -1.5878716707229614 0.8454079627990723
Cyclist 0.0 0 -1.9850788116455078 832.27587890625 145.72064208984375 911.9884033203125 264.5058898925781 1.7170967 1.8236907 0.5894955 4.2447047 1.4074744 11.952675 -1.6438448429107666 0.774097740650177
Cyclist 0.0 0 -3.1186728477478027 931.3082885742188 154.45632934570312 1000.1517944335938 223.53562927246094 1.5643226 1.7156811 0.5466735 9.072565 1.2591075 18.520395 -2.66316294670105 0.24161076545715332
Cyclist 0.0 0 1.2237930297851562 706.5487060546875 174.75608825683594 726.9603271484375 204.98190307617188 1.7241071 1.7244351 0.62934387 6.1965604 1.838396 42.183983 1.3696436882019043 0.18662646412849426
Car 0.0 0 -0.5248661041259766 1008.3531494140625 185.7224578857422 1063.475830078125 204.19186401367188 3.9952745 1.5941136 1.5192817 37.806114 2.7520788 64.12943 0.007817983627319336 0.39556634426116943
Car 0.0 0 -1.7899099588394165 480.5552673339844 161.4601287841797 591.9761962890625 240.887451171875 3.559591 1.4795175 1.5935395 -1.7323362 1.2676382 15.37974 -1.9020746946334839 0.288274884223938
