Pedestrian 0.0 0 -0.5345304608345032 557.6085815429688 173.17303466796875 589.0894165039062 226.13461303710938 0.80274457 1.6299391 0.58385515 -0.9099743 1.3747836 22.568007 -0.5748300552368164 0.7837861180305481
Pedestrian 0.0 0 1.6558897495269775 366.2848815917969 165.92005920410156 440.5046691894531 320.8544616699219 0.7575738 1.7112151 0.7761141 -2.3344028 1.540493 8.375473 1.3840693235397339 0.700309693813324
Pedestrian 0.0 0 2.193774700164795 687.823974609375 169.26947021484375 725.4168090820312 240.5383758544922 0.6083116 1.7090744 0.6906751 2.5550184 1.4169755 17.682152 2.337278366088867 0.2626839280128479
Pedestrian 0.0 0 2.486309766769409 1051.781494140625 102.11771392822266 1138.8634033203125 254.0288848876953 0.684397 1.8008238 0.5527439 5.995557 0.8611351 8.808484 3.083935499191284 0.1829097867012024
Pedestrian 0.0 0 -2.270686388015747 712.5257568359375 160.3480987548828 746.4230346679688 229.61192321777344 0.6394965 1.8196067 0.6334324 3.4068599 1.2651013 19.303976 -2.0960004329681396 0.15256325900554657
Pedestrian 0.0 0 2.4702694416046143 797.8142700195312 170.9925994873047 839.5255737304688 248.2403564453125 0.65000564 1.7966468 0.7135434 5.148238 1.553469 17.156427 2.761796236038208 0.13772141933441162
Pedestrian 0.0 0 2.461374282836914 769.1006469726562 152.800048828125 800.3720092773438 212.71165466308594 0.64749813 1.6904877 0.585202 5.2419767 0.88182485 20.667425 2.709770917892456 0.13132135570049286
Pedestrian 0.0 0 -1.0333871841430664 1028.31640625 197.21444702148438 1222.6507568359375 374.0 0.82121456 1.7980106 0.71792096 3.37644 1.9137087 4.72847 -0.41328316926956177 0.13092997670173645
Pedestrian 0.0 0 0.6536741852760315 0.0 156.59909057617188 140.05682373046875 355.49371337890625 0.95645225 1.8500392 0.59017944 -5.2018623 1.6197968 6.9804516 0.013249397277832031 0.11943662911653519
Pedestrian 0.0 0 2.634404182434082 774.3724975585938 184.19166564941406 834.3843383789062 323.04937744140625 0.5040477 1.753475 0.65399045 2.6165931 1.7916676 9.46005 2.90425181388855 0.11529058963060379
Cyclist 0.0 0 1.1374564170837402 760.9627685546875 193.70480346679688 853.9899291992188 326.4959716796875 1.6467382 1.5540248 0.5143288 2.6053178 1.7298623 9.414995 1.4074211120605469 0.24051044881343842
Cyclist 0.0 0 -1.7934149503707886 767.7529907226562 150.9066162109375 798.3726806640625 211.78619384765625 1.7134466 1.678188 0.48170248 5.1765995 0.8360133 20.660799 -1.5479170083999634 0.21644937992095947
Cyclist 0.0 0 -1.7465615272521973 717.59423828125 158.7387237548828 743.992431640625 226.5478057861328 1.2579108 1.7727963 0.48523864 3.452145 1.1788975 19.40651 -1.5705170631408691 0.19342802464962006
Cyclist 0.0 0 -1.6536903381347656 698.1305541992188 170.6304931640625 728.1906127929688 247.23594665527344 1.3652451 1.8151586 0.61641896 2.7078855 1.5588073 17.720442 -1.5020520687103271 0.15533508360385895
Car 0.0 0 0.9863258004188538 936.510009765625 251.82684326171875 1238.0 374.0 3.7527568 1.4463032 1.5301476 2.7217572 1.9325856 2.977534 1.7268753051757812 0.19542023539543152
Car 0.0 0 -0.11954432725906372 807.35107421875 163.41171264648438 965.5446166992188 222.07545471191406 3.8103502 1.4878279 1.5675057 7.550207 1.0302536 19.44779 0.2507741451263428 0.16010984778404236
Car 0.0 0 1.4092235565185547 1180.3221435546875 190.97430419921875 1238.0 335.6033630371094 4.321835 1.4442661 1.6643063 9.103376 1.6036257 9.724278 2.1616554260253906 0.1302536576986313
Car 0.0 0 1.2961894273757935 738.8388671875 200.4144287109375 913.753662109375 319.73968505859375 3.6995652 1.4254807 1.5414387 3.1812158 1.7658492 11.021019 1.577201008796692 0.12737280130386353
Car 0.0 0 2.6694655418395996 669.6631469726562 158.3583526611328 754.0949096679688 191.6529083251953 3.7042284 1.5455608 1.6069422 5.313947 0.4722294 34.68859 2.8214738368988037 0.11540921032428741
