Car 0.0 0 -1.8430510759353638 707.8695678710938 182.7640380859375 899.8973999023438 306.02154541015625 4.3490815 1.4828044 1.6741343 2.6822224 1.667813 11.2367 -1.6087337732315063 0.9778789281845093
Car 0.0 0 -0.2607894837856293 803.9728393554688 179.03765869140625 1012.5975341796875 249.80291748046875 4.0063004 1.4568416 1.6374495 6.4501166 1.604139 16.089216 0.12048983573913574 0.9448097944259644
Car 0.0 0 0.4208780527114868 108.55839538574219 179.9492645263672 407.685546875 267.5289611816406 4.4059577 1.3962134 1.5250603 -5.9559684 1.5270771 12.450742 -0.025310225784778595 0.9260855317115784
Car 0.0 0 3.3194124698638916 372.590576171875 178.97727966308594 498.6903381347656 221.9407196044922 4.052215 1.4258837 1.5511955 -6.030234 1.6467572 25.089922 3.0835413932800293 0.913124680519104
Car 0.0 0 0.7598134875297546 0.0 174.5955810546875 228.85682678222656 332.2366638183594 4.354495 1.503887 1.6288376 -6.773034 1.5253152 7.8137627 0.04564189910888672 0.9093126058578491
Car 0.0 0 -0.2654425799846649 728.439453125 180.51416015625 838.709716796875 220.73687744140625 3.8613064 1.4900527 1.6014923 6.6177793 1.7960067 27.918974 -0.032702818512916565 0.879124641418457
Car 0.0 0 -0.17658251523971558 680.1972045898438 177.4524688720703 756.2123413085938 207.68136596679688 3.9294684 1.626446 1.6844326 5.9212084 1.887438 39.992912 -0.029593877494335175 0.8657750487327576
Car 0.0 0 3.344499349594116 328.2522888183594 175.83140563964844 470.3865661621094 224.66741943359375 4.0362263 1.4569216 1.5719904 -6.547404 1.5543644 22.581266 3.0622894763946533 0.8606575727462769
Car 0.0 0 3.647629737854004 0.0 173.25454711914062 242.3818817138672 292.4195861816406 3.462713 1.4939528 1.5438548 -7.2854347 1.500421 10.027015 3.0192863941192627 0.848773181438446
Car 0.0 0 -0.2636677026748657 718.3765869140625 175.32730102539062 810.527099609375 214.3695068359375 3.484082 1.585045 1.605387 6.4007244 1.6923615 30.302286 -0.05549861490726471 0.7891114950180054
