Car 0.0 0 -1.2868688106536865 258.6697082519531 192.86000061035156 466.3180847167969 316.8530578613281 4.3825607 1.3793197 1.6195554 -3.3075144 1.5153537 10.47374 -1.5927492380142212 0.9713290929794312
Car 0.0 0 -1.3863866329193115 410.0307922363281 179.68234252929688 513.8008422851562 250.40525817871094 4.2141256 1.4783922 1.6611675 -3.3716018 1.3638542 17.138325 -1.5806348323822021 0.9631001353263855
Car 0.0 0 -1.5671581029891968 555.4033203125 176.67068481445312 625.0758666992188 238.9234619140625 3.4217014 1.5275185 1.7110056 -0.5146667 1.3189778 19.365063 -1.5937288999557495 0.9549756050109863
Car 0.0 0 -1.2108206748962402 267.59771728515625 178.86593627929688 378.430908203125 236.119873046875 3.848057 1.4568583 1.6382397 -7.906571 1.2964164 20.222212 -1.5835310220718384 0.9160246849060059
Car 0.0 0 -1.257766604423523 344.71942138671875 177.6581268310547 397.59246826171875 207.26734924316406 3.8781774 1.5223119 1.6012477 -12.761725 1.1348829 38.89736 -1.574788212776184 0.6624837517738342
Car 0.0 0 1.7487691640853882 394.6661071777344 174.25222778320312 445.9928283691406 209.2222442626953 3.7367992 1.4712408 1.5855758 -8.352842 1.0111228 32.16284 1.4946776628494263 0.5630636811256409
Car 0.0 0 -1.4291949272155762 467.16412353515625 173.5515899658203 533.567138671875 222.37393188476562 4.169342 1.5095297 1.644018 -3.576796 1.1500204 24.310738 -1.5752750635147095 0.47475293278694153
Car 0.0 0 1.6467177867889404 513.9705810546875 174.240234375 554.1095581054688 209.83717346191406 3.8245728 1.5640308 1.5769995 -3.416725 1.0829312 33.51265 1.54511559009552 0.44570791721343994
Car 0.0 0 -1.5967679023742676 258.5328674316406 183.01979064941406 303.0163879394531 221.8885498046875 2.9388068 1.4377823 1.5076395 -12.914731 1.3576858 28.238377 -2.025714635848999 0.4026796221733093
Car 0.0 0 1.6993300914764404 452.6249694824219 173.93983459472656 483.82073974609375 198.70486450195312 3.1943998 1.4979641 1.5273336 -8.747643 0.8170516 45.11979 1.5078299045562744 0.36918365955352783
Car 0.0 0 1.3000781536102295 622.554443359375 173.91275024414062 668.1094360351562 203.34414672851562 3.8991654 1.6047598 1.6190647 2.0752704 0.9895936 41.27159 1.3503191471099854 0.350789874792099
