Car 0.0 0 -0.461814820766449 821.3338623046875 183.42112731933594 1119.189453125 283.1809387207031 4.0722957 1.4977175 1.6758282 5.7125225 1.6847566 11.878658 -0.013558443635702133 0.9728266000747681
Car 0.0 0 0.31612247228622437 287.02508544921875 181.11968994140625 462.0788269042969 237.879150390625 4.290043 1.4816161 1.6604038 -6.4463167 1.7196988 19.912256 0.0030341148376464844 0.9547128081321716
Car 0.0 0 -1.6719162464141846 646.3495483398438 182.6865997314453 700.36328125 222.85597229003906 3.7856128 1.3048177 1.5676367 2.1932437 1.6892462 26.274708 -1.588635802268982 0.9446938037872314
Car 0.0 0 -2.6184144020080566 65.12149810791016 187.58192443847656 348.48834228515625 284.3354187011719 3.7466807 1.4261109 1.5243602 -6.435094 1.6811057 11.673856 -3.122208833694458 0.8969448208808899
Car 0.0 0 3.7990219593048096 0.0 173.00314331054688 190.2001953125 375.0 4.0266247 1.6662954 1.7061284 -6.411559 1.6682359 6.574613 3.026179075241089 0.8834797143936157
Car 0.0 0 3.721569776535034 0.0 194.4176025390625 279.5293273925781 330.05780029296875 4.1649923 1.4725373 1.6123936 -6.6517897 1.7705976 9.040495 3.087233543395996 0.8230218291282654
Car 0.0 0 0.22413372993469238 363.80029296875 172.31967163085938 493.6371765136719 217.24722290039062 4.50566 1.6477724 1.7312338 -6.8389297 1.6285332 27.37259 -0.020699910819530487 0.7808617353439331
Car 0.0 0 1.4770207405090332 637.991943359375 177.132568359375 676.4790649414062 208.10707092285156 3.8584516 1.4186131 1.5253948 2.2374902 1.6412721 35.5343 1.5399047136306763 0.6600013971328735
Car 0.0 0 0.22492609918117523 420.0255432128906 184.95651245117188 520.264404296875 218.0358123779297 4.2399983 1.4396753 1.592934 -6.367403 2.0065107 32.90238 0.03376507759094238 0.5980151295661926
Car 0.0 0 3.2574310302734375 456.0776672363281 175.13511657714844 527.0423583984375 202.8446807861328 3.887556 1.5616531 1.626612 -6.8376355 1.6967499 41.713356 3.094956398010254 0.5826807022094727
Car 0.0 0 -2.601755380630493 128.74099731445312 188.1439971923828 359.4394226074219 270.7571716308594 3.702547 1.453745 1.5665603 -7.024172 1.7692139 13.950476 -3.0682051181793213 0.5801424384117126
