Pedestrian 0.0 0 1.0662519931793213 836.9976196289062 161.62171936035156 863.1732788085938 205.15956115722656 0.97510225 1.8854047 0.7102697 10.530117 1.3993497 31.787891 1.3861371278762817 0.4617888629436493
Pedestrian 0.0 0 0.7387619018554688 62.057411193847656 150.28614807128906 149.90496826171875 259.7312316894531 1.216985 1.8313524 0.5003112 -8.702664 1.4540807 12.395808 0.12665128707885742 0.20137324929237366
Pedestrian 0.0 0 1.1397085189819336 973.3173828125 140.7545928955078 1012.2042846679688 204.03717041015625 0.98172486 1.8975797 0.7070236 11.687583 0.935411 22.142572 1.6253739595413208 0.16176924109458923
Pedestrian 0.0 0 0.8602954149246216 1135.008544921875 158.16273498535156 1188.6873779296875 228.67529296875 0.90962356 1.708462 0.6156286 13.667035 1.3528627 17.951918 1.5109978914260864 0.11381562054157257
Cyclist 0.0 0 1.2917301654815674 927.7684326171875 169.36135864257812 952.4158325195312 214.08604431152344 1.589588 1.631689 0.4180714 12.359258 1.5046252 27.138044 1.7190837860107422 0.10423104465007782
Car 0.0 0 1.8022269010543823 444.4442138671875 182.6401824951172 565.2201538085938 264.64678955078125 3.9539871 1.5067242 1.7349567 -2.1944768 1.7491074 15.7925625 1.6641546487808228 0.9621812701225281
Car 0.0 0 1.704779028892517 577.0108642578125 179.14700317382812 622.510009765625 212.03927612304688 3.5954602 1.3587012 1.5776604 -0.4466179 1.6580627 32.400738 1.690995693206787 0.8758504986763
Car 0.0 0 -1.95299232006073 617.3494873046875 170.68418884277344 669.9266967773438 197.99078369140625 4.0403495 1.5007453 1.6481203 1.8565196 1.3818521 41.831417 -1.9086403846740723 0.13234879076480865
Car 0.0 0 -1.752408504486084 711.16796875 179.21080017089844 749.933349609375 206.71693420410156 3.638675 1.4948384 1.5802976 6.916519 1.8804277 41.890297 -1.588774561882019 0.1193983182311058
Car 0.0 0 1.510140299797058 898.5170288085938 169.1754608154297 942.8975219726562 206.26535034179688 3.6525443 1.4522651 1.4763168 12.911438 1.3085889 30.217432 1.9139442443847656 0.11669035255908966
Car 0.0 0 -1.3539713621139526 297.06671142578125 159.64610290527344 364.5195617675781 205.3381805419922 4.240978 1.7460797 1.721721 -11.468482 1.2417103 29.795782 -1.7213956117630005 0.10056156665086746
