Pedestrian 0.0 0 1.2118078470230103 1054.13525390625 148.15379333496094 1077.4705810546875 198.39369201660156 0.51956433 1.9418913 0.62811315 17.77088 0.9875275 28.20423 1.7740508317947388 0.37286558747291565
Pedestrian 0.0 0 -1.496384620666504 593.5673828125 156.92752075195312 608.221435546875 194.20098876953125 0.5120713 1.9377638 0.73207086 -0.5112879 1.11014 37.786213 -1.5099148750305176 0.3271667957305908
Pedestrian 0.0 0 -1.4140909910202026 991.5545043945312 178.6448516845703 1015.1298828125 228.19140625 0.7735617 1.5190554 0.5382863 12.332471 1.7053944 22.699715 -0.9164159297943115 0.32647863030433655
Pedestrian 0.0 0 -0.1038680374622345 809.1571655273438 174.8310089111328 850.4070434570312 241.6138153076172 1.0425421 1.8181564 0.5511639 6.044353 1.8744185 20.031584 0.18918538093566895 0.289397656917572
Pedestrian 0.0 0 1.3380401134490967 1069.6009521484375 148.40614318847656 1092.7403564453125 197.34613037109375 0.6341726 1.8347204 0.6061686 17.87603 0.918548 27.447931 1.9153079986572266 0.17014972865581512
Pedestrian 0.0 0 -1.2645018100738525 1020.005859375 139.2216033935547 1044.3834228515625 189.6365509033203 0.5681872 1.9975045 0.7088082 16.949854 0.66530436 29.038885 -0.7361575365066528 0.13890869915485382
Pedestrian 0.0 0 -0.6875145435333252 1204.08447265625 182.3877716064453 1242.0 304.2852783203125 0.4696203 1.5528394 0.43911144 8.143188 1.68106 9.449131 0.023785829544067383 0.13358916342258453
Pedestrian 0.0 0 -2.389599084854126 520.8331298828125 145.74569702148438 541.901123046875 191.53680419921875 0.5500383 1.9502392 0.7378344 -3.4380057 0.7960572 31.187616 -2.499392032623291 0.13054274022579193
Pedestrian 0.0 0 -1.3739502429962158 1022.2496337890625 174.25450134277344 1047.962890625 225.0686492919922 0.7538967 1.551411 0.55577785 13.224455 1.5963881 22.518589 -0.842944860458374 0.12870539724826813
Pedestrian 0.0 0 2.4174423217773438 1159.2747802734375 202.3807830810547 1229.2130126953125 303.5122985839844 0.7388102 1.6126062 0.523183 9.608993 2.1132398 11.943815 3.09493088722229 0.12714965641498566
Pedestrian 0.0 0 0.9066128134727478 993.2760009765625 160.12551879882812 1012.5214233398438 207.16781616210938 0.34963346 1.919166 0.60860246 16.106934 1.400245 29.656412 1.404157042503357 0.12255602329969406
Pedestrian 0.0 0 1.7370803356170654 790.1029663085938 173.74391174316406 814.668212890625 231.31324768066406 0.9268157 1.7617965 0.6015145 5.9967794 1.7907567 22.641596 1.9959921836853027 0.11925012618303299
Pedestrian 0.0 0 -2.2240281105041504 968.2538452148438 157.7738494873047 1015.6959838867188 224.97462463378906 1.1473787 1.7934096 0.5734126 10.454065 1.3913187 19.866886 -1.7396365404129028 0.11505263298749924
Pedestrian 0.0 0 0.7657245397567749 531.7315063476562 141.4897918701172 551.247314453125 182.5228271484375 0.6025167 1.9335787 0.7127104 -3.3102257 0.4559771 34.4643 0.6699702739715576 0.11166393011808395
Pedestrian 0.0 0 -1.9918951988220215 866.7114868164062 156.9152374267578 896.2945556640625 208.47732543945312 0.95912933 1.785819 0.64033306 9.537331 1.2341484 25.486017 -1.6338101625442505 0.10037928074598312
Pedestrian 0.0 0 1.4295775890350342 454.0553283691406 149.20562744140625 469.28387451171875 191.912109375 0.36896625 1.9315921 0.6344528 -6.807105 0.86234635 32.91296 1.2256317138671875 0.10006273537874222
Cyclist 0.0 0 1.1304826736450195 865.390625 159.27114868164062 894.7064208984375 208.46519470214844 1.0347117 1.7081565 0.5870644 9.524823 1.2368795 25.591244 1.4867881536483765 0.10242804884910583
Car 0.0 0 -1.7684589624404907 677.4722290039062 184.53775024414062 766.23388671875 247.17681884765625 3.9684563 1.4677747 1.6133398 2.8845682 1.819668 19.68298 -1.62294340133667 0.9771149158477783
Car 0.0 0 -0.9418286085128784 427.25299072265625 155.7506561279297 483.3575134277344 187.49566650390625 4.5893617 2.2822044 1.7693862 -11.607006 1.0529726 54.326065 -1.1523183584213257 0.14713266491889954
Car 0.0 0 -0.5689598321914673 796.6110229492188 164.7479705810547 903.380126953125 205.01707458496094 3.816767 1.549377 1.5929893 9.583279 1.2378509 29.002422 -0.24982431530952454 0.10790234804153442
