Pedestrian 0.0 0 1.0757551193237305 825.220703125 134.00953674316406 897.0050659179688 251.88685607910156 1.0030084 1.8395997 0.71601593 4.0372725 1.2337488 11.811288 1.4051194190979004 0.36836880445480347
Pedestrian 0.0 0 -2.8639063835144043 667.396728515625 178.3697967529297 684.9635009765625 209.44679260253906 0.89439774 1.740134 0.4827564 3.719636 2.0562983 40.922565 -2.773261070251465 0.23543527722358704
Pedestrian 0.0 0 -1.931805968284607 260.1218566894531 155.29202270507812 284.5995178222656 205.16033935546875 0.5790569 1.9252503 0.71094835 -13.2905035 1.2475982 28.310144 -2.370725154876709 0.22646686434745789
Pedestrian 0.0 0 -2.8454973697662354 385.7769775390625 169.50357055664062 405.519775390625 198.1240997314453 1.0734918 1.7959869 0.57914317 -13.566139 1.5860991 45.56818 -3.134852647781372 0.19000159204006195
Pedestrian 0.0 0 2.5996739864349365 906.3244018554688 98.69320678710938 979.9849853515625 237.52037048339844 0.756941 1.7873856 0.46054202 4.3514867 0.83293086 9.559062 3.0268611907958984 0.17989800870418549
Pedestrian 0.0 0 -1.4510042667388916 318.8527526855469 159.3955841064453 338.9910888671875 207.9195098876953 0.53904885 1.938104 0.7000603 -11.399533 1.4009168 29.164852 -1.8236112594604492 0.17213816940784454
Pedestrian 0.0 0 -0.21442489326000214 712.3161010742188 148.5299530029297 734.3628540039062 193.12730407714844 0.7554962 1.7875721 0.6793289 4.5529556 0.8129624 29.280035 -0.06016336381435394 0.16920915246009827
Pedestrian 0.0 0 -0.3419221341609955 921.8515625 137.76754760742188 1055.0537109375 323.21893310546875 1.0488822 1.7717259 0.58149695 3.7144957 1.4368824 7.24762 0.1316852569580078 0.12970617413520813
Car 0.0 0 1.839047908782959 344.39697265625 190.5029296875 479.4201354980469 288.1455078125 3.496953 1.4895675 1.5243403 -3.5664108 1.8605114 13.39332 1.5788038969039917 0.9734125137329102
Car 0.0 0 2.9242727756500244 403.16802978515625 185.3898162841797 490.802734375 218.28260803222656 4.041902 1.5273005 1.6635026 -8.242758 2.1871784 36.344128 2.7012481689453125 0.9012994766235352
Car 0.0 0 1.5418388843536377 520.93310546875 182.66847229003906 549.4988403320312 210.4434814453125 4.012373 1.5630461 1.6158278 -4.64935 2.1928844 44.179283 1.4369865655899048 0.6029159426689148
Car 0.0 0 1.7282323837280273 467.91790771484375 180.11724853515625 505.6907653808594 207.57896423339844 3.8329175 1.4863834 1.5869341 -7.1544704 1.9288831 41.994728 1.5594866275787354 0.14222660660743713
Car 0.0 0 -2.957566976547241 680.8728637695312 182.31224060058594 767.0343627929688 212.59454345703125 4.3243833 1.5175467 1.6456814 6.061587 2.0433764 38.587246 -2.8017525672912598 0.1370410919189453
