Pedestrian 0.0 0 1.8973774909973145 542.5452270507812 159.341064453125 570.3001708984375 217.23716735839844 0.85335267 1.8399401 0.6612238 -1.7786428 1.4108567 23.423124 1.8215875625610352 0.35099613666534424
Pedestrian 0.0 0 0.05675265192985535 468.1783752441406 162.45533752441406 485.0244140625 195.76698303222656 0.9049681 1.8664153 0.590284 -7.569745 1.284148 40.774227 -0.12680776417255402 0.2770653963088989
Pedestrian 0.0 0 -0.8833423256874084 333.96832275390625 153.64324951171875 420.9100646972656 308.6785888671875 0.6581197 1.8582939 0.81053144 -2.978416 1.6283866 9.099426 -1.1996703147888184 0.2645742893218994
Pedestrian 0.0 0 3.2100751399993896 415.6053161621094 160.41786193847656 433.4369812011719 192.80715942382812 0.97314274 1.8641158 0.45646882 -10.7859125 1.148731 41.837555 2.9577646255493164 0.23527051508426666
Car 0.0 0 3.0297954082489014 521.8590698242188 165.90225219726562 599.5169677734375 195.4237823486328 3.837563 1.4761187 1.6185856 -2.605056 1.1288792 37.217827 2.959914445877075 0.8565731644630432
Car 0.0 0 -0.3974910378456116 774.1475830078125 160.91403198242188 845.6127319335938 186.95228576660156 4.661704 1.8427291 1.7768179 14.415386 0.9980941 52.239735 -0.12824484705924988 0.4098186492919922
Car 0.0 0 1.2171729803085327 731.6428833007812 160.41297912597656 776.4464111328125 185.5948944091797 4.153945 1.7289634 1.8165759 10.240498 0.8751339 51.731422 1.4126014709472656 0.3775709867477417
Car 0.0 0 -2.4234206676483154 1006.5006103515625 155.67080688476562 1068.4171142578125 177.47023010253906 3.880427 1.582913 1.6688709 32.191044 0.33555296 54.49408 -1.8898484706878662 0.34581148624420166
Car 0.0 0 1.2297258377075195 0.0 172.8431854248047 71.71952819824219 215.3116912841797 4.1440697 1.5755128 1.640262 -23.25432 1.5754701 28.54206 0.5460622310638428 0.28246912360191345
Car 0.0 0 1.9210087060928345 162.1373748779297 170.8050079345703 207.61097717285156 195.86322021484375 3.9008164 1.7472078 1.603377 -30.820759 1.604697 52.370327 1.3890763521194458 0.2604757845401764
