Pedestrian 0.0 0 -1.4449222087860107 1003.96484375 164.23040771484375 1040.25244140625 242.56158447265625 0.89516985 1.7044716 0.6034389 9.229857 1.5171819 16.2369 -0.9280247688293457 0.7242657542228699
Pedestrian 0.0 0 -0.3310643434524536 545.440673828125 170.96176147460938 558.7627563476562 193.48033142089844 0.9439505 1.7896805 0.5243885 -4.660984 1.6396512 57.771156 -0.41157010197639465 0.6212306618690491
Pedestrian 0.0 0 -1.6471222639083862 611.7957153320312 173.7769012451172 623.4912109375 202.80007934570312 1.0245036 1.6695853 0.60406804 0.4075489 1.7244368 42.06942 -1.6374350786209106 0.2588515877723694
Pedestrian 0.0 0 -0.6324151158332825 1217.58154296875 167.768310546875 1242.0 243.5570068359375 0.56588537 1.729333 0.5061748 14.539466 1.6136469 16.73681 0.08284235000610352 0.19388526678085327
Pedestrian 0.0 0 0.5855720639228821 367.7578125 186.11122131347656 405.8100891113281 246.4367218017578 0.90632993 1.7378829 0.5817649 -6.6541286 2.138363 21.368202 0.28368663787841797 0.17075730860233307
Car 0.0 0 1.6480967998504639 444.8890075683594 179.64320373535156 498.1675109863281 221.38108825683594 4.233688 1.4278051 1.6763756 -5.257565 1.7084765 27.591515 1.4598040580749512 0.9562119245529175
Car 0.0 0 1.292893886566162 643.428955078125 163.41749572753906 718.2775268554688 213.77183532714844 4.1560345 1.7258584 1.6838039 2.5029347 1.4027871 26.924955 1.385587215423584 0.9362549185752869
Car 0.0 0 3.7568063735961914 0.0 190.7008514404297 157.3890838623047 287.4137878417969 3.465605 1.4814526 1.5566753 -9.989708 1.807586 12.273991 3.0736517906188965 0.9287849068641663
Car 0.0 0 1.6806952953338623 472.1911926269531 179.6544952392578 512.4215698242188 210.70956420898438 3.8873575 1.4173775 1.5526576 -5.8190355 1.7736332 35.77732 1.5194612741470337 0.4227368235588074
Car 0.0 0 -1.6974303722381592 606.9737548828125 173.9685516357422 640.94091796875 200.48358154296875 3.9831676 1.5450579 1.5851263 0.779261 1.6170135 44.281715 -1.6798343658447266 0.17615528404712677
