Pedestrian 0.0 0 1.9337788820266724 482.0863037109375 157.19961547851562 530.7457275390625 250.5888671875 0.8718423 1.8386106 0.7233279 -1.964584 1.3614434 14.6464815 1.8004412651062012 0.8308775424957275
Pedestrian 0.0 0 -1.193589210510254 559.87890625 162.11976623535156 610.0546264648438 258.4585266113281 0.901689 1.7453936 0.66302615 -0.33993188 1.3955457 13.549159 -1.218672752380371 0.8237510919570923
Pedestrian 0.0 0 -2.095890522003174 842.6380615234375 139.63778686523438 917.6041870117188 278.43902587890625 0.898199 1.7599177 0.5539479 3.6561668 1.2304642 9.593133 -1.731762409210205 0.7932333946228027
Pedestrian 0.0 0 1.220984935760498 730.2085571289062 145.4483184814453 777.5524291992188 240.10670471191406 0.6599803 1.7409147 0.6894739 2.8344066 1.0791333 13.58476 1.4266799688339233 0.772523820400238
Pedestrian 0.0 0 1.480033278465271 562.6902465820312 161.2252197265625 583.594970703125 214.9423828125 0.9470078 1.8251324 0.63908505 -1.0111269 1.1373372 24.91531 1.439473032951355 0.6415619850158691
Pedestrian 0.0 0 0.1674349009990692 624.0079956054688 162.10110473632812 638.7179565429688 189.85671997070312 0.9326567 1.8745435 0.4806938 2.047863 0.56505644 48.843952 0.2093369960784912 0.5239904522895813
Pedestrian 0.0 0 0.4554058909416199 592.7399291992188 164.28514099121094 626.8486328125 215.2046356201172 1.0208467 1.7316196 0.6071244 0.2676214 1.1472684 24.926392 0.466141939163208 0.4900147616863251
Pedestrian 0.0 0 0.9096801280975342 582.259765625 162.16453552246094 606.6929321289062 211.29835510253906 0.7181685 1.7425011 0.558031 -0.27502948 1.0578377 25.927422 0.8990728855133057 0.4633452892303467
Pedestrian 0.0 0 -2.5266759395599365 351.8488464355469 158.4780731201172 398.7450866699219 260.0553894042969 0.5697169 1.7160008 0.5417933 -3.9646623 1.3283621 12.476972 -2.8343441486358643 0.45132678747177124
Pedestrian 0.0 0 1.8680793046951294 0.0 116.35031127929688 198.8515625 374.0 0.84141016 1.6295128 0.6225983 -2.4641669 1.3577467 3.5062168 1.2554770708084106 0.43183159828186035
Pedestrian 0.0 0 -1.2905062437057495 330.0711975097656 181.7164306640625 412.2519836425781 320.06402587890625 0.76375186 1.6763935 0.8142676 -2.9411654 1.6805824 9.097661 -1.6031889915466309 0.4278241693973541
Pedestrian 0.0 0 -1.5548943281173706 544.26416015625 163.15286254882812 561.1249389648438 213.22511291503906 0.8747732 1.8206046 0.61024565 -1.8186679 1.1545566 26.568502 -1.6232397556304932 0.36806994676589966
Pedestrian 0.0 0 -1.1391927003860474 804.1216430664062 153.31069946289062 837.4993896484375 220.03253173828125 0.67779917 1.6729246 0.5918378 5.6062565 0.96731484 18.458183 -0.844319760799408 0.34029120206832886
Pedestrian 0.0 0 -0.6699388027191162 832.0969848632812 178.11724853515625 873.9981079101562 266.7998046875 0.5875683 1.6076071 0.43933293 4.624118 1.5475543 13.323343 -0.33587759733200073 0.2913081645965576
Pedestrian 0.0 0 2.313936471939087 266.345703125 156.00270080566406 334.9853210449219 250.74856567382812 1.0522988 1.6653191 0.6183123 -5.55949 1.2184358 13.223058 1.9159352779388428 0.2831019163131714
Pedestrian 0.0 0 -2.5750091075897217 400.1700744628906 177.01300048828125 444.1138610839844 258.2574157714844 0.7150987 1.7131139 0.5958754 -3.91115 1.6197336 15.5394335 -2.8215794563293457 0.2754019796848297
Pedestrian 0.0 0 2.172761917114258 641.4994506835938 158.95933532714844 656.736328125 198.63510131835938 0.56142247 1.8482671 0.48338273 2.236083 0.79914784 33.830585 2.238762378692627 0.26733919978141785
Pedestrian 0.0 0 0.8983414173126221 623.0966186523438 162.29684448242188 674.3759155273438 220.89996337890625 1.7074245 1.6030694 0.5012626 1.2996572 1.0789292 20.490778 0.9616830348968506 0.19429852068424225
Cyclist 0.0 0 1.5439079999923706 524.7756958007812 164.53883361816406 549.1442260742188 233.95396423339844 1.7254077 1.6914098 0.56856686 -1.697894 1.2793167 18.3911 1.4518474340438843 0.9129021763801575
Cyclist 0.0 0 0.9009540677070618 622.8800048828125 162.1621856689453 674.231689453125 220.86212158203125 1.7089632 1.6056318 0.50625944 1.2945629 1.0778366 20.492449 0.9640429019927979 0.36819320917129517
Cyclist 0.0 0 2.5049312114715576 256.6693115234375 156.44102478027344 342.885498046875 247.5959014892578 1.4062852 1.5810276 0.5588446 -5.558695 1.147672 13.203754 2.106458902359009 0.2900875210762024
Cyclist 0.0 0 2.045907497406006 0.0 122.3227767944336 209.86801147460938 374.0 1.0440669 1.6998616 0.58478135 -2.4609354 1.4620197 3.4603522 1.4277169704437256 0.24958328902721405
Cyclist 0.0 0 0.45340389013290405 591.8349609375 164.43821716308594 626.8079223632812 215.3155517578125 1.0531502 1.7293344 0.6091793 0.2510624 1.1504747 24.92166 0.46347761154174805 0.17219440639019012
Cyclist 0.0 0 2.2401623725891113 797.168212890625 155.85923767089844 836.7573852539062 222.6138458251953 0.8386208 1.6727346 0.58091855 5.51149 1.0314133 18.47595 2.530064582824707 0.11911026388406754
