Pedestrian 0.0 0 1.5711774826049805 458.7331237792969 178.4681854248047 494.3516845703125 263.6345520019531 0.77729976 1.5789572 0.65519345 -2.6182988 1.6907413 13.875242 1.3846677541732788 0.8384687900543213
Pedestrian 0.0 0 -1.3708128929138184 347.20721435546875 117.72223663330078 426.399658203125 290.8805847167969 0.74789006 1.6759237 0.64197326 -2.3186905 1.1426854 7.386006 -1.6750001907348633 0.34750089049339294
Pedestrian 0.0 0 -0.08372032642364502 834.6253662109375 162.1478271484375 855.1441040039062 197.5606689453125 1.0077369 1.8819883 0.49671584 12.557605 1.313375 38.699528 0.23005008697509766 0.28122079372406006
Pedestrian 0.0 0 1.3648720979690552 926.9437866210938 170.37379455566406 958.3037109375 230.19265747070312 1.1640658 1.7788628 0.6448105 10.125767 1.7054657 22.093056 1.794626235961914 0.24400053918361664
Pedestrian 0.0 0 -0.2319740653038025 988.6197509765625 123.34944152832031 1078.2967529296875 286.3218994140625 0.7852783 1.7751321 0.49227253 4.740554 1.2362754 8.205126 0.2919282913208008 0.18443617224693298
Pedestrian 0.0 0 -1.0721203088760376 244.42115783691406 144.91513061523438 277.39398193359375 199.57681274414062 0.93062896 1.8915445 0.6864516 -12.346922 0.9250895 25.44667 -1.5238642692565918 0.16981041431427002
Cyclist 0.0 0 3.1889731884002686 304.74072265625 178.78903198242188 339.75482177734375 213.09303283691406 1.7072992 1.7929299 0.6608475 -15.378892 2.114893 38.504635 2.808980941772461 0.5724270939826965
Cyclist 0.0 0 1.3566051721572876 927.8435668945312 170.2795867919922 958.7312622070312 229.366455078125 1.1125393 1.7575337 0.63306475 10.136498 1.681316 22.070581 1.7871465682983398 0.10872127115726471
Car 0.0 0 2.0450804233551025 149.30458068847656 189.73785400390625 347.577880859375 284.1658935546875 4.2652645 1.4849454 1.7080771 -6.91055 1.8695259 14.265282 1.5939650535583496 0.9624679684638977
Car 0.0 0 2.587951421737671 459.97418212890625 179.27716064453125 614.4088134765625 233.76812744140625 4.6603317 1.5294167 1.7102692 -2.2718673 1.7517451 22.837387 2.488797426223755 0.6257613301277161
Car 0.0 0 -0.8058419227600098 1175.7039794921875 156.54055786132812 1242.0 225.7274169921875 4.1056156 1.5847455 1.7038249 16.338833 1.2114394 17.486475 -0.054359257221221924 0.6229798197746277
