Pedestrian 0.0 0 -3.74776029586792 1208.4862060546875 159.6668701171875 1242.0 272.3550720214844 0.5436524 1.5992568 0.4040963 9.0706005 1.4124644 10.467364 -3.0337305068969727 0.2701902389526367
Pedestrian 0.0 0 -3.126650094985962 1092.79296875 155.95443725585938 1112.0509033203125 187.5581817626953 0.91516393 1.8126692 0.5642651 28.545916 0.84373283 41.875965 -2.528326988220215 0.26941633224487305
Pedestrian 0.0 0 -0.3539724349975586 974.2179565429688 108.13198852539062 1086.865966796875 296.4491271972656 0.8687178 1.8625753 0.5544098 4.278312 1.2227917 7.478751 0.1656513214111328 0.12955132126808167
Pedestrian 0.0 0 1.5684428215026855 804.0784912109375 147.7805938720703 818.8150024414062 185.73648071289062 0.88695294 1.8888298 0.7080799 10.130012 0.6414391 36.425316 1.8396921157836914 0.11215292662382126
Pedestrian 0.0 0 -1.3773493766784668 191.49322509765625 157.0147247314453 216.25723266601562 203.24200439453125 0.5993067 1.8331485 0.7678599 -16.368206 1.205398 29.015184 -1.8909727334976196 0.11189565807580948
Car 0.0 0 2.116483688354492 58.299461364746094 194.25692749023438 261.4783020019531 288.0710144042969 3.7936883 1.4868637 1.6372709 -8.64186 1.96471 14.196624 1.5696723461151123 0.9499098062515259
Car 0.0 0 -1.519063115119934 597.5746459960938 176.32090759277344 627.0001220703125 202.2733917236328 3.9055111 1.5126013 1.6200775 0.14755508 1.7367481 44.57819 -1.515753149986267 0.6162776947021484
Car 0.0 0 1.7787749767303467 411.5068054199219 176.15060424804688 474.9793395996094 216.78330993652344 4.268645 1.4823977 1.619708 -6.6085525 1.6242465 28.817709 1.5533499717712402 0.2730367183685303
Car 0.0 0 1.735382080078125 468.5744934082031 178.16929626464844 508.54461669921875 207.66632080078125 3.7038782 1.482434 1.5334908 -6.5124125 1.782149 38.780853 1.5690058469772339 0.15342943370342255
Car 0.0 0 1.858217716217041 337.7613830566406 179.47671508789062 430.1275329589844 235.5203399658203 3.807113 1.4675498 1.5743898 -6.585062 1.6806095 21.257217 1.5578126907348633 0.11530335992574692
Car 0.0 0 1.7862056493759155 440.9967346191406 181.08018493652344 495.529541015625 215.71812438964844 4.280063 1.4557543 1.6052779 -6.54125 1.8627217 33.504295 1.5933948755264282 0.1125917062163353
