Pedestrian 0.0 0 0.5649356842041016 394.0970153808594 143.30245971679688 482.4599914550781 282.43463134765625 1.0152044 1.8794606 0.6798172 -2.4043305 1.3786502 10.032107 0.3297088146209717 0.8917882442474365
Pedestrian 0.0 0 0.45036718249320984 677.4524536132812 148.9756317138672 755.8820190429688 260.0992126464844 1.1192782 1.8003156 0.72469115 1.8605541 1.2912419 12.065856 0.6033620834350586 0.7270593047142029
Pedestrian 0.0 0 3.598568916320801 46.35926055908203 167.4322052001953 106.91073608398438 261.7701721191406 0.7030994 1.6764612 0.580439 -9.679955 1.4458789 12.910193 2.9552011489868164 0.5498173832893372
Pedestrian 0.0 0 -1.3978557586669922 147.41026306152344 151.4597930908203 167.7187042236328 189.3765411376953 0.92492974 1.9496353 0.7496266 -23.371916 0.4578418 36.921146 -1.9622032642364502 0.48060452938079834
Pedestrian 0.0 0 -3.0112152099609375 1201.8623046875 151.5481719970703 1224.0 213.4384002685547 0.668801 1.6929663 0.58864534 17.156418 0.90258753 19.78136 -2.2967617511749268 0.27657216787338257
Pedestrian 0.0 0 0.3956781327724457 926.7069702148438 125.47917175292969 976.4453735351562 239.62142944335938 0.60023856 1.8658224 0.52408624 5.8138323 0.9680786 11.951191 0.8484389781951904 0.2607903480529785
Cyclist 0.0 0 -1.6385159492492676 959.4304809570312 147.54837036132812 983.8910522460938 211.5142822265625 1.8641417 1.7739941 0.5010033 10.613655 0.8617091 20.558756 -1.1619454622268677 0.8812205195426941
Cyclist 0.0 0 -0.7005593776702881 1084.973876953125 141.2410125732422 1148.19287109375 191.73797607421875 1.8620627 1.7541133 0.59310615 17.997223 0.39190355 24.921389 -0.0751153975725174 0.8391420245170593
Cyclist 0.0 0 0.11256156861782074 350.2163391113281 156.9427032470703 458.1673583984375 267.5244140625 1.7152541 1.8156457 0.57161397 -3.4297476 1.4305091 12.027072 -0.16523383557796478 0.803382933139801
Cyclist 0.0 0 0.2460390329360962 294.4874572753906 176.531982421875 374.17694091796875 247.24639892578125 1.6401312 1.6160984 0.63606036 -6.3599887 1.5270227 16.568127 -0.1204843521118164 0.3422575891017914
Car 0.0 0 -1.053269624710083 0.0 185.2750701904297 379.13751220703125 370.0 3.8191469 1.4643481 1.5746812 -3.2249334 1.5167385 5.588096 -1.5766865015029907 0.972612202167511
Car 0.0 0 1.7970764636993408 452.75396728515625 170.39344787597656 490.7339782714844 194.82322692871094 3.895494 1.5204647 1.5953602 -8.615876 0.89280057 45.979256 1.611838459968567 0.7287664413452148
Car 0.0 0 -0.7579177021980286 1169.391845703125 144.18173217773438 1224.0 197.44778442382812 4.017427 1.5334716 1.6826153 19.578611 0.48947793 21.216862 -0.012655597180128098 0.39296460151672363
