Pedestrian 0.0 0 1.3914825916290283 704.3506469726562 153.32176208496094 731.0316162109375 212.31985473632812 0.8730387 1.896472 0.7164448 3.775345 0.9917902 23.53168 1.5505636930465698 0.7535458207130432
Pedestrian 0.0 0 -2.1339731216430664 722.0348510742188 150.0299835205078 805.8294677734375 303.4615173339844 0.8295661 1.6776255 0.5949416 1.8234596 1.3348874 8.343045 -1.9187963008880615 0.6905097365379333
Pedestrian 0.0 0 1.214379072189331 701.9346313476562 155.9131317138672 761.3467407226562 274.8348388671875 0.6725327 1.578209 0.6076719 1.7411783 1.2399734 9.916251 1.388195514678955 0.6710137724876404
Pedestrian 0.0 0 0.4478982388973236 792.2991943359375 149.50213623046875 904.2825927734375 341.577392578125 0.852121 1.7140471 0.5831176 2.320248 1.4298842 6.913766 0.7716858386993408 0.6144883632659912
Pedestrian 0.0 0 1.1549310684204102 773.9803466796875 157.57835388183594 838.1463623046875 287.0356140136719 0.73074 1.6462696 0.5692286 2.6566393 1.3433994 9.5346985 1.42666757106781 0.6144102215766907
Pedestrian 0.0 0 -2.872755289077759 754.38623046875 148.1375732421875 811.0670166015625 269.23162841796875 0.71368426 1.7868023 0.5932832 2.7440517 1.2958325 11.030308 -2.6289310455322266 0.5814349055290222
Pedestrian 0.0 0 -2.837104082107544 744.5413208007812 144.42347717285156 788.8597412109375 241.5539093017578 0.6211075 1.732835 0.69018626 3.0168867 1.0726508 13.267253 -2.6135127544403076 0.5780680179595947
Pedestrian 0.0 0 0.7597854137420654 847.0338745117188 140.94033813476562 992.5866088867188 374.0 0.8099093 1.674142 0.60951656 2.3366256 1.3958161 5.443931 1.16522216796875 0.5412093997001648
Pedestrian 0.0 0 -1.652164340019226 819.39404296875 147.63941955566406 879.1548461914062 272.6676330566406 0.71470135 1.7970943 0.786773 3.6524403 1.311713 10.764695 -1.3250551223754883 0.5327532291412354
Pedestrian 0.0 0 -1.7987602949142456 569.7372436523438 143.545166015625 610.6292724609375 228.76763916015625 1.016155 1.737035 0.6491412 -0.28767854 0.9646667 15.210735 -1.8176709413528442 0.4823645055294037
Pedestrian 0.0 0 -0.4769374132156372 802.7175903320312 146.48190307617188 838.8699340820312 233.41371154785156 0.48595437 1.6462351 0.5142966 4.199983 0.9843528 13.897715 -0.18345732986927032 0.4494800269603729
Pedestrian 0.0 0 -1.6518762111663818 686.6788940429688 155.06536865234375 705.9144287109375 198.44485473632812 0.6881788 1.7394533 0.7193961 3.8294022 0.68046427 29.163013 -1.521312952041626 0.4090254008769989
Pedestrian 0.0 0 -3.252713680267334 728.4849243164062 158.52488708496094 764.0648803710938 240.8286590576172 0.665009 1.6762328 0.55971295 2.9661589 1.209553 14.934351 -3.056652069091797 0.40166646242141724
Pedestrian 0.0 0 -2.9442179203033447 607.362548828125 182.8179931640625 644.0263671875 263.4428405761719 0.63118035 1.6473219 0.79633385 0.48204586 1.6771889 15.148696 -2.912407636642456 0.2768438160419464
Pedestrian 0.0 0 -2.3095314502716064 718.5302124023438 155.5709228515625 762.9031982421875 236.0884246826172 0.6826131 1.7641153 0.70778114 3.1044555 1.1972389 16.21179 -2.120328187942505 0.2358645647764206
Cyclist 0.0 0 1.4367551803588867 1092.4837646484375 144.1525421142578 1164.9368896484375 280.2673034667969 1.726937 1.6292205 0.5331126 6.871446 1.1835349 9.482257 2.0638427734375 0.26467129588127136
Cyclist 0.0 0 -1.790719985961914 569.6430053710938 143.46145629882812 610.624755859375 228.70008850097656 1.0439758 1.7361882 0.65179336 -0.28925994 0.96263874 15.213126 -1.8097314834594727 0.223885178565979
Cyclist 0.0 0 -1.7264904975891113 821.8959350585938 148.22210693359375 875.3734130859375 274.94537353515625 0.80451435 1.8246315 0.63808835 3.6535637 1.3467916 10.790992 -1.4000296592712402 0.19487787783145905
Car 0.0 0 1.6051839590072632 532.765380859375 161.13153076171875 581.2455444335938 205.64266967773438 3.8230562 1.4851048 1.6134688 -1.5587312 0.80659777 25.89613 1.5450648069381714 0.9315269589424133
