Pedestrian 0.0 0 -1.4621574878692627 774.1033325195312 166.3718719482422 798.8250732421875 224.913330078125 0.5623364 1.7539334 0.6761935 5.3358765 1.5600835 21.994219 -1.2241522073745728 0.7125899195671082
Pedestrian 0.0 0 -1.7241146564483643 161.65634155273438 174.79637145996094 188.68666076660156 227.6345672607422 0.84082174 1.7745581 0.6744428 -14.998879 1.8431578 24.808363 -2.267902135848999 0.46553534269332886
Pedestrian 0.0 0 0.12976932525634766 702.5712280273438 168.2522430419922 718.2717895507812 196.8746337890625 0.9050341 1.768349 0.5577273 6.2275596 1.4844006 44.96385 0.2673952579498291 0.33932504057884216
Pedestrian 0.0 0 -0.9970455765724182 209.8770751953125 184.6650390625 222.11471557617188 204.34239196777344 0.65714246 1.6936483 0.6902284 -34.35544 2.7290897 62.877617 -1.4971097707748413 0.1841629296541214
Pedestrian 0.0 0 -1.2853894233703613 249.19154357910156 182.6182403564453 271.16864013671875 223.5920867919922 0.7924901 1.731806 0.6583896 -15.138458 2.159789 31.151596 -1.7377429008483887 0.16028551757335663
Pedestrian 0.0 0 -0.47382813692092896 1036.864990234375 159.4605255126953 1086.2225341796875 239.57943725585938 0.74820006 1.7593883 0.5942532 10.059263 1.4656293 16.169033 0.08270573616027832 0.15961332619190216
Car 0.0 0 1.9322885274887085 319.0098571777344 186.99847412109375 393.5225830078125 224.91619873046875 4.157909 1.4752835 1.729845 -11.095887 2.1390176 31.737309 1.5959553718566895 0.8475905656814575
Car 0.0 0 -1.6358108520507812 596.3951416015625 177.36964416503906 626.4328002929688 203.0729522705078 3.972819 1.540611 1.6519133 0.018233191 1.8415828 45.995777 -1.635414481163025 0.8399831056594849
Car 0.0 0 1.9167710542678833 166.25103759765625 180.1136016845703 251.1738739013672 221.6436309814453 4.166946 1.5083535 1.6809918 -16.131853 1.8241589 29.15943 1.411451816558838 0.1819572150707245
Car 0.0 0 -0.7985042929649353 749.431396484375 174.02085876464844 815.9703979492188 199.44029235839844 3.9604447 1.4810393 1.6467756 10.5044155 1.5553173 43.952347 -0.5639092922210693 0.15427365899085999
Car 0.0 0 1.428541898727417 1050.557861328125 166.3042449951172 1094.381591796875 197.0216827392578 3.9185855 1.7170074 1.6235117 27.11088 1.3512547 42.44855 1.9969154596328735 0.13497024774551392
Car 0.0 0 1.819262981414795 269.6706848144531 191.96282958984375 313.7970886230469 217.61647033691406 4.246721 1.5147555 1.703376 -21.209135 2.849986 48.16621 1.404477834701538 0.1337951123714447
Car 0.0 0 3.187654733657837 170.5867462158203 180.99282836914062 220.23922729492188 199.42410278320312 3.6634455 1.5231885 1.646657 -35.928524 2.2472103 62.58281 2.6665003299713135 0.12711678445339203
Car 0.0 0 1.7618608474731445 446.3111877441406 171.92254638671875 494.2111511230469 204.333740234375 3.9294157 1.5060436 1.595855 -6.8467607 1.4631199 35.489887 1.5712807178497314 0.1270781308412552
