Pedestrian 0.0 0 -1.6394511461257935 737.1724853515625 158.8877410888672 758.2644653320312 207.88302612304688 0.714788 1.7975975 0.7225676 5.0794 1.2855446 26.867386 -1.4526019096374512 0.5379367470741272
Pedestrian 0.0 0 -1.5569995641708374 684.9266967773438 160.7952880859375 698.9514770507812 202.45835876464844 0.76207095 1.7216616 0.5747305 3.3949628 1.2237122 30.227715 -1.445155382156372 0.5329949259757996
Car 0.0 0 -1.8564809560775757 720.3038330078125 177.56973266601562 872.5564575195312 273.82745361328125 3.6864002 1.437049 1.5919429 3.074909 1.5336014 12.834585 -1.6213332414627075 0.974683403968811
Car 0.0 0 1.868794322013855 336.32977294921875 185.96998596191406 439.9677429199219 254.45558166503906 3.6481664 1.5671221 1.6035168 -5.7708488 1.9467483 19.034613 1.5744258165359497 0.968835711479187
Car 0.0 0 -2.2418322563171387 881.4497680664062 181.8557891845703 1242.0 375.0 3.9718854 1.5271479 1.6689018 3.2107482 1.6066877 4.3315535 -1.6039570569992065 0.9015249609947205
Car 0.0 0 -1.8397918939590454 692.213623046875 179.30992126464844 788.9409790039062 244.2867889404297 3.3908412 1.4528186 1.535302 3.145185 1.6321992 18.242926 -1.6690645217895508 0.9014667868614197
Car 0.0 0 1.8153399229049683 407.9896545410156 187.5237274169922 477.1954040527344 235.92684936523438 3.407943 1.444088 1.4860069 -5.598339 1.9730904 24.281849 1.588742971420288 0.8659244179725647
Car 0.0 0 -1.7258732318878174 685.5822143554688 179.8144073486328 749.1480712890625 227.5253448486328 3.5494485 1.4185722 1.5215899 3.4120786 1.6653233 23.75505 -1.5832130908966064 0.7381442785263062
Car 0.0 0 2.148423194885254 132.47230529785156 191.36244201660156 236.9521942138672 235.1015625 3.8362367 1.4098716 1.4944217 -15.739558 2.1493046 26.858063 1.618341088294983 0.4124433994293213
Car 0.0 0 2.3140804767608643 0.0 219.02867126464844 71.7555923461914 375.0 4.061918 1.4915761 1.5946889 -5.3258743 1.9024395 4.284597 1.42075514793396 0.4109972417354584
Car 0.0 0 0.6373765468597412 0.0 183.34906005859375 174.52919006347656 238.42462158203125 3.96398 1.4976537 1.468239 -14.938763 1.8096071 20.662848 0.011395692825317383 0.38239437341690063
