Pedestrian 0.0 0 -1.8253823518753052 506.5972900390625 176.83087158203125 541.8778076171875 245.56008911132812 0.66898173 1.5805539 0.68105716 -2.0840743 1.6774536 17.07698 -1.9468218088150024 0.6229968667030334
Pedestrian 0.0 0 -1.4600335359573364 458.8370056152344 144.2585906982422 511.67218017578125 270.1805419921875 0.87712574 1.7498834 0.6670423 -1.8495233 1.3528631 10.48311 -1.6346652507781982 0.2096787542104721
Pedestrian 0.0 0 -1.7760248184204102 1140.739013671875 101.58778381347656 1242.0 291.7725830078125 1.0826057 1.7943411 0.62692237 5.9075613 1.122322 7.429212 -1.1042296886444092 0.1740703135728836
Pedestrian 0.0 0 -1.3476276397705078 627.1348266601562 152.3555450439453 641.0231323242188 186.6145782470703 0.5302956 1.9549464 0.6991802 1.3526722 0.785587 41.51582 -1.3150570392608643 0.1722782850265503
Pedestrian 0.0 0 -0.2708214819431305 356.76116943359375 184.26382446289062 389.71173095703125 215.99449157714844 1.7148026 1.792875 0.6441604 -13.826898 2.4699082 42.045124 -0.5885393023490906 0.1567314863204956
Cyclist 0.0 0 -0.2689734697341919 355.7544250488281 184.40585327148438 389.4784851074219 216.20738220214844 1.7574216 1.7959044 0.6514274 -13.865343 2.4817162 42.05307 -0.5874600410461426 0.5348128080368042
Cyclist 0.0 0 -1.7760248184204102 1140.739013671875 101.58778381347656 1242.0 291.7725830078125 1.0826057 1.7943411 0.62692237 5.9075613 1.122322 7.429212 -1.1042296886444092 0.16929176449775696
Car 0.0 0 -0.06857968121767044 550.4239501953125 173.61447143554688 714.8732299804688 234.0489959716797 4.289953 1.5633955 1.7114943 0.515244 1.585445 19.632467 -0.042341217398643494 0.9581257104873657
Car 0.0 0 2.4315037727355957 389.7269592285156 181.36801147460938 521.4405517578125 230.36021423339844 4.228321 1.4332387 1.6642627 -5.085472 1.7432009 24.050123 2.2231202125549316 0.8725815415382385
Car 0.0 0 2.6046833992004395 607.602294921875 176.63113403320312 721.9175415039062 216.47113037109375 4.356684 1.4909555 1.6509287 2.1799445 1.6522665 29.033844 2.6796257495880127 0.8274668455123901
Car 0.0 0 -1.516252040863037 902.3590698242188 154.9894561767578 955.706298828125 198.51454162597656 3.8329778 1.465549 1.5765338 11.661692 0.8643835 26.357903 -1.0997059345245361 0.3660977780818939
