Pedestrian 0.0 0 1.368237018585205 680.2271118164062 134.40042114257812 730.92431640625 239.3539276123047 0.8994032 1.792172 0.71992236 1.7252154 1.006629 12.540911 1.504945993423462 0.8148514628410339
Pedestrian 0.0 0 1.194551944732666 519.0946044921875 136.26194763183594 612.7337646484375 347.53863525390625 0.84760505 1.7501285 0.56190073 -0.42118704 1.3853843 6.3552027 1.1283743381500244 0.7482179999351501
Pedestrian 0.0 0 0.4667415916919708 765.0325317382812 134.91189575195312 900.520751953125 365.1570129394531 0.91386175 1.7682992 0.6068203 1.8596787 1.4198886 5.961016 0.7691466808319092 0.7317623496055603
Pedestrian 0.0 0 -2.985018730163574 593.4819946289062 137.45254516601562 635.6761474609375 244.64016723632812 0.6148573 1.7901899 0.8160411 0.1320753 1.0728844 12.257303 -2.9742438793182373 0.7194096446037292
Pedestrian 0.0 0 0.9354588985443115 751.8833618164062 144.51156616210938 840.328125 314.1136779785156 0.8473628 1.778603 0.5579021 2.070063 1.4028862 7.906638 1.1915247440338135 0.7000645995140076
Pedestrian 0.0 0 -2.21097469329834 651.9517211914062 142.02622985839844 681.492919921875 199.31155395507812 0.6724407 1.7645532 0.65258014 1.9072213 0.5810065 22.231834 -2.125396251678467 0.6336926221847534
Pedestrian 0.0 0 1.915389060974121 507.5016174316406 135.0564422607422 560.3612670898438 243.33047485351562 0.7489457 1.7847933 0.68977314 -1.2505696 1.0373513 12.096152 1.8123693466186523 0.5334595441818237
Pedestrian 0.0 0 -1.1684578657150269 423.42889404296875 150.5269775390625 443.78900146484375 188.38388061523438 0.8504724 1.9450021 0.7586674 -8.929909 0.40647644 36.80317 -1.4064972400665283 0.5032089352607727
Pedestrian 0.0 0 0.35882824659347534 564.9356689453125 139.02891540527344 669.990478515625 319.6777038574219 0.92710143 1.7483329 0.62164974 0.086755045 1.3486687 7.295544 0.37071919441223145 0.4830995798110962
Pedestrian 0.0 0 2.5523416996002197 799.4656372070312 155.0311737060547 856.5455322265625 227.28884887695312 1.2302089 1.7902627 0.65396035 5.6361165 1.160841 18.000072 2.855787992477417 0.3326832950115204
Pedestrian 0.0 0 2.255429983139038 1047.27685546875 120.53360748291016 1224.0 370.0 0.91423905 1.676623 0.64245975 3.76751 1.2838331 5.069823 2.8945162296295166 0.30059492588043213
Pedestrian 0.0 0 -1.6687017679214478 238.91329956054688 143.2649383544922 265.5517578125 206.68597412109375 0.6002808 1.8101565 0.638029 -10.315467 0.74896854 20.599537 -2.1329588890075684 0.2798210382461548
Pedestrian 0.0 0 1.122066617012024 669.769287109375 173.0564422607422 746.327880859375 336.7520446777344 0.73474556 1.6785016 0.5555699 1.0552418 1.6038693 7.6798935 1.2586147785186768 0.2440822273492813
Cyclist 0.0 0 2.534247636795044 803.1768798828125 155.57443237304688 855.7489013671875 223.44422912597656 1.1131638 1.6842504 0.6351743 5.6768847 1.0672959 18.00984 2.839599609375 0.20758245885372162
Cyclist 0.0 0 2.2366223335266113 1050.45458984375 120.7784423828125 1224.0 370.0 1.0904967 1.7124776 0.64929 3.8609576 1.3241394 5.06396 2.8880364894866943 0.18779850006103516
Car 0.0 0 1.8976538181304932 0.0 91.00333404541016 282.73370361328125 370.0 4.018858 1.5919209 1.6018578 -3.1205232 1.3303407 4.233062 1.262408971786499 0.2899628281593323
Car 0.0 0 -1.140946865081787 34.380088806152344 143.480712890625 123.11087799072266 193.18077087402344 4.866106 2.3916028 1.8171736 -27.086905 0.61165 36.586765 -1.778241515159607 0.28608250617980957
