Pedestrian 0.0 0 -2.6670467853546143 243.3118438720703 163.5297393798828 340.5165710449219 345.3083801269531 0.71458316 1.8237447 0.6601123 -3.325084 1.6551796 7.4375925 -3.0874569416046143 0.8154822587966919
Pedestrian 0.0 0 2.417332649230957 834.2662353515625 171.688720703125 874.4264526367188 242.22366333007812 0.7385156 1.7343866 0.6041983 6.237696 1.5193233 17.799856 2.754395008087158 0.3663747310638428
Pedestrian 0.0 0 -0.5960742831230164 1028.2147216796875 166.0908203125 1089.215576171875 270.9352722167969 0.63826567 1.6987226 0.57758796 7.4851303 1.4669137 11.748723 -0.028819959610700607 0.189255490899086
Pedestrian 0.0 0 0.35097622871398926 238.46656799316406 164.03196716308594 297.46783447265625 260.273193359375 0.8655653 1.8085303 0.6284785 -6.5301714 1.5007052 13.635773 -0.0956493467092514 0.17793388664722443
Pedestrian 0.0 0 -0.0383276492357254 634.138427734375 176.1278076171875 684.7301635742188 272.88043212890625 0.90068704 1.7329243 0.57452554 0.9438182 1.6562566 12.961455 0.03436136245727539 0.10510434210300446
Pedestrian 0.0 0 -0.060726143419742584 594.1168823242188 161.8946075439453 602.0676879882812 186.11062622070312 0.53259265 1.7362214 0.6868729 -0.4947445 0.40355337 51.04986 -0.07041724026203156 0.10293205827474594
Pedestrian 0.0 0 -1.9831005334854126 836.6437377929688 137.55441284179688 894.4268188476562 246.264404296875 1.3866967 1.8274447 0.439746 4.5680246 1.1071668 12.586732 -1.6349589824676514 0.10286804288625717
Cyclist 0.0 0 -1.8078793287277222 848.9674072265625 141.8426971435547 895.7203369140625 250.3568572998047 1.6481794 1.7844976 0.38535824 4.642411 1.1504362 12.463508 -1.4513195753097534 0.1499330997467041
Cyclist 0.0 0 -1.807942271232605 775.9031372070312 141.122802734375 819.4122924804688 247.50889587402344 0.9492757 1.7910105 0.522183 3.3152595 1.1297442 12.379095 -1.5462716817855835 0.10736716538667679
Car 0.0 0 -1.200778841972351 485.3959655761719 139.95068359375 578.4461669921875 199.074462890625 3.470666 1.613645 1.6243054 -2.1269045 0.5085262 21.181341 -1.300857424736023 0.12417688965797424
Car 0.0 0 -1.9338524341583252 1162.3985595703125 153.66273498535156 1224.0 263.48590087890625 3.9063582 1.5812557 1.702754 11.399356 1.1965125 12.305153 -1.186647653579712 0.10666317492723465
