Car 0.0 0 -1.935214877128601 725.8861083984375 190.28515625 912.6707763671875 310.25445556640625 3.3769908 1.43593 1.5515517 2.903604 1.7423182 10.904918 -1.6749869585037231 0.9783743619918823
Car 0.0 0 -1.7504706382751465 658.1133422851562 181.98548889160156 741.0684204101562 242.283203125 4.1783776 1.4990529 1.6112381 2.4088335 1.7886914 20.718761 -1.634726881980896 0.9699352383613586
Car 0.0 0 -2.640451192855835 131.3740997314453 191.02117919921875 380.6103820800781 277.2663269042969 4.0005026 1.4984508 1.6334848 -6.715543 1.8701771 13.832646 -3.0924196243286133 0.9284719824790955
Car 0.0 0 0.7354658246040344 0.0 199.88308715820312 218.78826904296875 375.0 4.159451 1.4289256 1.5948762 -6.326255 1.7191253 6.927553 -0.004595473408699036 0.9267668724060059
Car 0.0 0 -2.5641398429870605 40.29277801513672 201.05120849609375 324.93060302734375 300.048583984375 3.684451 1.4012922 1.5398353 -6.764989 1.8868486 11.555874 -3.093766450881958 0.8988718390464783
Car 0.0 0 0.6133027672767639 0.0 193.32049560546875 294.1211242675781 318.94854736328125 3.8787954 1.4439182 1.5767056 -6.437894 1.7329222 9.363736 0.010991811752319336 0.8585380911827087
Car 0.0 0 0.34574416279792786 200.31283569335938 189.96157836914062 404.8545227050781 258.80352783203125 3.9732494 1.4342902 1.5572777 -6.8928356 1.8433616 16.35222 -0.05317768454551697 0.8506534099578857
Car 0.0 0 0.3255463242530823 359.6474914550781 186.86669921875 495.6719055175781 232.3856964111328 4.1807427 1.4444802 1.5808786 -6.161108 1.9378703 24.432323 0.07852602005004883 0.8066854476928711
Car 0.0 0 -1.6996420621871948 647.69189453125 180.76077270507812 697.6921997070312 216.83595275878906 4.2034326 1.424519 1.6362189 2.6305861 1.7941928 31.56256 -1.616489052772522 0.7631785273551941
Car 0.0 0 0.4799468219280243 269.92718505859375 180.6623077392578 433.4142761230469 245.92996215820312 3.6975565 1.5879986 1.6099739 -6.7374687 1.8037686 18.853243 0.13672685623168945 0.6987086534500122
Car 0.0 0 3.3136682510375977 384.47100830078125 171.47096252441406 483.0233154296875 211.81613159179688 3.6735256 1.5901351 1.6258814 -7.152939 1.5359832 29.369196 3.0747671127319336 0.5817241072654724
Car 0.0 0 -1.6833375692367554 631.9456787109375 177.2056427001953 660.7747192382812 200.95230102539062 3.7184184 1.5864282 1.6134347 2.495525 1.9047163 50.806 -1.6342582702636719 0.5543456077575684
