Pedestrian 0.0 0 1.1627404689788818 930.542236328125 150.3791961669922 948.4359130859375 184.99154663085938 0.61851156 1.9178342 0.72231317 18.36191 0.6728865 40.29317 1.590330719947815 0.329713374376297
Pedestrian 0.0 0 0.681663990020752 1164.1114501953125 157.68865966796875 1242.0 331.5228576660156 0.6127965 1.7044435 0.7138887 6.2485046 1.5561054 7.4403944 1.380211353302002 0.21226930618286133
Pedestrian 0.0 0 -2.9536523818969727 622.2740478515625 174.9768829345703 632.07177734375 196.3264923095703 0.6871471 1.7143213 0.63235605 1.3672445 1.8876077 58.39199 -2.930241823196411 0.1554121971130371
Pedestrian 0.0 0 -2.4878644943237305 747.5049438476562 142.63616943359375 770.7125244140625 188.33978271484375 0.6682479 1.8891764 0.6976712 6.221142 0.6404687 30.303276 -2.28538179397583 0.13982951641082764
Cyclist 0.0 0 1.5539789199829102 625.0567016601562 178.3818359375 631.3193969726562 199.62464904785156 1.5357388 1.6859909 0.47963238 1.4455482 2.1399434 58.43434 1.5787118673324585 0.19821232557296753
Car 0.0 0 1.4339163303375244 567.7897338867188 176.67208862304688 602.227294921875 202.03221130371094 3.7966955 1.4958692 1.6443743 -1.6382816 1.7459313 45.17454 1.397666573524475 0.7057284712791443
Car 0.0 0 1.7428194284439087 426.9320983886719 179.91844177246094 476.4891052246094 214.4143524169922 4.222457 1.5125558 1.6253321 -7.5686765 1.8732569 34.65723 1.5278085470199585 0.4806933104991913
Car 0.0 0 1.8273952007293701 443.600341796875 183.43687438964844 491.2617492675781 213.64564514160156 3.9432137 1.5099692 1.6115893 -7.776692 2.119236 39.494625 1.6329772472381592 0.15606266260147095
Car 0.0 0 0.3541404604911804 346.242919921875 196.75889587402344 409.84259033203125 218.50405883789062 4.0830455 1.502972 1.7857037 -17.032303 3.2919269 53.00351 0.043219804763793945 0.13720126450061798
Car 0.0 0 1.7003040313720703 467.86627197265625 180.72506713867188 499.220458984375 206.2361602783203 3.434919 1.485226 1.4896375 -7.8521614 1.9937439 44.831722 1.5269153118133545 0.135690376162529
