Pedestrian 0.0 0 -1.547866940498352 699.6613159179688 167.64645385742188 741.0520629882812 276.5238342285156 0.8471014 1.6468784 0.6208537 1.8401363 1.4386345 11.336078 -1.3869448900222778 0.889170229434967
Pedestrian 0.0 0 2.8433339595794678 228.78622436523438 151.46453857421875 348.77850341796875 356.78411865234375 0.8953721 1.8206776 0.6886529 -3.0602567 1.5557187 6.920706 2.426995038986206 0.7880135774612427
Pedestrian 0.0 0 -1.8680413961410522 797.447998046875 160.677490234375 890.9945678710938 349.8777770996094 0.94773597 1.7382061 0.61402434 2.3118818 1.5482846 7.0762906 -1.5522652864456177 0.6875778436660767
Pedestrian 0.0 0 -2.0538320541381836 720.87841796875 167.37155151367188 774.9805297851562 286.5481872558594 0.43940368 1.5731858 0.5830916 1.9432217 1.3880123 9.772926 -1.8575547933578491 0.6574709415435791
Pedestrian 0.0 0 1.2709153890609741 668.3388671875 166.5629119873047 690.4290161132812 214.93710327148438 0.78948987 1.7793846 0.6141633 2.8899822 1.2309833 26.866714 1.3780707120895386 0.6486123204231262
Pedestrian 0.0 0 0.31391918659210205 1051.72021484375 133.58523559570312 1219.5968017578125 374.0 0.8737715 1.8317312 0.6825763 4.051366 1.5004644 5.5387673 0.945446252822876 0.6379788517951965
Pedestrian 0.0 0 1.2494065761566162 720.3656616210938 163.35598754882812 747.4570922851562 218.37815856933594 0.90031403 1.8566358 0.6649856 4.529692 1.2454728 24.72867 1.43057382106781 0.625843346118927
Pedestrian 0.0 0 0.5447665452957153 765.4716796875 170.77630615234375 850.4713134765625 312.4934997558594 0.7938297 1.5424148 0.50682503 2.3263893 1.4270574 8.278538 0.8187158107757568 0.6080564856529236
Pedestrian 0.0 0 1.1633225679397583 685.3963012695312 164.31552124023438 708.5692138671875 212.45431518554688 0.8468175 1.775016 0.5723264 3.5618787 1.1424146 26.969856 1.2946314811706543 0.5978025197982788
Pedestrian 0.0 0 1.7217515707015991 102.54608154296875 159.80911254882812 193.1558837890625 346.0048828125 0.8679029 1.749883 0.65602195 -4.612789 1.5474051 7.277593 1.1568245887756348 0.5288118720054626
Pedestrian 0.0 0 1.4432390928268433 747.2421875 169.54229736328125 796.8388671875 284.4618225097656 0.885715 1.6850082 0.6262378 2.553574 1.5109888 11.002016 1.6713016033172607 0.4860393702983856
Pedestrian 0.0 0 -2.6538355350494385 736.9078979492188 160.1066131591797 782.275390625 248.157958984375 0.67549294 1.7465163 0.66570693 3.2038488 1.3234218 14.717959 -2.4394962787628174 0.4340061545372009
Pedestrian 0.0 0 -1.1219736337661743 0.0 164.60137939453125 53.05342102050781 259.25079345703125 0.78891176 1.741092 0.5481782 -10.985799 1.4315041 13.65758 -1.7993757724761963 0.3482731878757477
Pedestrian 0.0 0 -1.6288824081420898 627.3740234375 160.86758422851562 655.6021118164062 238.37295532226562 1.6317583 1.7445732 0.565565 0.8960978 1.281372 16.983822 -1.576169490814209 0.29815179109573364
Pedestrian 0.0 0 0.9300311207771301 799.28662109375 157.95059204101562 844.70263671875 244.5647735595703 0.6706106 1.793403 0.65221965 4.653633 1.3070341 15.296904 1.2253555059432983 0.27471300959587097
Cyclist 0.0 0 -1.6899614334106445 625.6882934570312 160.15042114257812 658.4829711914062 238.77911376953125 1.6586854 1.7688239 0.5747521 0.90890783 1.2897607 17.003418 -1.6365578174591064 0.5840076208114624
Car 0.0 0 1.6902624368667603 542.4588623046875 171.20294189453125 596.1748657226562 212.19712829589844 4.0788536 1.5217437 1.6727896 -1.2302972 1.1405437 28.7602 1.6475107669830322 0.9528700709342957
