Pedestrian 0.0 0 2.3732588291168213 295.882080078125 173.005126953125 328.6731872558594 224.7318878173828 0.7962648 1.6062409 0.56027687 -9.48298 1.6114923 22.882292 1.9803798198699951 0.3045239746570587
Car 0.0 0 -2.007542371749878 805.2034912109375 196.6809539794922 1242.0 375.0 3.4840052 1.4359704 1.5425558 2.3542256 1.6451439 4.548639 -1.5299400091171265 0.95734703540802
Car 0.0 0 -1.3942911624908447 460.9858703613281 182.81642150878906 541.4421997070312 242.4706573486328 3.747207 1.4382834 1.556216 -2.948709 1.7399327 19.922758 -1.5412315130233765 0.9552921056747437
Car 0.0 0 1.8372231721878052 316.46026611328125 175.1441650390625 496.45111083984375 298.4358825683594 4.2217226 1.665158 1.7615861 -3.1587474 1.7101389 11.938537 1.578566074371338 0.9102553129196167
Car 0.0 0 1.4905380010604858 630.3037109375 176.33656311035156 669.9959106445312 207.0193328857422 4.100385 1.4600927 1.6898794 1.9590313 1.6484501 36.87572 1.543613314628601 0.8425379991531372
Car 0.0 0 1.7344894409179688 552.5279541015625 170.07568359375 582.9339599609375 193.6924285888672 4.100137 1.7429469 1.6853863 -3.2290764 1.5382608 55.37506 1.6762425899505615 0.691074550151825
Car 0.0 0 -2.7737035751342773 319.62042236328125 174.83619689941406 449.1158142089844 226.6605682373047 3.5518112 1.5585036 1.5868341 -7.0763135 1.6236498 22.673073 -3.076225757598877 0.5249964594841003
Car 0.0 0 -1.6008801460266113 522.5265502929688 175.08731079101562 545.8934936523438 196.99398803710938 3.673774 1.5154494 1.566585 -5.5422206 1.6834408 52.23018 -1.70659601688385 0.37500324845314026
Car 0.0 0 -1.6748777627944946 624.7501831054688 164.15487670898438 653.4312133789062 188.27598571777344 4.36157 1.7739949 1.7449391 2.1613126 1.1345729 55.295876 -1.6358113288879395 0.2910595238208771
Car 0.0 0 3.922856330871582 0.0 186.46966552734375 57.138160705566406 375.0 3.7846854 1.4826577 1.6042261 -6.945909 1.608475 5.646139 3.0346009731292725 0.258078932762146
Car 0.0 0 0.9237882494926453 931.4166870117188 156.01441955566406 1048.493408203125 203.96780395507812 3.6028116 1.4561595 1.5470537 12.3622875 0.94516456 23.813042 1.4026298522949219 0.25255730748176575
