Pedestrian 0.0 0 1.143933892250061 611.5028076171875 171.1424102783203 629.5726318359375 205.8031463623047 0.935729 1.8865098 0.66921 0.5425621 1.7937096 39.831863 1.1575543880462646 0.4011707007884979
Pedestrian 0.0 0 -1.512269377708435 514.012451171875 174.7063751220703 529.615966796875 213.54598999023438 0.74039525 1.8600335 0.71001804 -4.30997 1.9512112 34.98134 -1.6348592042922974 0.38127097487449646
Cyclist 0.0 0 1.143933892250061 611.5028076171875 171.1424102783203 629.5726318359375 205.8031463623047 0.935729 1.8865098 0.66921 0.5425621 1.7937096 39.831863 1.1575543880462646 0.2496912181377411
Car 0.0 0 -1.2317759990692139 228.0549774169922 184.61131286621094 477.1615905761719 350.5718994140625 3.613589 1.4625877 1.5573543 -2.757378 1.6302289 8.438938 -1.547585129737854 0.9694988131523132
Car 0.0 0 -1.7319566011428833 699.6151733398438 185.95945739746094 784.9059448242188 267.0131530761719 2.6420069 1.592447 1.4272928 2.7923524 1.9063996 15.932877 -1.558461308479309 0.9273529052734375
Car 0.0 0 -2.8580267429351807 332.67950439453125 175.9727783203125 470.73309326171875 225.69190979003906 3.7515745 1.4528114 1.5639544 -6.314986 1.5515485 21.968649 -3.137934446334839 0.8735297322273254
Car 0.0 0 1.670646071434021 522.5009765625 172.81033325195312 577.156494140625 218.33154296875 4.1110044 1.6431917 1.7188765 -2.310107 1.6419735 28.11333 1.5886590480804443 0.8660756945610046
Car 0.0 0 -1.6119837760925293 688.263916015625 186.3341064453125 751.0748901367188 246.9947967529297 3.6983817 1.5140958 1.6134949 3.028632 1.9387226 20.784058 -1.4672832489013672 0.8526871800422668
Car 0.0 0 1.477648377418518 649.2132568359375 178.9459686279297 677.5751953125 201.1000518798828 4.3637695 1.5244863 1.6731844 3.8564186 1.9913847 53.05616 1.5502064228057861 0.7454956769943237
Car 0.0 0 -1.4195079803466797 551.91357421875 177.89479064941406 594.3668212890625 210.98263549804688 3.7123404 1.536513 1.5758318 -1.8258874 1.8019613 36.01633 -1.470160722732544 0.7051972150802612
Car 0.0 0 -2.9292874336242676 466.48187255859375 166.97540283203125 537.0994873046875 197.25914001464844 3.5391724 1.6101276 1.632259 -5.893722 1.2979314 39.2866 -3.078195571899414 0.5544930100440979
Car 0.0 0 2.6455788612365723 0.0 0.0 1242.0 375.0 3.8751214 1.4681579 1.5703567 -2.9567938 1.4731737 1.4329739 1.5260649919509888 0.4012320339679718
