Pedestrian 0.0 0 -1.093907117843628 856.5341796875 165.69276428222656 918.5725708007812 273.2597961425781 0.6101472 1.717308 0.7703087 4.5636997 1.6033366 12.007034 -0.7306854724884033 0.3195115327835083
Cyclist 0.0 0 1.861030101776123 335.6933288574219 152.32217407226562 479.14385986328125 375.0 1.7648637 1.7527494 0.59438735 -1.5549892 1.6176853 5.64491 1.5922292470932007 0.7666583061218262
Car 0.0 0 -1.9267914295196533 774.6820678710938 190.66314697265625 1182.77490234375 375.0 3.3713837 1.4643 1.5927676 2.3657243 1.6473947 5.6858935 -1.5325095653533936 0.9804671406745911
Car 0.0 0 -1.4273509979248047 468.66802978515625 182.6936798095703 540.0918579101562 238.88986206054688 3.714232 1.4409783 1.53765 -3.0304818 1.753169 21.006504 -1.5706264972686768 0.9509354829788208
Car 0.0 0 1.817132830619812 352.17083740234375 174.2317657470703 509.9342346191406 289.9588928222656 4.2796135 1.7438158 1.7384583 -3.0627801 1.7732568 13.07454 1.5870267152786255 0.855502188205719
Car 0.0 0 1.4448840618133545 627.94970703125 178.23495483398438 667.2296142578125 208.06298828125 3.4431424 1.4571744 1.6193279 1.8805094 1.7517104 37.665817 1.494768738746643 0.8156942129135132
Car 0.0 0 -2.2990076541900635 0.0 188.2169647216797 135.72860717773438 369.7132263183594 4.189124 1.4567918 1.6333271 -7.154508 1.6214163 6.8255205 -3.1079342365264893 0.7275081276893616
Car 0.0 0 1.7756524085998535 554.3912963867188 169.91954040527344 586.1934814453125 193.34194946289062 4.093672 1.7688346 1.6966609 -3.100484 1.5475852 56.63771 1.7209645509719849 0.5349295735359192
Car 0.0 0 -1.5348392724990845 629.4197387695312 168.57383728027344 652.924072265625 190.30838012695312 4.4148397 1.6269917 1.6758581 2.4406662 1.3069471 56.27655 -1.491497278213501 0.30732810497283936
Car 0.0 0 1.4730198383331299 522.2764282226562 175.46925354003906 548.6137084960938 197.89501953125 3.7128491 1.585495 1.5799967 -5.580454 1.7867527 53.44796 1.3689876794815063 0.2993279695510864
Car 0.0 0 1.6118378639221191 573.7122192382812 174.76705932617188 593.1310424804688 192.1383819580078 4.196163 1.5071378 1.5838236 -2.3922637 1.6858436 65.16234 1.5751420259475708 0.2924254834651947
