Pedestrian 0.0 0 0.44283804297447205 188.67861938476562 167.35304260253906 307.12799072265625 341.9112854003906 0.9598094 1.7255827 0.5110354 -3.6943984 1.5973144 7.2534723 -0.02824428118765354 0.8459495306015015
Pedestrian 0.0 0 -1.4951752424240112 261.04595947265625 163.1510467529297 305.838134765625 254.8466033935547 0.67052495 1.7227284 0.7452666 -6.271512 1.3984212 13.722123 -1.9238653182983398 0.15525206923484802
Pedestrian 0.0 0 -2.273611068725586 822.4119873046875 127.97521209716797 877.481201171875 234.1387939453125 0.7120935 1.8306204 0.61408293 4.3247313 0.9265612 12.630389 -1.9437167644500732 0.15204863250255585
Pedestrian 0.0 0 3.047151565551758 631.3985595703125 173.4499969482422 687.5503540039062 270.55224609375 0.9745243 1.7402387 0.57250106 0.94458103 1.6155325 12.963311 3.1198887825012207 0.14939752221107483
Pedestrian 0.0 0 2.8617005348205566 665.1724243164062 150.00001525878906 682.5896606445312 183.5620880126953 0.8821211 1.8763007 0.46507195 3.8703878 0.17257783 39.83183 2.9585647583007812 0.13813646137714386
Pedestrian 0.0 0 1.4114785194396973 839.3213500976562 173.06622314453125 870.282958984375 244.36253356933594 0.685621 1.7556633 0.63212156 6.2443852 1.5742044 17.799404 1.748883605003357 0.13775107264518738
Pedestrian 0.0 0 -0.5856812000274658 1010.6189575195312 171.52880859375 1071.2515869140625 275.0497741699219 0.62035084 1.6786251 0.618875 7.2085514 1.5348077 11.780615 -0.03655805438756943 0.13170261681079865
Pedestrian 0.0 0 2.8790512084960938 58.70977020263672 188.4481964111328 99.80839538574219 253.89450073242188 0.7775176 1.8271766 0.77451104 -15.213699 2.064386 20.412273 2.238551378250122 0.1264885514974594
Pedestrian 0.0 0 -0.41783520579338074 698.8298950195312 170.6231689453125 734.3544311523438 241.37705993652344 0.6511316 1.7361119 0.7033825 2.7613835 1.4953586 17.76851 -0.26365968585014343 0.10082654654979706
Cyclist 0.0 0 -2.186652421951294 854.1301879882812 139.63153076171875 938.492431640625 253.03427124023438 1.688695 1.7974713 0.42625478 4.8852415 1.1513479 12.072708 -1.8021423816680908 0.1301186978816986
Cyclist 0.0 0 -1.963655710220337 756.9691162109375 135.3327178955078 808.7291259765625 242.3208465576172 1.0417589 1.81036 0.52529603 3.0872731 1.047727 12.51355 -1.7217717170715332 0.11907028406858444
Car 0.0 0 -1.2031852006912231 486.5692443847656 142.814453125 577.4761962890625 198.95249938964844 3.4228857 1.5341161 1.5809067 -2.1264892 0.5058414 21.176474 -1.303267240524292 0.13290438055992126
