Car 0.0 0 2.113778591156006 0.0 205.80551147460938 271.38507080078125 369.8108215332031 3.8944569 1.445357 1.5630113 -5.9725704 1.9526949 9.12404 1.534178376197815 0.967595636844635
Car 0.0 0 2.5993523597717285 916.3323364257812 144.62916564941406 1142.042724609375 217.74148559570312 4.0134206 1.5151565 1.639766 9.020375 0.9305918 15.817919 3.117619514465332 0.9531366229057312
Car 0.0 0 1.9607495069503784 210.40701293945312 199.09091186523438 369.82574462890625 296.1961669921875 3.6171205 1.483464 1.5087056 -5.9812436 2.0529535 13.826785 1.5524728298187256 0.9499683380126953
Car 0.0 0 1.8251087665557861 337.26336669921875 192.8472137451172 434.64337158203125 256.14044189453125 4.0374002 1.4444805 1.576558 -6.0615153 2.050652 19.810078 1.528173565864563 0.9473325610160828
Car 0.0 0 -1.7637572288513184 678.0736694335938 175.60467529296875 759.5034790039062 230.2657928466797 4.133764 1.4767562 1.6424755 3.1278627 1.5682908 21.808363 -1.6213037967681885 0.9356639385223389
Car 0.0 0 1.7945630550384521 420.9397277832031 190.7815704345703 486.5612487792969 232.12770080566406 4.086619 1.3513628 1.5653194 -5.887513 2.0839026 27.412922 1.5830053091049194 0.9220675230026245
Car 0.0 0 -1.707961916923523 664.9963989257812 175.20130920410156 724.736572265625 219.32977294921875 4.224786 1.5264966 1.6633085 3.0834618 1.6226648 27.315947 -1.595556378364563 0.8390933275222778
Car 0.0 0 2.584669351577759 901.5109252929688 143.35086059570312 1055.1678466796875 206.95947265625 3.152643 1.5372823 1.5187066 9.246093 0.8246135 18.332926 3.051785707473755 0.8322765827178955
Car 0.0 0 2.620558977127075 845.099609375 153.30210876464844 991.4479370117188 210.1722869873047 3.551906 1.5537177 1.5731457 8.743159 1.0199099 20.70599 3.0201003551483154 0.7271212935447693
Car 0.0 0 -0.32732200622558594 792.9087524414062 159.9939727783203 944.3846435546875 208.43450927734375 4.313937 1.5106993 1.6404228 8.235104 1.1099958 23.345232 0.011803388595581055 0.6716863512992859
