Cyclist 0.0 0 1.470475196838379 527.3287353515625 181.51490783691406 548.5559692382812 225.65826416015625 1.770923 1.808564 0.72616076 -3.1356487 2.1907616 30.867989 1.3692399263381958 0.7031543850898743
Car 0.0 0 3.4555602073669434 217.45448303222656 185.63677978515625 414.5179443359375 257.9146423339844 4.0121946 1.5825194 1.64266 -6.8842664 1.9026849 17.09155 3.07265305519104 0.9457088708877563
Car 0.0 0 -0.617376983165741 967.4573364257812 180.96954345703125 1242.0 337.2599182128906 4.11496 1.4923246 1.6504656 6.3476543 1.5924807 7.927413 0.057804107666015625 0.936032772064209
Car 0.0 0 0.589411199092865 0.0 198.4779052734375 309.5447692871094 312.4779968261719 4.086587 1.4218037 1.537613 -6.6389647 1.8103389 10.13929 0.009685754776000977 0.9063133597373962
Car 0.0 0 -0.46931368112564087 828.3833618164062 194.8997344970703 1066.8212890625 283.958740234375 3.646179 1.4771343 1.6013819 6.0417337 1.9099966 13.275799 -0.042231813073158264 0.902376651763916
Car 0.0 0 -2.6251559257507324 89.18785095214844 191.0010223388672 363.07122802734375 283.3355712890625 3.975942 1.4650815 1.5870426 -6.6408772 1.80503 12.641441 -3.108858346939087 0.8973330855369568
Car 0.0 0 3.8476314544677734 0.0 191.3982696533203 186.20651245117188 347.6075439453125 3.599976 1.4635944 1.5535206 -6.8756933 1.6843226 7.760891 3.12263822555542 0.8942392468452454
Car 0.0 0 -1.7300370931625366 632.3469848632812 187.56973266601562 674.6429443359375 219.10101318359375 3.6346946 1.4371843 1.5712918 2.1142797 2.2212067 36.5341 -1.6722301244735718 0.8824766874313354
Car 0.0 0 2.772873878479004 755.773681640625 192.57635498046875 938.703125 258.83770751953125 4.1035633 1.5498166 1.6671047 5.908526 2.078918 18.390417 3.083739995956421 0.870553731918335
Car 0.0 0 -0.5448890328407288 891.9545288085938 195.79335021972656 1218.14208984375 310.5967712402344 3.7345283 1.4795967 1.6116685 6.2128253 1.8382616 10.446119 -0.008339036256074905 0.8645610809326172
Car 0.0 0 0.17715319991111755 412.2994079589844 184.3426055908203 501.5743713378906 219.7616424560547 3.539351 1.4550964 1.512729 -6.562855 1.9616745 30.978323 -0.03161317855119705 0.855453372001648
Car 0.0 0 -0.34719547629356384 729.2855834960938 190.01568603515625 880.767333984375 243.7353973388672 3.9963856 1.461369 1.585831 5.621826 1.9891953 21.20825 -0.08807749301195145 0.831550121307373
Car 0.0 0 -0.38420814275741577 815.6353759765625 189.8800506591797 1014.9583740234375 264.5835266113281 3.6769161 1.5106214 1.6152872 6.5157275 1.902853 15.783194 0.007306814193725586 0.779476523399353
Car 0.0 0 -2.3386828899383545 931.0781860351562 217.2820587158203 1242.0 375.0 3.6833084 1.4785292 1.564006 2.661434 1.754126 2.604188 -1.5424134731292725 0.7515477538108826
