Pedestrian 0.0 0 -2.1338791847229004 332.102294921875 168.68844604492188 354.62884521484375 200.45230102539062 1.0030109 1.6584976 0.6910634 -14.172838 1.4413575 38.25027 -2.48872447013855 0.5230252146720886
Pedestrian 0.0 0 2.885758638381958 162.2940216064453 125.57276916503906 266.9053649902344 341.5649719238281 0.62583894 1.713065 0.7035581 -3.4525661 1.3384287 6.1903553 2.376997709274292 0.2121601700782776
Pedestrian 0.0 0 1.1153688430786133 343.799072265625 166.31297302246094 391.0321960449219 245.40170288085938 0.8224231 1.7772995 0.7547429 -5.6893454 1.6306664 16.76949 0.7882869243621826 0.2044699788093567
Cyclist 0.0 0 -2.1338791847229004 332.102294921875 168.68844604492188 354.62884521484375 200.45230102539062 1.0030109 1.6584976 0.6910634 -14.172838 1.4413575 38.25027 -2.48872447013855 0.10307537764310837
Car 0.0 0 3.0874717235565186 382.75189208984375 174.1539306640625 469.3368835449219 206.72186279296875 3.78902 1.4381971 1.5735941 -8.5371685 1.5009049 33.285343 2.836399555206299 0.9017546772956848
Car 0.0 0 1.2046524286270142 680.4378051757812 167.59092712402344 724.4951171875 192.45852661132812 3.993921 1.6384631 1.683374 6.284013 1.2920507 49.67748 1.3304803371429443 0.8164986371994019
Car 0.0 0 -2.363346815109253 959.3541259765625 160.47994995117188 1015.9366455078125 182.33030700683594 3.6747332 1.5746311 1.6110632 28.173615 0.68326074 53.99025 -1.882389783859253 0.6964219808578491
Car 0.0 0 1.9492924213409424 13.403602600097656 176.27029418945312 71.83263397216797 201.51744079589844 4.068699 1.559689 1.625156 -37.173065 1.7945448 47.343094 1.2836508750915527 0.44005322456359863
Car 0.0 0 1.0565693378448486 754.7664184570312 168.87826538085938 806.968505859375 192.2767791748047 4.2915726 1.580522 1.6939465 11.991077 1.3123261 51.032684 1.2873514890670776 0.2901247441768646
Car 0.0 0 -1.6410658359527588 571.6318969726562 165.65185546875 610.0376586914062 199.74789428710938 4.384926 1.7306807 1.7533203 -1.1249098 1.3654653 38.890278 -1.6699830293655396 0.2651449739933014
Car 0.0 0 1.0970767736434937 636.2621459960938 167.90882873535156 679.6939697265625 188.34078979492188 4.17192 1.5198609 1.6282854 3.6441386 1.1523651 55.907593 1.1621661186218262 0.19861647486686707
Car 0.0 0 -1.916382908821106 788.4178466796875 168.3139190673828 825.6174926757812 187.64186096191406 4.282397 1.5728785 1.6715845 16.558128 1.2037706 60.916176 -1.6509771347045898 0.19844023883342743
