Pedestrian 0.0 0 -0.6222249865531921 387.3701171875 180.34671020507812 428.95556640625 259.4800720214844 0.58730114 1.6573737 0.6655413 -4.202421 1.6344528 15.480066 -0.8873093128204346 0.6493064165115356
Pedestrian 0.0 0 0.8275781869888306 229.30555725097656 191.0164794921875 280.51824951171875 274.1517333984375 0.73855007 1.5402955 0.52232814 -6.6804557 1.7290369 13.771438 0.37592554092407227 0.6392648816108704
Pedestrian 0.0 0 2.4039855003356934 830.4826049804688 161.78709411621094 873.1806030273438 250.11398315429688 0.4823923 1.744201 0.68561643 5.0425057 1.3561766 14.59253 2.736693859100342 0.3597624599933624
Pedestrian 0.0 0 -1.7301784753799438 736.2904663085938 155.95010375976562 787.4580078125 282.32452392578125 1.2772837 1.8353871 0.56660515 2.4091184 1.4656277 11.08322 -1.516141653060913 0.3520495891571045
Pedestrian 0.0 0 -0.24882182478904724 840.6002807617188 140.76185607910156 883.1213989257812 227.7748565673828 0.6391087 1.6464657 0.6239503 5.0018935 0.8768743 13.930903 0.09589266777038574 0.22205115854740143
Pedestrian 0.0 0 -3.183469295501709 772.700927734375 150.55117797851562 807.7623901367188 254.74452209472656 0.5660204 1.7776961 0.66026527 3.2709076 1.2509438 12.63544 -2.930162191390991 0.22045253217220306
Pedestrian 0.0 0 -1.7155755758285522 863.8535766601562 218.7041015625 936.4225463867188 374.0 0.6036032 1.2828305 0.4838573 2.4802809 1.619833 6.1269407 -1.3309247493743896 0.2092180997133255
Pedestrian 0.0 0 1.1603996753692627 974.6929931640625 130.5428466796875 1035.24169921875 260.69525146484375 0.56127834 1.7684773 0.5603935 5.597241 1.0774082 10.064429 1.667945384979248 0.20716118812561035
Pedestrian 0.0 0 1.5989426374435425 862.0872802734375 165.4212646484375 900.371826171875 262.6358642578125 0.584998 1.7076148 0.6316387 5.030459 1.4264603 13.0071335 1.9679713249206543 0.15019194781780243
Pedestrian 0.0 0 1.2859070301055908 915.728759765625 168.3917999267578 973.9496459960938 280.5957946777344 0.8707666 1.5787244 0.5464076 4.99415 1.3956082 10.577042 1.7270429134368896 0.13004063069820404
Pedestrian 0.0 0 1.8750962018966675 314.3897399902344 185.78634643554688 340.6105041503906 243.4711456298828 0.54338044 1.7932714 0.6407173 -8.664663 1.9313482 22.662313 1.509907841682434 0.11173073947429657
Pedestrian 0.0 0 -2.1690773963928223 1019.620849609375 132.735595703125 1098.2286376953125 267.182373046875 0.66983026 1.7027149 0.59603786 5.9501495 1.086468 9.440204 -1.6066768169403076 0.10769098997116089
Cyclist 0.0 0 -1.7301784753799438 736.2904663085938 155.95010375976562 787.4580078125 282.32452392578125 1.2772837 1.8353871 0.56660515 2.4091184 1.4656277 11.08322 -1.516141653060913 0.45347562432289124
Cyclist 0.0 0 1.4413094520568848 921.9187622070312 166.44418334960938 965.6002807617188 281.2198791503906 1.1566756 1.5991478 0.4307011 5.000284 1.3906974 10.622287 1.881272315979004 0.16746148467063904
Cyclist 0.0 0 0.4095158576965332 284.8188781738281 168.2825927734375 440.4709167480469 307.23626708984375 1.7628073 1.6689603 0.5843632 -3.013419 1.5115501 8.99219 0.08616256713867188 0.12620234489440918
Cyclist 0.0 0 0.9127756357192993 832.0150756835938 139.7255096435547 891.6351928710938 226.25360107421875 1.0795487 1.6241832 0.5505715 5.0475416 0.8413118 14.079345 1.2570087909698486 0.11766526103019714
Car 0.0 0 -0.8607730865478516 830.156005859375 156.42926025390625 1019.267333984375 238.50283813476562 3.558715 1.5062329 1.5854349 6.563385 1.0473945 14.6551695 -0.43970468640327454 0.22628742456436157
