Pedestrian 0.0 0 0.21333658695220947 391.5234069824219 167.6372528076172 439.8804931640625 277.8136291503906 0.649141 1.7579767 0.6391116 -3.1442125 1.5543932 11.612426 -0.05108606442809105 0.8188883066177368
Pedestrian 0.0 0 -0.3993428945541382 954.2316284179688 130.14627075195312 1088.95263671875 308.3797912597656 1.0440387 1.8388779 0.7889493 4.4730034 1.3210585 7.745985 0.12433886528015137 0.5176718235015869
Pedestrian 0.0 0 0.19403526186943054 360.9057922363281 173.5802459716797 404.8469543457031 290.2715148925781 0.5427922 1.7532746 0.6211871 -3.4796598 1.6509669 10.957684 -0.11344760656356812 0.5024391412734985
Pedestrian 0.0 0 -1.3765710592269897 275.33465576171875 174.03970336914062 319.7695617675781 261.9850158691406 0.9828116 1.729612 0.6584561 -6.310455 1.6041882 14.45136 -1.7882834672927856 0.34233856201171875
Pedestrian 0.0 0 3.336880922317505 0.0 182.64993286132812 21.1391544342041 236.6034698486328 0.58814263 1.73458 0.5879638 -19.6015 1.8077668 23.157883 2.6344637870788574 0.3417777419090271
Pedestrian 0.0 0 2.733574628829956 508.94921875 164.18423461914062 521.9510498046875 186.4422607421875 0.99840313 1.901141 0.48863474 -7.68859 0.5087475 60.851025 2.6078896522521973 0.24304009974002838
Pedestrian 0.0 0 -3.4403109550476074 975.6578369140625 136.547607421875 1008.5833129882812 205.162353515625 0.61422855 1.7896531 0.6097221 10.24977 0.6448467 18.796648 -2.94108510017395 0.23391319811344147
Cyclist 0.0 0 1.2083706855773926 878.040771484375 156.12216186523438 906.10888671875 193.8959503173828 2.0054696 1.7319324 0.5502663 13.534881 0.61566323 33.421932 1.5931541919708252 0.6468834280967712
Cyclist 0.0 0 -0.17550745606422424 769.8388671875 156.45346069335938 802.8323364257812 188.36463928222656 1.7565902 1.8147947 0.59114116 10.388937 0.4486478 40.56577 0.07520508766174316 0.2917466461658478
Cyclist 0.0 0 -0.6122766733169556 946.8779907226562 125.86125946044922 1080.63671875 301.7373046875 1.0587913 1.8381749 0.7129426 4.4273353 1.2688072 7.790084 -0.09546981751918793 0.10436735302209854
Car 0.0 0 -1.884354829788208 657.3175659179688 168.880126953125 703.2952880859375 195.3656005859375 3.8027682 1.48014 1.581098 4.3624253 0.83215475 41.532433 -1.7797019481658936 0.8911329507827759
Car 0.0 0 -0.8091177344322205 0.0 201.960205078125 286.1563415527344 370.0 3.6570463 1.4698192 1.5382923 -3.2241611 1.6323262 3.455929 -1.5598344802856445 0.8853229284286499
Car 0.0 0 1.6445879936218262 446.32110595703125 169.867431640625 480.0515441894531 197.74691772460938 4.224744 1.6501621 1.755201 -8.786567 1.0221993 44.048794 1.447698712348938 0.7457142472267151
