Pedestrian 0.0 0 1.6749664545059204 777.198486328125 183.7517547607422 805.2938232421875 252.2090606689453 0.9198291 1.714242 0.61897945 4.674712 2.0063264 18.77448 1.918997049331665 0.1272670179605484
Pedestrian 0.0 0 1.3250043392181396 887.0609741210938 160.58909606933594 918.063720703125 220.3247833251953 0.9510291 1.7561661 0.6510531 8.752416 1.3959491 21.725267 1.707980751991272 0.1249181255698204
Pedestrian 0.0 0 0.437424898147583 1176.1300048828125 129.36569213867188 1242.0 254.1277313232422 0.75134945 1.7926008 0.7603887 9.118852 1.1681117 10.865355 1.135650396347046 0.1190670058131218
Pedestrian 0.0 0 -1.6077508926391602 743.0885009765625 188.4521942138672 759.3475341796875 234.728271484375 0.95722216 1.4676352 0.48737505 4.5948243 1.9921908 23.735088 -1.4165284633636475 0.11398710310459137
Pedestrian 0.0 0 -3.1161279678344727 826.3841552734375 155.8553924560547 843.6437377929688 199.16209411621094 0.6485715 1.719303 0.6228196 9.017791 1.0448061 29.041729 -2.8150556087493896 0.10168296843767166
Cyclist 0.0 0 1.4746767282485962 713.6307983398438 190.6021728515625 731.5142211914062 232.42727661132812 1.6487745 1.6442963 0.57339185 4.6157537 2.4012153 29.915253 1.6277638673782349 0.13219867646694183
Cyclist 0.0 0 -1.6057417392730713 777.2899169921875 166.6100311279297 786.9955444335938 199.6413116455078 1.6501589 1.7223591 0.44336054 9.137408 1.3971364 38.473175 -1.3725612163543701 0.12344169616699219
Car 0.0 0 1.7807316780090332 440.7574768066406 182.2040557861328 465.2441101074219 199.2340850830078 3.6835957 1.5184045 1.5292321 -14.827255 2.426484 68.20068 1.5666567087173462 0.28268590569496155
Car 0.0 0 2.1283907890319824 399.34942626953125 183.95843505859375 438.8877258300781 201.31935119628906 3.556587 1.391639 1.6712202 -16.456068 2.3803098 62.269714 1.8700265884399414 0.1374204307794571
Car 0.0 0 2.1203455924987793 381.6597900390625 182.11326599121094 431.40191650390625 201.81373596191406 4.5789456 1.4348034 1.6510075 -16.10363 2.2011135 57.257233 1.846177577972412 0.11144381761550903
Car 0.0 0 -1.746631383895874 641.3821411132812 174.69229125976562 667.346923828125 192.6560821533203 3.7407827 1.483861 1.5901239 3.7552407 1.6470174 61.946815 -1.6860851049423218 0.11013633757829666
