Pedestrian 0.0 0 1.0920968055725098 785.5721435546875 136.90350341796875 820.9247436523438 195.788818359375 1.1356674 1.9404477 0.7098527 6.4805975 0.75612915 24.4055 1.3516454696655273 0.31629589200019836
Car 0.0 0 1.8052743673324585 392.0993957519531 182.5665283203125 446.418701171875 216.9910888671875 4.082643 1.493843 1.6075066 -9.089921 1.9867516 34.52934 1.5478625297546387 0.9047536253929138
Car 0.0 0 1.922691822052002 376.4620361328125 173.58238220214844 426.37689208984375 207.02920532226562 4.051743 1.9388851 1.6270027 -12.683385 1.9857547 43.993366 1.6420011520385742 0.836948812007904
Car 0.0 0 -1.5942823886871338 585.9163818359375 176.69200134277344 611.521728515625 199.83966064453125 3.6750736 1.4754369 1.6274656 -0.82019246 1.7436068 48.476845 -1.6112000942230225 0.791225790977478
Car 0.0 0 1.7912163734436035 388.94232177734375 174.1033477783203 452.64141845703125 214.552978515625 3.9467874 1.4706148 1.5942749 -7.3900285 1.5235345 28.353266 1.5362478494644165 0.2663048207759857
Car 0.0 0 2.046109199523926 66.96761322021484 189.905517578125 312.7666320800781 300.3833312988281 4.4977016 1.4467107 1.7296585 -6.9000654 1.7944874 12.423228 1.5391168594360352 0.21162110567092896
Car 0.0 0 -0.7325109243392944 814.3712158203125 159.76158142089844 883.37841796875 186.6299591064453 3.9324238 1.593626 1.6494006 14.648652 0.81744236 44.338474 -0.41341856122016907 0.20671366155147552
Car 0.0 0 1.645031452178955 437.7131042480469 181.37074279785156 474.9501037597656 214.28091430664062 3.781145 1.4743015 1.5077037 -7.5096297 1.9148796 35.317684 1.435520887374878 0.15995211899280548
Car 0.0 0 -1.925472617149353 679.906005859375 164.47116088867188 722.1182250976562 188.6387939453125 3.6665473 1.532039 1.5879709 5.939882 1.00099 47.703423 -1.80159330368042 0.15669532120227814
Car 0.0 0 1.2501503229141235 830.505126953125 156.50489807128906 935.8441772460938 218.31063842773438 3.5160627 1.4576378 1.509818 6.938815 1.0724156 18.796112 1.6037931442260742 0.14356376230716705
