Pedestrian 0.0 0 1.5005472898483276 882.5325927734375 161.91700744628906 902.8923950195312 208.98394775390625 0.65695924 1.7786524 0.68145484 10.797425 1.3657032 27.678936 1.8724861145019531 0.49882176518440247
Pedestrian 0.0 0 -1.425818681716919 1217.4420166015625 153.2767333984375 1242.0 211.79286193847656 0.539213 1.8443477 0.7112944 19.989225 1.2276572 23.184452 -0.71429443359375 0.20510569214820862
Pedestrian 0.0 0 -3.4098334312438965 985.1537475585938 183.27371215820312 1010.1244506835938 222.69386291503906 0.7892255 1.6689187 0.71533406 16.721308 2.126344 31.211672 -2.9180049896240234 0.19287274777889252
Pedestrian 0.0 0 -2.0705924034118652 561.8411254882812 147.68943786621094 581.5253295898438 188.70729064941406 0.5606692 1.9133214 0.7518459 -1.8500705 0.7398513 34.090332 -2.1248087882995605 0.16018112003803253
Pedestrian 0.0 0 0.8364905118942261 496.04901123046875 161.6082763671875 513.5982055664062 210.9165802001953 0.36789188 1.9268064 0.5937254 -4.201447 1.4877187 28.538612 0.6903207302093506 0.10730055719614029
Pedestrian 0.0 0 -2.107614278793335 627.3607788085938 158.65956115722656 643.25341796875 193.3849334716797 0.5318692 1.9331307 0.72264314 1.3873843 1.143297 40.571747 -2.0734317302703857 0.10202700644731522
Pedestrian 0.0 0 0.5315934419631958 457.2015380859375 166.8270721435547 490.8871765136719 225.70037841796875 0.86246127 1.8320013 0.6050571 -4.354282 1.6448153 22.879942 0.3435323238372803 0.1019819900393486
Pedestrian 0.0 0 -3.5921432971954346 968.883056640625 127.07411193847656 1006.5574340820312 204.71475219726562 0.63652533 1.7233261 0.40698296 8.439786 0.70754516 16.225302 -3.1124963760375977 0.10169951617717743
Pedestrian 0.0 0 -1.7996989488601685 1140.4500732421875 139.10060119628906 1169.02490234375 194.1912384033203 0.5727852 1.9407212 0.70366013 19.44301 0.75202155 25.819681 -1.1542611122131348 0.10163367539644241
Cyclist 0.0 0 -2.394078493118286 914.8151245117188 184.5286865234375 951.973876953125 225.299072265625 1.6716262 1.7444428 0.42048112 14.379283 2.2797613 32.208477 -1.9741857051849365 0.6454421877861023
Cyclist 0.0 0 2.5415356159210205 1023.5264282226562 180.73765563964844 1078.9833984375 229.6670684814453 1.7218511 1.8592713 0.73042095 17.04371 2.1696029 27.957058 3.089012384414673 0.18245255947113037
Car 0.0 0 -1.6937005519866943 705.2018432617188 185.9521026611328 776.1595458984375 242.3173828125 4.0713787 1.5060601 1.6458124 3.8937836 1.949199 22.314629 -1.5209451913833618 0.9729059338569641
Car 0.0 0 -0.4417515695095062 863.18408203125 193.373779296875 1024.682373046875 262.0078125 3.3543315 1.6035244 1.5053488 8.245636 2.140657 18.095469 -0.014189105480909348 0.2211468368768692
Car 0.0 0 0.7277060747146606 906.5598754882812 185.04989624023438 1049.72021484375 237.71054077148438 4.287069 1.5089117 1.545389 12.034164 1.9535413 24.004034 1.1924245357513428 0.1658812314271927
Car 0.0 0 -0.5525227785110474 807.1326904296875 183.2578887939453 930.570556640625 230.8402862548828 3.747827 1.5447615 1.6366253 8.939037 1.9247856 25.135748 -0.21084076166152954 0.11610699445009232
