Pedestrian 0.0 0 0.9968048334121704 771.8628540039062 130.53085327148438 907.384765625 370.0 0.87351316 1.8036865 0.6168311 1.73559 1.4530002 5.484119 1.3033075332641602 0.8948222398757935
Pedestrian 0.0 0 1.2772600650787354 570.3594970703125 133.65530395507812 607.4200439453125 217.93280029296875 0.8687248 1.832644 0.60392505 -0.41003188 0.8156062 15.877261 1.2514406442642212 0.7867347598075867
Pedestrian 0.0 0 1.0336651802062988 618.389892578125 134.60545349121094 659.1865844726562 216.71014404296875 0.77524066 1.8125887 0.6163477 0.724007 0.8010095 16.091473 1.0786280632019043 0.7860451936721802
Pedestrian 0.0 0 -2.8702495098114014 1022.078857421875 173.6885986328125 1077.629638671875 246.9216766357422 1.0553676 1.7586341 0.5630606 11.001962 1.5966651 17.553822 -2.3103885650634766 0.7333207130432129
Pedestrian 0.0 0 0.906987190246582 870.1731567382812 112.05381774902344 1011.4981689453125 361.59423828125 0.9403319 1.8373296 0.5703054 2.6291406 1.3350819 5.724264 1.3375459909439087 0.6827936172485352
Pedestrian 0.0 0 0.8274974822998047 815.995361328125 142.5469207763672 888.304931640625 271.00677490234375 0.77441454 1.6982987 0.5734017 3.3716319 1.1982143 9.812185 1.1584744453430176 0.6689586639404297
Pedestrian 0.0 0 1.3819307088851929 485.3363342285156 136.6048126220703 531.3265991210938 270.18157958984375 0.73186576 1.7781907 0.5014254 -1.4015996 1.1955248 9.834829 1.2403700351715088 0.6615970134735107
Pedestrian 0.0 0 1.2778701782226562 761.2094116210938 137.22039794921875 831.2417602539062 275.5301513671875 0.8529401 1.8324397 0.71697235 2.5839846 1.2607092 9.80139 1.5356395244598389 0.5810353755950928
Pedestrian 0.0 0 1.511224389076233 461.05645751953125 141.21922302246094 496.6188049316406 225.9326629638672 0.7307554 1.7911777 0.71701473 -2.793326 0.962247 15.384749 1.3316164016723633 0.5744554400444031
Pedestrian 0.0 0 0.7717244625091553 239.7323760986328 138.78836059570312 320.9223937988281 259.6242980957031 1.0784951 1.9016936 0.62684363 -5.366279 1.2468997 11.59707 0.3383371829986572 0.5226478576660156
Pedestrian 0.0 0 -1.0283340215682983 675.5252685546875 138.95753479003906 699.1033325195312 193.81094360351562 0.52365404 1.7239159 0.5587351 2.600458 0.41988406 22.593906 -0.91374272108078 0.512601912021637
Pedestrian 0.0 0 2.0921738147735596 369.08160400390625 142.3497772216797 399.834716796875 199.0349884033203 0.7340097 1.8933146 0.7312515 -7.525789 0.62061703 24.04824 1.788883090019226 0.49683937430381775
Pedestrian 0.0 0 0.8225229978561401 499.6180419921875 146.6288299560547 569.5386962890625 273.855712890625 0.8609807 1.7908449 0.60399514 -1.09176 1.3157418 10.458157 0.7185065746307373 0.493358850479126
Pedestrian 0.0 0 1.3378080129623413 540.9463500976562 138.46444702148438 570.130859375 216.66358947753906 0.6611671 1.695581 0.50627697 -1.1448181 0.78574705 15.717311 1.2650983333587646 0.4847434163093567
Pedestrian 0.0 0 1.0995252132415771 578.5706176757812 151.88433837890625 645.0936889648438 268.9222717285156 0.913891 1.7436616 0.7027705 0.049461074 1.3189998 11.095019 1.1039831638336182 0.4167137145996094
Pedestrian 0.0 0 0.8594748377799988 646.6867065429688 143.65487670898438 698.6376953125 250.44314575195312 0.71239555 1.6670393 0.4918214 1.0467135 1.0935181 11.465334 0.9505162239074707 0.39915311336517334
Pedestrian 0.0 0 -1.4090443849563599 487.6218566894531 150.1200408935547 503.9186706542969 185.99844360351562 0.8548795 1.8509613 0.7135866 -5.709253 0.2850831 36.901955 -1.5625414848327637 0.39246684312820435
Pedestrian 0.0 0 1.0350555181503296 667.8953857421875 137.5565948486328 749.908203125 280.5950927734375 0.8746705 1.8164746 0.74869245 1.3368855 1.2728039 9.521911 1.1745446920394897 0.3441501557826996
Pedestrian 0.0 0 0.7594799399375916 268.6734924316406 135.62887573242188 343.5577087402344 245.26449584960938 0.98863393 1.8247586 0.69660294 -5.221932 1.0795808 12.262088 0.35688114166259766 0.3287566900253296
Pedestrian 0.0 0 1.9507482051849365 237.55410766601562 148.51730346679688 267.83172607421875 207.48248291015625 0.73297584 1.7546368 0.59318465 -10.702211 0.8044855 21.424702 1.4874792098999023 0.2806987762451172
Cyclist 0.0 0 0.7587721943855286 226.18519592285156 139.55641174316406 345.3941345214844 258.68316650390625 1.9080137 1.8560756 0.5728606 -5.2845025 1.219804 11.592295 0.3310530185699463 0.44441694021224976
Cyclist 0.0 0 0.7594799399375916 268.6734924316406 135.62887573242188 343.5577087402344 245.26449584960938 0.98863393 1.8247586 0.69660294 -5.221932 1.0795808 12.262088 0.35688114166259766 0.1271817535161972
