Pedestrian 0.0 0 -1.4519829750061035 594.556396484375 163.02720642089844 610.26904296875 197.28538513183594 0.7911053 1.9507856 0.8171272 -0.4673282 1.3915701 41.52137 -1.4632376432418823 0.2898658514022827
Pedestrian 0.0 0 1.0060222148895264 901.4413452148438 137.42054748535156 922.2435302734375 188.4051513671875 0.46955258 1.9569708 0.5829652 11.657817 0.5972668 27.973122 1.4008848667144775 0.20087893307209015
Cyclist 0.0 0 -3.299995183944702 778.93408203125 174.4209442138672 837.1115112304688 225.0359344482422 1.8619848 1.7185829 0.6277522 6.782434 1.7739884 24.933533 -3.0344009399414062 0.23580774664878845
Car 0.0 0 2.6886024475097656 866.4601440429688 172.93292236328125 995.8636474609375 220.49903869628906 3.3413436 1.4174042 1.4872254 9.823366 1.4202908 22.3076 3.103410482406616 0.9164291024208069
Car 0.0 0 -0.7563908696174622 1178.56787109375 160.45513916015625 1242.0 244.92068481445312 3.5888803 1.5053571 1.5891267 13.148158 1.2847406 13.668373 0.009610652923583984 0.7177249193191528
Car 0.0 0 2.5003950595855713 1006.769287109375 165.43666076660156 1181.5394287109375 214.83570861816406 4.3719053 1.4626548 1.6511484 14.836245 1.2433932 22.30408 3.0873682498931885 0.6394304037094116
Car 0.0 0 1.216521143913269 236.60739135742188 189.93841552734375 311.7779846191406 228.53115844726562 3.9915388 1.452461 1.6257203 -14.4598255 2.2310958 30.88641 0.7786672115325928 0.6185312867164612
Car 0.0 0 -2.54980731010437 79.4300765991211 186.31439208984375 264.417724609375 253.27442932128906 4.4369297 1.8611892 1.8500954 -12.995717 2.2818642 21.497623 -3.0935428142547607 0.4454590976238251
Car 0.0 0 1.5444800853729248 94.78250885009766 200.20753479003906 142.96646118164062 240.5170135498047 3.675387 1.4233837 1.5560168 -20.539293 2.6371992 30.060917 0.9450805187225342 0.2733718752861023
Car 0.0 0 -0.19920504093170166 623.4769287109375 176.63784790039062 694.1748046875 203.14434814453125 3.8685746 1.4927292 1.554405 2.7795923 1.7184844 41.95118 -0.13304394483566284 0.25282731652259827
Car 0.0 0 -0.12991590797901154 601.8558959960938 169.1006622314453 664.8992309570312 196.1029510498047 3.6831274 1.6211325 1.6760346 1.3751687 1.3961521 44.331894 -0.0989060029387474 0.24472635984420776
Car 0.0 0 1.5375615358352661 295.666015625 185.80552673339844 333.5162658691406 219.7598876953125 4.0583653 1.4845629 1.574116 -14.56283 2.1589744 35.37587 1.147044062614441 0.21705369651317596
