Pedestrian 0.0 0 -0.645247220993042 1080.677490234375 152.5796356201172 1147.64208984375 249.18807983398438 0.78435767 1.8140616 0.71809006 9.660795 1.4337184 13.919792 -0.038537174463272095 0.6146873831748962
Pedestrian 0.0 0 1.7835452556610107 824.6224365234375 163.9709930419922 847.744384765625 217.64366149902344 0.66816086 1.7925287 0.6244168 7.650619 1.4962171 24.539263 2.0857653617858887 0.5796673893928528
Pedestrian 0.0 0 -3.1057093143463135 805.0427856445312 176.76101684570312 824.4925537109375 215.52828979492188 0.8588485 1.8007232 0.75442356 9.64273 1.98841 34.101933 -2.830141305923462 0.27926021814346313
Cyclist 0.0 0 -2.9252519607543945 801.951416015625 176.37144470214844 828.2886962890625 215.29344177246094 1.065974 1.8043679 0.7348526 9.664624 1.9739101 34.126476 -2.649278163909912 0.19847019016742706
Car 0.0 0 1.8566581010818481 380.83636474609375 185.1740264892578 428.946044921875 213.8369598388672 3.9565892 1.5140476 1.6318867 -11.852869 2.2621524 41.803993 1.5803749561309814 0.856861412525177
Car 0.0 0 -1.6073569059371948 596.051513671875 177.71627807617188 624.5851440429688 202.93707275390625 3.7673745 1.5037905 1.6617548 -0.048407525 1.8248235 45.670372 -1.6084167957305908 0.8128979206085205
Car 0.0 0 1.69062077999115 443.0672607421875 182.61940002441406 478.186767578125 210.634765625 3.5771651 1.4724256 1.5417869 -8.489479 2.0534544 41.05436 1.4867085218429565 0.5757880806922913
Car 0.0 0 1.6692326068878174 500.2472229003906 179.27542114257812 521.5069580078125 196.8791961669922 3.7492027 1.5003334 1.5319663 -8.892289 2.0941856 64.782585 1.5328214168548584 0.3925805687904358
Car 0.0 0 1.749158263206482 434.5553894042969 177.69056701660156 484.2039794921875 213.4681854248047 3.7257178 1.4467623 1.4887758 -6.5656505 1.671342 31.565462 1.5440813302993774 0.2464103251695633
Car 0.0 0 1.433361530303955 631.5808715820312 171.225341796875 654.0438842773438 187.94334411621094 4.0882273 1.5078114 1.538591 3.0057833 1.3612778 67.17992 1.4780739545822144 0.24221239984035492
