Pedestrian 0.0 0 -0.10553699731826782 1144.8399658203125 172.89195251464844 1190.7364501953125 246.44142150878906 0.8595182 1.8328338 0.71097887 14.243025 1.8341932 18.506102 0.5504152774810791 0.17959226667881012
Pedestrian 0.0 0 -0.5455406308174133 1045.3878173828125 179.02005004882812 1090.72705078125 244.3484344482422 0.83736247 1.8568187 0.7628752 13.253578 2.039709 20.967804 0.018142223358154297 0.1603119671344757
Pedestrian 0.0 0 1.2569606304168701 1069.3016357421875 150.3411407470703 1111.58154296875 223.94021606445312 0.798809 1.8036362 0.6699303 12.027139 1.2522889 18.153982 1.8420779705047607 0.1510695070028305
Pedestrian 0.0 0 -2.997860908508301 1129.0107421875 197.0971221923828 1159.2666015625 245.35984802246094 0.86835337 1.8544565 0.8070101 21.360096 2.8461223 28.908916 -2.3615174293518066 0.13247805833816528
Pedestrian 0.0 0 -2.1396639347076416 790.0888061523438 172.4759979248047 811.0964965820312 207.49887084960938 0.9542585 1.7652222 0.6222203 9.708886 1.7465281 36.91374 -1.8824734687805176 0.12452959269285202
Cyclist 0.0 0 1.4757481813430786 405.2286071777344 190.59698486328125 414.8376770019531 214.5106658935547 1.8615252 1.7666211 0.5387634 -15.468169 3.1604576 55.699078 1.2048646211624146 0.31426674127578735
Cyclist 0.0 0 1.0332813262939453 790.2088012695312 176.34832763671875 810.4785766601562 209.83937072753906 0.97255987 1.6837448 0.5871756 9.70163 1.8656456 36.93522 1.2901450395584106 0.1705859899520874
Cyclist 0.0 0 -2.974844217300415 938.3668212890625 203.71163940429688 993.530029296875 254.8916015625 1.7361584 1.7679148 0.7060974 13.107042 2.9429798 26.671703 -2.518083095550537 0.15501630306243896
Car 0.0 0 1.785965919494629 500.8843994140625 180.63369750976562 536.4659423828125 202.2724151611328 4.4594326 1.520236 1.7626542 -6.8901005 2.1345809 54.642517 1.6605337858200073 0.18154789507389069
Car 0.0 0 3.3425068855285645 237.19110107421875 185.17996215820312 376.1844482421875 238.0538330078125 3.5565138 1.4463562 1.5193462 -8.910441 1.8297884 21.332205 2.946836471557617 0.15606199204921722
Car 0.0 0 1.026050090789795 196.06312561035156 185.11473083496094 263.6365051269531 214.4110107421875 3.9550467 1.5691336 1.6514629 -22.079702 2.309356 41.812687 0.5402054786682129 0.1339322328567505
Car 0.0 0 2.282137155532837 300.3382263183594 188.9045867919922 364.9730224609375 215.7059326171875 4.2061357 1.5923182 1.655193 -18.340454 2.706965 47.829956 1.915977954864502 0.1308763325214386
Car 0.0 0 1.3712856769561768 645.652587890625 182.0238800048828 691.8192138671875 215.33937072753906 3.682607 1.4895031 1.5369673 2.774591 1.9620905 35.234314 1.4498703479766846 0.11816666275262833
