Pedestrian 0.0 0 -1.2174921035766602 397.24578857421875 167.3331298828125 413.958740234375 200.30836486816406 0.65808696 1.7562003 0.67920667 -11.018801 1.462527 38.779053 -1.4943385124206543 0.48822319507598877
Pedestrian 0.0 0 -2.0260634422302246 756.0721435546875 182.12254333496094 776.15576171875 219.75759887695312 0.81431884 1.712937 0.6162452 7.2131944 2.1501772 33.538246 -1.8142168521881104 0.40587317943573
Car 0.0 0 -1.6715668439865112 668.3162841796875 178.494384765625 714.0818481445312 213.84494018554688 4.128111 1.4602779 1.6286625 3.5559404 1.7311692 32.534218 -1.5627005100250244 0.9429160356521606
Car 0.0 0 -2.3614115715026855 0.0 193.61520385742188 235.4199676513672 371.313720703125 4.2925315 1.4993899 1.6536192 -6.379607 1.7361453 7.2605433 -3.08231520652771 0.8998593091964722
Car 0.0 0 0.442679762840271 201.9908447265625 180.1451873779297 425.0854187011719 257.2917175292969 3.895278 1.4541494 1.579216 -5.972252 1.6117877 14.664506 0.05593132972717285 0.8910065293312073
Car 0.0 0 -2.531449317932129 0.0 185.78726196289062 279.7577209472656 310.72015380859375 3.7561865 1.4834697 1.579822 -6.651173 1.6686678 9.518958 -3.1413216590881348 0.8433732390403748
Car 0.0 0 0.38328999280929565 275.57440185546875 182.45713806152344 474.79833984375 250.29507446289062 4.2067876 1.496911 1.6012739 -5.536626 1.7379582 17.134228 0.07074809074401855 0.8271375298500061
Car 0.0 0 0.23483619093894958 404.341796875 177.97068786621094 530.4702758789062 220.45127868652344 4.350784 1.5179187 1.6548287 -5.298339 1.7156427 26.914364 0.040462493896484375 0.8235693573951721
Car 0.0 0 0.3508215844631195 359.9620056152344 182.1801300048828 495.60687255859375 231.61366271972656 3.7920406 1.444834 1.5206752 -5.650599 1.7470428 22.39813 0.1036982536315918 0.714449942111969
Car 0.0 0 0.502812385559082 319.9853820800781 177.9032745361328 493.4888000488281 236.2979736328125 4.3173976 1.469851 1.5805868 -5.54546 1.6164165 19.63329 0.22753143310546875 0.6395466327667236
