Pedestrian 0.0 0 -1.4147210121154785 226.89857482910156 155.3475341796875 248.98704528808594 200.98312377929688 0.9220541 1.942827 0.7174455 -16.155704 1.1978887 31.26564 -1.891658067703247 0.4969008266925812
Car 0.0 0 -1.7352468967437744 709.7193603515625 177.4722137451172 826.9403686523438 267.19000244140625 4.0562654 1.526968 1.6106548 2.974471 1.6336102 14.546059 -1.533541202545166 0.9752574563026428
Car 0.0 0 -1.2356610298156738 321.17620849609375 180.62063598632812 438.2458190917969 253.76168823242188 4.1304383 1.6903431 1.6887667 -6.0140595 1.9199878 19.207521 -1.5391011238098145 0.9365665316581726
Car 0.0 0 2.2122819423675537 0.0 204.4349365234375 225.28915405273438 375.0 3.6163325 1.4277503 1.5672162 -6.1496716 1.8648112 8.163325 1.5666534900665283 0.9350005388259888
Car 0.0 0 1.8071527481079102 435.9061584472656 182.53341674804688 499.0323791503906 220.9137420654297 4.038416 1.4485886 1.7016127 -5.9445243 1.8832746 30.319866 1.6135481595993042 0.8534952402114868
Car 0.0 0 1.7187365293502808 468.5929870605469 177.819091796875 513.5827026367188 213.54188537597656 4.0528855 1.6478435 1.6282119 -5.8889184 1.9091837 35.885567 1.5560835599899292 0.6705590486526489
Car 0.0 0 -1.252023696899414 253.82144165039062 206.09043884277344 385.3277893066406 287.946533203125 3.5376809 1.3771844 1.5610965 -6.092419 2.1712873 15.418043 -1.6283408403396606 0.6323622465133667
Car 0.0 0 -0.653534471988678 1014.3822631835938 131.38499450683594 1242.0 252.5382080078125 3.5637772 1.6272181 1.6319742 8.077027 1.0706025 10.507513 0.001821756362915039 0.6258363723754883
Car 0.0 0 2.6570792198181152 863.7039184570312 148.4342803955078 1102.50146484375 224.18275451660156 4.672335 1.6643713 1.7007287 8.4726925 1.1281708 16.738617 3.1256556510925293 0.6169872283935547
Car 0.0 0 1.7199711799621582 486.9199523925781 180.8144989013672 523.7717895507812 208.40943908691406 3.625813 1.4375234 1.5240676 -5.8563704 1.904232 40.45016 1.5761903524398804 0.48562052845954895
Car 0.0 0 1.7847435474395752 519.0473022460938 178.75595092773438 550.7857666015625 199.7458953857422 3.885101 1.4740244 1.5669894 -5.5871086 1.931124 53.818855 1.6813008785247803 0.4268299341201782
