Pedestrian 0.0 0 -1.6648870706558228 956.9780883789062 191.0583038330078 977.5284423828125 230.76583862304688 0.71456707 1.857482 0.8203156 17.122108 2.7447495 34.670357 -1.2061680555343628 0.16573044657707214
Pedestrian 0.0 0 -0.44961825013160706 973.2632446289062 162.35113525390625 996.7449340820312 214.50357055664062 0.5333324 1.9102068 0.67149025 13.864675 1.5258722 26.76843 0.02828502655029297 0.14303790032863617
Pedestrian 0.0 0 2.3731493949890137 0.0 130.61341857910156 61.67169952392578 249.2788543701172 0.9323132 1.8534664 0.6694915 -9.705936 1.1940575 11.767982 1.6834831237792969 0.1276734620332718
Car 0.0 0 1.5334683656692505 382.43438720703125 175.61241149902344 425.69940185546875 212.16995239257812 3.8829644 1.4189839 1.5977135 -8.770194 1.5436282 30.413723 1.2527215480804443 0.4246472418308258
Car 0.0 0 1.3809770345687866 639.5665893554688 173.65028381347656 681.1901245117188 202.56349182128906 3.8892062 1.4989985 1.5598056 2.6724236 1.5452324 39.54198 1.4484589099884033 0.19979175925254822
Car 0.0 0 1.6838762760162354 787.1497802734375 180.2760009765625 823.4100952148438 209.7135009765625 3.9258637 1.5876658 1.6112407 11.400155 2.0429718 42.103836 1.9482989311218262 0.18457527458667755
Car 0.0 0 1.6347519159317017 414.40997314453125 181.16775512695312 433.9087829589844 198.39471435546875 3.5860937 1.4640326 1.4782635 -16.749636 2.235837 65.0503 1.382738709449768 0.162433460354805
Car 0.0 0 2.3937172889709473 13.522162437438965 220.66769409179688 212.22195434570312 306.2981262207031 3.433309 1.4190449 1.5829169 -10.781218 2.593941 15.871304 1.79702627658844 0.14767341315746307
Car 0.0 0 2.3286545276641846 1011.1069946289062 170.7310333251953 1095.8677978515625 202.41505432128906 3.6473162 1.5434121 1.562471 22.304295 1.440355 36.37355 2.8787240982055664 0.1366948038339615
Car 0.0 0 -0.7991409301757812 818.8355712890625 192.3008270263672 901.4441528320312 223.62376403808594 4.206085 1.5184929 1.7770672 13.450276 2.6135232 38.874245 -0.46603891253471375 0.12832830846309662
