Pedestrian 0.0 0 -3.3371596336364746 724.631103515625 138.80355834960938 830.2002563476562 311.6811218261719 0.98107165 1.7753855 0.7182955 1.7836568 1.3488716 7.6317687 -3.1075661182403564 0.7805387377738953
Pedestrian 0.0 0 -0.5830345153808594 1026.228271484375 172.70172119140625 1092.869873046875 275.7391662597656 0.7284007 1.6698279 0.58698934 7.4998565 1.5451019 11.752417 -0.015031741932034492 0.2529733180999756
Pedestrian 0.0 0 0.9161569476127625 1126.6439208984375 147.57643127441406 1190.706298828125 255.625244140625 0.5966851 1.7267115 0.5839151 9.024362 1.2022197 11.59457 1.5775419473648071 0.13468413054943085
Pedestrian 0.0 0 2.588428020477295 17.41768455505371 163.09104919433594 78.4158706665039 255.68600463867188 0.7110293 1.8211664 0.7008517 -11.34692 1.4803959 14.355192 1.9195435047149658 0.12828099727630615
Pedestrian 0.0 0 2.9546642303466797 629.1798706054688 174.92388916015625 689.6881103515625 272.9522399902344 1.0192362 1.7491149 0.543742 0.9438048 1.6512631 12.938997 3.027477979660034 0.12725362181663513
Pedestrian 0.0 0 -0.3122324049472809 775.5252075195312 171.28945922851562 809.1467895507812 242.1168212890625 0.6413704 1.7453043 0.6667825 4.6643205 1.5199386 17.768568 -0.05552031844854355 0.10975394397974014
Pedestrian 0.0 0 0.16294799745082855 670.1884765625 173.969482421875 733.1409912109375 263.3296203613281 1.2066969 1.7814838 0.57872105 1.9519486 1.6529198 14.543705 0.29636335372924805 0.10738314688205719
Pedestrian 0.0 0 2.3557991981506348 836.0858764648438 174.01608276367188 874.8549194335938 246.76986694335938 0.6535676 1.7860291 0.6462705 6.2606034 1.6284533 17.785034 2.694268226623535 0.1069810688495636
Cyclist 0.0 0 -1.7937605381011963 850.9378662109375 143.05453491210938 895.4061279296875 251.1624755859375 1.6174768 1.7687101 0.3711268 4.6305223 1.1577322 12.389099 -1.4360793828964233 0.12110704183578491
Car 0.0 0 -1.196285367012024 485.15533447265625 139.9443359375 577.9608764648438 197.2103729248047 3.4379895 1.5548911 1.6001863 -2.127156 0.45530176 21.064186 -1.2969286441802979 0.12473401427268982
