Pedestrian 0.0 0 -2.0819132328033447 781.0859985351562 154.85704040527344 805.712158203125 200.9023895263672 0.74633247 1.867376 0.70750046 7.5065064 1.1378648 29.711786 -1.8344476222991943 0.20308180153369904
Pedestrian 0.0 0 -1.0833680629730225 765.6651000976562 149.3924102783203 782.4296264648438 188.63539123535156 0.5491597 1.9408779 0.63482875 8.17005 0.7808735 36.09818 -0.86078941822052 0.11352314054965973
Cyclist 0.0 0 1.5698219537734985 644.453369140625 173.2164306640625 654.3095703125 202.06178283691406 1.6642615 1.7298478 0.59067976 2.3740926 1.7528019 44.135536 1.623561143875122 0.1738506406545639
Car 0.0 0 1.9642279148101807 271.5400085449219 182.94290161132812 350.7215881347656 219.86758422851562 4.6397147 1.5372348 1.7601318 -13.84223 2.0403023 33.627583 1.5737333297729492 0.9249061942100525
Car 0.0 0 2.1920316219329834 38.67949295043945 193.9111785888672 144.516845703125 235.6171112060547 3.6250997 1.4279805 1.5551903 -20.276901 2.308549 28.345465 1.5710783004760742 0.32165688276290894
Car 0.0 0 1.8791393041610718 324.00665283203125 173.24685668945312 361.74053955078125 195.5947723388672 3.9935882 1.6651703 1.6044775 -20.655037 1.6970508 55.862755 1.5249826908111572 0.1936076432466507
Car 0.0 0 1.7740819454193115 428.5378112792969 180.54469299316406 455.7648010253906 198.4987030029297 4.16681 1.4865626 1.5309371 -14.786775 2.187698 63.642033 1.5457894802093506 0.15179786086082458
Car 0.0 0 1.9950045347213745 225.33290100097656 187.15438842773438 284.6709899902344 215.43431091308594 3.7935793 1.4749929 1.6465771 -20.373344 2.335943 41.496845 1.53861403465271 0.14973285794258118
Car 0.0 0 1.8082472085952759 380.35272216796875 180.4340057373047 416.5554504394531 201.2064971923828 4.5385246 1.5032452 1.6865395 -16.446398 2.118291 56.2027 1.5235687494277954 0.1391051709651947
Car 0.0 0 1.3323426246643066 531.4744873046875 180.35000610351562 557.8359375 197.37229919433594 3.9055731 1.518305 1.6045586 -6.234494 2.2503362 68.31818 1.2413378953933716 0.11693833768367767
Car 0.0 0 1.0875589847564697 906.9727783203125 180.3815460205078 1016.858642578125 229.42933654785156 3.857917 1.4355137 1.6136168 11.357036 1.7032778 23.672247 1.5348851680755615 0.11688607931137085
