Pedestrian 0.0 0 1.7475173473358154 634.6572265625 170.41229248046875 670.6407470703125 258.4176940917969 0.54586303 1.5899416 0.5799809 0.91363317 1.3908956 13.310293 1.8160510063171387 0.8421996235847473
Pedestrian 0.0 0 -1.1677931547164917 709.2140502929688 166.3390655517578 743.6904296875 242.1414337158203 0.48253304 1.8001847 0.6916222 3.0028846 1.4413368 17.446974 -0.9973481893539429 0.6820415258407593
Pedestrian 0.0 0 2.121769428253174 401.2410583496094 173.83331298828125 435.7605285644531 239.04039001464844 0.79368436 1.7072684 0.567121 -4.9321494 1.5077075 19.26799 1.8711738586425781 0.651899516582489
Pedestrian 0.0 0 0.6937561631202698 666.2713623046875 171.83006286621094 714.4043579101562 262.3360595703125 0.6527478 1.6175097 0.5962733 1.6020381 1.4459616 13.27735 0.8138351440429688 0.6508191227912903
Pedestrian 0.0 0 1.39693284034729 657.3702392578125 179.4431915283203 686.5206909179688 253.95982360839844 0.6856339 1.6532286 0.54550356 1.5574622 1.6088147 16.297562 1.492207646369934 0.6180993318557739
Pedestrian 0.0 0 2.154303550720215 422.2071533203125 173.6471405029297 462.7621154785156 248.068359375 0.90141535 1.866564 0.63186115 -4.128794 1.6707896 18.547714 1.93527090549469 0.6054905652999878
Pedestrian 0.0 0 0.5785528421401978 717.97900390625 169.08712768554688 754.0242919921875 227.99578857421875 0.93411726 1.7662154 0.55891776 4.102236 1.3951733 22.059383 0.762415885925293 0.5465254187583923
Pedestrian 0.0 0 1.4351876974105835 609.2421264648438 172.11451721191406 636.3793334960938 236.0324249267578 1.0859289 1.8826759 0.6769575 0.6091272 1.6073605 21.731823 1.463209629058838 0.531302273273468
Pedestrian 0.0 0 -3.1962881088256836 955.1912231445312 143.775146484375 1028.1302490234375 286.69775390625 0.8082196 1.7927804 0.5768616 5.061839 1.3209071 9.440445 -2.7041120529174805 0.499075323343277
Pedestrian 0.0 0 -1.6492388248443604 739.703857421875 171.8542022705078 766.6328735351562 238.2982940673828 0.858349 1.7332195 0.63614875 4.015953 1.4827765 19.201624 -1.4430642127990723 0.46510201692581177
Pedestrian 0.0 0 -0.6082066297531128 1117.85498046875 119.71505737304688 1187.1435546875 250.0593719482422 0.51064754 1.7824873 0.6227276 7.722374 0.9388871 10.142713 0.04253268241882324 0.4411969482898712
Pedestrian 0.0 0 1.5322346687316895 290.44195556640625 232.30551147460938 340.0721130371094 356.87908935546875 0.6358579 1.2525897 0.4804697 -3.2134013 1.8421676 7.9257283 1.1470481157302856 0.33985739946365356
Pedestrian 0.0 0 2.4013781547546387 949.37939453125 136.25311279296875 1022.5567626953125 269.4529113769531 0.6204131 1.80884 0.67206967 5.3800545 1.1957154 10.155295 2.888563632965088 0.3389270305633545
Pedestrian 0.0 0 -1.1509130001068115 625.1923828125 177.6903839111328 637.8789672851562 203.2098388671875 0.5333373 1.718697 0.70463395 2.0557907 1.4627925 48.771954 -1.1087868213653564 0.3052145838737488
Pedestrian 0.0 0 -2.4196414947509766 142.09791564941406 178.45924377441406 197.85679626464844 281.9289855957031 0.47204742 1.7248504 0.7108971 -7.4576044 1.6754467 12.363923 -2.9623920917510986 0.30499303340911865
Pedestrian 0.0 0 0.895264744758606 689.525390625 172.95469665527344 728.3544921875 249.27481079101562 0.7303612 1.6658186 0.51792395 2.3719525 1.4805257 16.122265 1.041339635848999 0.27434247732162476
Pedestrian 0.0 0 0.5215325951576233 1024.6871337890625 169.35577392578125 1111.4617919921875 316.49365234375 0.6402186 1.7078239 0.67195404 5.646412 1.5682142 8.773768 1.0933644771575928 0.27320030331611633
Pedestrian 0.0 0 3.326571464538574 232.16261291503906 196.38729858398438 321.10980224609375 265.58642578125 1.8080176 1.5498154 0.7023581 -7.6344748 1.912422 16.880312 2.9018306732177734 0.12877273559570312
Cyclist 0.0 0 1.1644561290740967 942.7787475585938 134.54342651367188 1043.515869140625 277.41461181640625 1.7259599 1.8139269 0.5838335 5.3484144 1.2190896 10.002121 1.655498743057251 0.3551276624202728
Cyclist 0.0 0 3.326571464538574 232.16261291503906 196.38729858398438 321.10980224609375 265.58642578125 1.8080176 1.5498154 0.7023581 -7.6344748 1.912422 16.880312 2.9018306732177734 0.32564979791641235
Cyclist 0.0 0 1.3261842727661133 608.2727661132812 173.39419555664062 641.8364868164062 237.16781616210938 1.7765306 1.842494 0.59435296 0.66601527 1.6094452 21.682028 1.3568919897079468 0.2868518829345703
Cyclist 0.0 0 -1.5719056129455566 740.3671264648438 172.95321655273438 764.2429809570312 236.15151977539062 0.84062785 1.6502233 0.61197543 4.0043654 1.4282224 19.228058 -1.3665839433670044 0.18148425221443176
Car 0.0 0 1.6755893230438232 535.3697509765625 182.89675903320312 572.691162109375 213.0154571533203 3.9133213 1.5235069 1.596808 -2.4948187 1.603044 38.503006 1.6108843088150024 0.8565999865531921
Car 0.0 0 -2.4930872917175293 987.2144775390625 203.29098510742188 1238.0 374.0 3.6233213 1.4779848 1.5395042 2.7197788 1.5947729 1.9729317 -1.5498623847961426 0.35777929425239563
Car 0.0 0 1.2052104473114014 754.314453125 197.0452117919922 1002.1117553710938 364.60797119140625 3.1693282 1.432221 1.4665555 2.7828724 1.6424478 8.042953 1.5383186340332031 0.28050100803375244
