Pedestrian 0.0 0 0.29497382044792175 643.224609375 156.02040100097656 660.1557006835938 189.4845733642578 0.86369675 1.9312837 0.5467491 2.3965461 0.96014154 42.044106 0.3519129753112793 0.4359690546989441
Pedestrian 0.0 0 2.0071678161621094 676.345703125 141.36778259277344 703.231201171875 197.6857452392578 0.75221616 1.8813337 0.65522087 2.6777253 0.8298765 24.59208 2.115626096725464 0.3530213534832001
Pedestrian 0.0 0 1.239471197128296 746.864990234375 117.14969635009766 788.2213134765625 208.85470581054688 0.68961024 1.7215861 0.5848866 2.9798338 0.6762023 13.920187 1.4503540992736816 0.33722570538520813
Car 0.0 0 -1.8575165271759033 720.3232421875 180.29869079589844 890.810546875 300.9438171386719 3.375121 1.5460962 1.6011877 2.7818742 1.6795487 11.176491 -1.6135696172714233 0.9791817665100098
Car 0.0 0 -1.373574137687683 379.7640686035156 196.36187744140625 475.6831970214844 265.2178649902344 3.6222787 1.3773979 1.5708212 -4.357306 2.009323 17.536655 -1.6171108484268188 0.9762410521507263
Car 0.0 0 -1.7179185152053833 662.2108764648438 182.4255828857422 731.2095947265625 237.05389404296875 3.310919 1.4576806 1.5555851 2.461865 1.7658366 21.519709 -1.604013204574585 0.9719719886779785
Car 0.0 0 -1.381905198097229 448.72601318359375 183.1735382080078 514.07568359375 232.966064453125 3.9470482 1.6351832 1.6478409 -4.6784434 2.0429814 26.500278 -1.556647777557373 0.9396094679832458
Car 0.0 0 1.6317448616027832 499.9623718261719 183.48167419433594 532.03564453125 213.5323944091797 3.7856228 1.5505931 1.5611933 -5.274206 2.1767616 40.543236 1.5023828744888306 0.6206248998641968
Car 0.0 0 -1.6690194606781006 638.3231201171875 178.0649871826172 676.2945556640625 209.6143798828125 3.6739688 1.5185145 1.5911607 2.3549035 1.8010496 37.205177 -1.6058087348937988 0.45917418599128723
Car 0.0 0 -0.48596280813217163 947.2952880859375 147.1352081298828 1121.0753173828125 202.31671142578125 3.7437644 1.4161764 1.5174874 11.227523 0.75648826 19.347504 0.03985190391540527 0.31088539958000183
Car 0.0 0 1.6252403259277344 526.4686279296875 184.72296142578125 549.5692138671875 206.7038116455078 3.9796505 1.5880567 1.5825692 -5.6133137 2.5484214 56.334724 1.5259259939193726 0.2690643072128296
