Pedestrian 0.0 0 2.8941397666931152 657.7422485351562 174.62112426757812 670.4329223632812 197.2187042236328 0.9090002 1.8087056 0.5652745 4.333997 1.9523869 58.16146 2.9685189723968506 0.5511960387229919
Car 0.0 0 -1.854762077331543 742.2723999023438 184.54580688476562 901.1166381835938 287.3504638671875 3.9287374 1.4821973 1.608725 3.4979558 1.722529 12.828438 -1.5885615348815918 0.9651763439178467
Car 0.0 0 -2.019969940185547 805.6817016601562 185.54090881347656 1175.140380859375 375.0 4.254334 1.4880505 1.6488975 3.5034652 1.6628257 7.7693033 -1.5963373184204102 0.9650066494941711
Car 0.0 0 1.942975401878357 223.0413360595703 190.171630859375 418.2677307128906 293.7090759277344 4.521033 1.4029801 1.6233562 -4.8809657 1.7650119 12.799546 1.578658938407898 0.9588476419448853
Car 0.0 0 2.1153764724731445 0.0 194.85067749023438 309.1459045410156 375.0 4.1130986 1.5097744 1.676058 -4.829694 1.8022041 7.4989414 1.5431952476501465 0.9584338665008545
Car 0.0 0 -1.7449809312820435 717.6235961914062 180.47889709472656 808.8895263671875 247.64808654785156 3.8256345 1.4952993 1.6091328 3.7447531 1.7108992 18.432098 -1.5445442199707031 0.9450206160545349
Car 0.0 0 1.7872599363327026 466.14727783203125 178.87985229492188 522.921875 220.58457946777344 3.3465142 1.531732 1.5480616 -4.573081 1.786204 28.709335 1.6292979717254639 0.9269291758537292
Car 0.0 0 -1.723210096359253 697.0899047851562 181.41062927246094 764.483642578125 229.97816467285156 4.0780067 1.4214978 1.5752124 3.8574488 1.729345 23.881193 -1.5630666017532349 0.8857918381690979
Car 0.0 0 1.73692786693573 492.2172546386719 178.868896484375 540.8469848632812 214.31243896484375 3.9475958 1.5079079 1.5998921 -4.2980165 1.8032222 33.3769 1.6088604927062988 0.7409754395484924
Car 0.0 0 -2.5471200942993164 1086.425537109375 197.24705505371094 1242.0 375.0 3.934556 1.4452138 1.6164042 3.6219027 1.5935218 2.3986795 -1.5612766742706299 0.6772919297218323
Car 0.0 0 0.003824681043624878 627.4348754882812 175.75596618652344 676.8446655273438 192.60562133789062 4.548587 1.5426472 1.6896504 3.9142492 1.8179663 67.3793 0.061852216720581055 0.553129255771637
