Pedestrian 0.0 0 1.7455157041549683 504.06683349609375 171.49639892578125 524.4992065429688 213.91525268554688 1.1872138 1.7506387 0.6584528 -4.063858 1.6949687 30.382172 1.6125469207763672 0.2626810073852539
Pedestrian 0.0 0 1.5328823328018188 834.8289794921875 130.65122985839844 865.771240234375 213.47267150878906 0.7766447 1.7961627 0.62335753 5.3045607 0.88126177 16.104752 1.851069450378418 0.13620075583457947
Cyclist 0.0 0 1.755599856376648 501.4183349609375 169.1204833984375 521.0350952148438 212.22549438476562 1.1266466 1.7804176 0.6236799 -4.192659 1.6265656 30.377325 1.6184470653533936 0.163071408867836
Car 0.0 0 -1.8058377504348755 704.9140625 175.36050415039062 886.87255859375 298.9203796386719 4.3475976 1.5344206 1.6695759 2.5675404 1.5813743 11.228396 -1.5810377597808838 0.9805727601051331
Car 0.0 0 -1.1561975479125977 0.0 186.87338256835938 414.90838623046875 375.0 4.260137 1.4550117 1.6527821 -3.076351 1.6194388 6.27932 -1.611746907234192 0.9751437902450562
Car 0.0 0 -1.6593111753463745 644.4738159179688 179.70703125 693.152587890625 216.24745178222656 3.4629998 1.3064984 1.5818806 2.1971242 1.5911342 28.188257 -1.5815237760543823 0.8722719550132751
Car 0.0 0 -1.4824923276901245 649.4559326171875 169.22915649414062 685.28515625 198.895263671875 3.5076845 1.4988157 1.5952103 3.049783 1.3160367 38.31377 -1.4030596017837524 0.3519143760204315
Car 0.0 0 -1.3506335020065308 642.6386108398438 178.9196319580078 692.00732421875 213.15150451660156 3.552667 1.4811052 1.5703179 2.6986802 1.7820823 33.82848 -1.2710267305374146 0.19310030341148376
Car 0.0 0 2.0263679027557373 680.3198852539062 168.01138305664062 728.768798828125 194.2564239501953 4.0896144 1.7117702 1.6462634 6.461425 1.3962798 49.216682 2.1569066047668457 0.13599978387355804
Car 0.0 0 -0.3281439542770386 0.0 0.0 1242.0 375.0 3.6606715 1.511845 1.5383941 -3.0523794 1.6258012 1.0011439 -1.5820081233978271 0.11290338635444641
