Pedestrian 0.0 0 1.1734538078308105 729.3432006835938 172.73048400878906 749.8712158203125 214.41995239257812 0.86249095 1.9019947 0.65145755 5.9570427 1.8967172 33.408024 1.3499109745025635 0.6277616620063782
Pedestrian 0.0 0 -2.0818262100219727 890.4855346679688 159.7669677734375 930.86376953125 219.11692810058594 1.1220783 1.771631 0.6793848 9.163407 1.3813337 22.13284 -1.689293622970581 0.3573259711265564
Pedestrian 0.0 0 0.3046645224094391 671.35693359375 173.40972900390625 685.5947265625 195.71238708496094 1.0313408 1.7662212 0.49188358 5.4409475 1.8112619 57.586384 0.3988680839538574 0.26229962706565857
Pedestrian 0.0 0 -3.2430522441864014 702.9120483398438 172.4143524169922 715.2449340820312 198.32293701171875 0.8040787 1.809842 0.57248616 6.930857 1.7794878 50.7001 -3.107191324234009 0.2533150315284729
Cyclist 0.0 0 -2.2713661193847656 879.9097900390625 167.25405883789062 938.1881713867188 226.84556579589844 1.810701 1.7559811 0.63708174 9.132538 1.5913259 22.218174 -1.8813796043395996 0.41804417967796326
Car 0.0 0 2.2386155128479004 0.0 192.19224548339844 112.30258178710938 262.48638916015625 3.7018704 1.3789722 1.5887088 -13.854796 1.8859949 17.03911 1.555927038192749 0.8162049055099487
Car 0.0 0 1.9835803508758545 317.3299255371094 181.8865203857422 384.1226806640625 211.82826232910156 4.5114245 1.4878244 1.7839901 -14.149911 2.0123622 39.5579 1.6400612592697144 0.808271050453186
Car 0.0 0 0.8300997614860535 974.3497924804688 166.54010009765625 1215.291748046875 256.6607360839844 4.025913 1.4990506 1.5733838 9.12512 1.3943841 14.114809 1.4040054082870483 0.3824392557144165
Car 0.0 0 -2.637869358062744 709.4638671875 170.71437072753906 776.3571166992188 196.962890625 3.8593616 1.5999264 1.6539834 8.385371 1.4698673 45.838116 -2.456935405731201 0.23973287642002106
Car 0.0 0 1.3605074882507324 1034.1920166015625 180.73040771484375 1064.95703125 199.72158813476562 3.618058 1.6021955 1.6244501 39.22426 2.328071 64.484474 1.9069889783859253 0.1775469183921814
