Pedestrian 0.0 0 2.2071311473846436 881.9802856445312 143.53334045410156 921.814208984375 202.04600524902344 1.0319847 1.830819 0.71137977 9.318605 0.91375506 23.14702 2.589862585067749 0.24412274360656738
Pedestrian 0.0 0 2.605257987976074 136.93487548828125 194.51324462890625 168.9366455078125 227.41798400878906 1.4905846 1.8632573 0.62654954 -27.087084 3.170367 42.7229 2.0402002334594727 0.10897230356931686
Cyclist 0.0 0 2.4190523624420166 133.51065063476562 194.1686248779297 167.27767944335938 226.5115203857422 1.6978524 1.8199794 0.62376344 -27.211372 3.108162 42.690304 1.851576328277588 0.2683810591697693
Cyclist 0.0 0 -1.789217472076416 773.962646484375 163.42593383789062 787.056396484375 194.3030242919922 1.5981569 1.7482705 0.39643767 9.802035 1.2148082 41.65247 -1.558093786239624 0.20009703934192657
Cyclist 0.0 0 -0.3100617825984955 874.5252685546875 138.065673828125 923.6580200195312 194.75640869140625 1.3480155 1.7958579 0.5967573 9.238358 0.6941863 23.198326 0.06892108917236328 0.1890852153301239
Car 0.0 0 -2.5171821117401123 781.114501953125 182.9626922607422 928.6310424804688 243.6498565673828 3.489486 1.4192802 1.561066 6.4276 1.717214 19.366364 -2.1967265605926514 0.9625155329704285
Car 0.0 0 1.9763680696487427 293.4726257324219 186.61463928222656 342.0691223144531 213.33326721191406 3.2721617 1.4583008 1.4991968 -17.286924 2.30515 42.73145 1.591947078704834 0.7467948794364929
Car 0.0 0 1.9600123167037964 358.7926025390625 182.6798553466797 409.1442565917969 209.14169311523438 4.6877804 1.8058614 1.9243062 -16.694067 2.567094 53.45203 1.6572926044464111 0.6923111081123352
Car 0.0 0 -0.3999916613101959 768.8637084960938 169.78982543945312 847.730712890625 199.36183166503906 3.6835923 1.5143727 1.562148 10.369216 1.357815 37.966015 -0.1333756148815155 0.23061038553714752
Car 0.0 0 -2.264087677001953 179.0137939453125 200.8252716064453 232.4931640625 224.46861267089844 3.256148 1.5977353 1.7958841 -30.016615 3.7289429 53.542168 -2.775045156478882 0.13717977702617645
