Pedestrian 0.0 0 -2.2431914806365967 252.9642791748047 164.38368225097656 283.36212158203125 215.30914306640625 0.7179089 1.6758202 0.6046377 -11.494959 1.3974426 24.170336 -2.6871140003204346 0.26370730996131897
Pedestrian 0.0 0 0.7757827639579773 46.886165618896484 175.0772247314453 120.75862884521484 301.2670593261719 0.6183993 1.8056808 0.6334096 -7.838683 1.8400935 10.692091 0.14316678047180176 0.13028527796268463
Pedestrian 0.0 0 3.414783477783203 313.3573303222656 152.32083129882812 365.756591796875 223.2566375732422 1.1538374 1.8091589 0.61303926 -7.0661764 1.2858356 18.755033 3.054469347000122 0.12967845797538757
Pedestrian 0.0 0 1.023395299911499 1035.456787109375 147.15261840820312 1087.635498046875 234.72528076171875 0.61611074 1.7609987 0.68749666 9.212774 1.2445275 14.817741 1.5796465873718262 0.1294436752796173
Car 0.0 0 -0.2734459936618805 695.0032348632812 180.29953002929688 900.7242431640625 243.3180389404297 4.400053 1.3867537 1.6170769 4.2574167 1.5709937 16.94863 -0.027342624962329865 0.9801459908485413
Car 0.0 0 -3.1971540451049805 643.26513671875 178.4635772705078 725.9344482421875 206.06735229492188 4.365581 1.4460646 1.602352 3.9512658 1.7571101 39.060623 -3.096339702606201 0.8685904145240784
Car 0.0 0 1.6416081190109253 620.625244140625 179.8491668701172 644.3193969726562 199.8454132080078 4.2304497 1.5126114 1.6200411 1.8246264 2.0993495 58.294563 1.6728980541229248 0.28903013467788696
Car 0.0 0 1.510697603225708 635.9759521484375 178.9005584716797 659.2074584960938 200.12384033203125 3.76529 1.4677325 1.4700276 2.6964774 1.9269359 52.862225 1.5616629123687744 0.2107498198747635
Car 0.0 0 1.4877976179122925 619.7798461914062 178.25936889648438 641.730712890625 196.10513305664062 4.2611394 1.4799831 1.5718379 1.768662 1.9709897 63.321247 1.5157219171524048 0.1851430982351303
Car 0.0 0 -0.2252410501241684 639.8668212890625 177.74269104003906 702.2469482421875 203.2325439453125 3.5015783 1.4941905 1.572684 3.6431816 1.7976943 43.71316 -0.1420903205871582 0.16336658596992493
