Pedestrian 0.0 0 -1.0735633373260498 710.696533203125 152.24005126953125 726.8123168945312 189.03530883789062 0.47738686 1.9626044 0.7182816 5.8257294 0.86344486 38.88978 -0.9248679876327515 0.37157562375068665
Cyclist 0.0 0 1.8633406162261963 346.7809143066406 177.36988830566406 421.94146728515625 307.9263610839844 1.7253755 1.7163541 0.56367636 -3.2642372 1.7872926 10.408641 1.5594463348388672 0.9453377723693848
Cyclist 0.0 0 -3.2104995250701904 781.404296875 169.89816284179688 818.4581298828125 206.18740844726562 1.7462869 1.7876953 0.6718041 9.435628 1.6424416 36.03446 -2.954399347305298 0.357418030500412
Car 0.0 0 -1.70297110080719 638.3753662109375 179.32461547851562 708.4971313476562 230.3954315185547 4.230808 1.3931748 1.5947464 1.8209169 1.6135606 22.379213 -1.6217834949493408 0.9684380888938904
Car 0.0 0 -0.6990214586257935 940.0777587890625 187.6226043701172 1242.0 373.6654357910156 4.314816 1.4835702 1.680376 5.572538 1.6396415 6.7461 -0.00860384851694107 0.920423686504364
Car 0.0 0 3.5481274127960205 186.73193359375 184.4481658935547 401.9061584472656 252.20960998535156 4.2290506 1.4502884 1.5953356 -7.157918 1.7290055 16.517624 3.13920521736145 0.913031280040741
Car 0.0 0 -2.7277486324310303 273.0319519042969 185.26431274414062 435.73419189453125 242.14141845703125 3.757298 1.4015366 1.5302421 -6.735976 1.7455258 19.073462 -3.0672354698181152 0.8937696218490601
Car 0.0 0 -0.5817200541496277 889.4459838867188 155.313720703125 1242.0 294.8277587890625 3.7098432 1.5837079 1.6264737 5.623205 1.3849554 9.0484495 -0.025673948228359222 0.8128824830055237
Car 0.0 0 -1.6541879177093506 617.572265625 176.29925537109375 652.1572875976562 205.50747680664062 3.512643 1.4248149 1.4956971 1.2111421 1.6123703 37.409763 -1.6218241453170776 0.7189252376556396
Car 0.0 0 3.4207377433776855 331.471923828125 175.77609252929688 451.38079833984375 226.3489990234375 3.562954 1.6380631 1.5896642 -7.333605 1.740093 24.282671 3.1274380683898926 0.5863671898841858
Car 0.0 0 -2.802243232727051 402.9307556152344 179.1358184814453 489.78826904296875 211.805419921875 3.6120448 1.4609429 1.6526291 -7.643766 1.7636033 33.689873 -3.0253522396087646 0.351838618516922
