Pedestrian 0.0 0 1.5737217664718628 355.19049072265625 161.94142150878906 382.18798828125 224.89337158203125 1.0807506 1.9028827 0.7784419 -7.550333 1.5733805 22.443266 1.249197006225586 0.2622753381729126
Pedestrian 0.0 0 1.9545471668243408 0.0 161.26332092285156 44.71198654174805 245.87750244140625 0.8904867 1.7383555 0.6095493 -12.629544 1.5005885 15.337115 1.265662431716919 0.1973416805267334
Pedestrian 0.0 0 -2.343247413635254 1061.058837890625 161.53164672851562 1081.3720703125 195.8699493408203 0.6546561 1.8369019 0.6528838 24.879982 1.2315791 38.982136 -1.7751834392547607 0.1596735119819641
Pedestrian 0.0 0 -3.4154212474823 932.0809936523438 145.91896057128906 1006.0653686523438 216.5543975830078 1.5390191 1.7229611 0.64711183 8.914886 1.0663115 18.056654 -2.9568121433258057 0.14505615830421448
Pedestrian 0.0 0 -0.18609881401062012 752.448974609375 86.8224868774414 860.0763549804688 262.79254150390625 1.0470926 1.8533788 0.5848632 2.0769417 0.9476224 7.9251814 0.0702059268951416 0.12293851375579834
Pedestrian 0.0 0 -1.0889875888824463 0.0 140.94078063964844 26.60746192932129 191.2409210205078 0.7195021 1.8795118 0.6596097 -22.76954 0.68740284 27.379257 -1.7827224731445312 0.11236986517906189
Cyclist 0.0 0 -3.4154212474823 932.0809936523438 145.91896057128906 1006.0653686523438 216.5543975830078 1.5390191 1.7229611 0.64711183 8.914886 1.0663115 18.056654 -2.9568121433258057 0.17067644000053406
Car 0.0 0 -0.143240824341774 602.0977783203125 186.69189453125 684.1851806640625 215.31166076660156 4.2395782 1.4670577 1.6361544 1.7209461 2.2350118 38.997486 -0.09913977235555649 0.9425099492073059
Car 0.0 0 1.3050585985183716 687.3863525390625 179.01995849609375 724.5142211914062 203.33132934570312 3.7782035 1.5281739 1.5191746 6.3511214 1.9584131 48.327583 1.4357279539108276 0.13134385645389557
Car 0.0 0 1.6424275636672974 578.4378662109375 188.11529541015625 604.5234375 210.3087921142578 4.3325906 1.5260304 1.6780514 -1.3956194 2.7330132 54.842472 1.6169853210449219 0.1194683089852333
Car 0.0 0 -1.2578353881835938 0.0 165.4510498046875 20.85921859741211 233.04087829589844 3.838854 1.6927272 1.8473675 -18.330353 1.5076852 20.197 -1.9948214292526245 0.11917348206043243
Car 0.0 0 -0.7882564067840576 1050.0736083984375 152.44308471679688 1145.647705078125 183.23963928222656 4.5041113 1.6482002 1.6954974 26.905148 0.55618644 39.88078 -0.19475451111793518 0.10619348287582397
