Pedestrian 0.0 0 -2.7023041248321533 211.6365203857422 195.44110107421875 336.7203674316406 374.0 0.9869882 1.7204568 0.5704804 -3.2876225 1.8664321 7.1591635 -3.132797956466675 0.7793955206871033
Pedestrian 0.0 0 -1.817805290222168 946.6675415039062 153.4085235595703 1111.016845703125 374.0 0.65990895 1.666702 0.6714305 2.386188 1.520655 4.1764774 -1.2987260818481445 0.45818912982940674
Pedestrian 0.0 0 -2.3361458778381348 1127.7318115234375 144.47178649902344 1238.0 349.84454345703125 0.7446387 1.6687659 0.5866368 5.0922236 1.3692818 6.2288218 -1.6508092880249023 0.22594335675239563
Pedestrian 0.0 0 2.381009101867676 1042.8021240234375 156.44036865234375 1157.87353515625 324.1826477050781 0.8031899 1.6786182 0.5965935 5.174145 1.4292107 7.5441175 2.9821763038635254 0.19548329710960388
Pedestrian 0.0 0 1.6087597608566284 599.3739013671875 137.36436462402344 619.7454223632812 205.2301483154297 0.64308614 1.8107158 0.530697 0.19354764 0.6343043 19.49704 1.6186864376068115 0.15607334673404694
Pedestrian 0.0 0 1.917386770248413 73.09609985351562 147.51547241210938 120.26984405517578 222.7622528076172 1.0093997 1.947828 0.7329259 -13.488553 1.069283 19.175488 1.304364562034607 0.12940183281898499
Cyclist 0.0 0 1.098281979560852 1062.2220458984375 95.49435424804688 1217.9088134765625 303.4277648925781 1.4125675 1.7888601 0.6116338 5.062565 1.0503343 6.9230256 1.7296843528747559 0.3021280765533447
Car 0.0 0 0.30693966150283813 0.0 142.40072631835938 160.2330322265625 195.45794677734375 4.167066 1.5962458 1.6993926 -16.805723 0.4210523 23.07505 -0.3225328326225281 0.3615821599960327
Car 0.0 0 -1.8074617385864258 1098.0543212890625 153.05181884765625 1198.154052734375 211.04139709472656 3.5734656 1.5918763 1.5907387 16.330502 0.8120977 21.672129 -1.161708116531372 0.19818729162216187
Car 0.0 0 2.346846580505371 989.64697265625 147.92886352539062 1099.2186279296875 191.41738891601562 3.6540205 1.6760261 1.679149 17.800606 0.38323092 28.936575 2.8983380794525146 0.1864805668592453
Car 0.0 0 3.5295679569244385 5.961900234222412 161.57225036621094 148.34454345703125 206.14784240722656 4.1267524 1.644092 1.6751219 -20.178978 0.9101318 27.795872 2.9016239643096924 0.14459362626075745
Car 0.0 0 0.35331177711486816 899.7540283203125 81.76377868652344 1238.0 374.0 3.91754 1.4885533 1.5773903 3.1471236 1.4059411 2.7139995 1.2124736309051514 0.12611697614192963
