Pedestrian 0.0 0 -0.908912181854248 1020.6878662109375 113.63487243652344 1085.87841796875 241.53582763671875 0.47786736 1.7455132 0.62513906 6.2182674 0.9376849 10.221325 -0.3623666763305664 0.297833651304245
Pedestrian 0.0 0 -0.9942376613616943 371.2286682128906 158.71597290039062 392.0585632324219 194.6085662841797 0.7499549 1.7140821 0.6590154 -11.0820675 1.0392666 34.90401 -1.301672339439392 0.26660171151161194
Pedestrian 0.0 0 1.024176836013794 262.15472412109375 150.99362182617188 312.69940185546875 227.6070556640625 1.0054262 1.8316967 0.7218947 -8.020885 1.3094105 17.830053 0.6014459133148193 0.25978323817253113
Car 0.0 0 1.7730563879013062 400.79278564453125 183.52713012695312 512.5791625976562 264.8466796875 3.5568407 1.4157586 1.5455614 -3.0595112 1.661492 14.805825 1.5692821741104126 0.979296088218689
Car 0.0 0 -1.762269139289856 645.1652221679688 175.75994873046875 739.5687866210938 245.50306701660156 4.075372 1.5965792 1.6616176 1.9691032 1.6810997 18.792297 -1.657867670059204 0.974841296672821
Car 0.0 0 3.3721530437469482 275.91064453125 182.8849639892578 441.8955383300781 235.82908630371094 4.4242287 1.477162 1.672691 -7.437548 1.7923033 21.58421 3.0403122901916504 0.9574103355407715
Car 0.0 0 3.8844008445739746 0.0 171.76185607910156 126.67550659179688 375.0 4.102121 1.5862389 1.7125508 -6.719544 1.5791618 5.969264 3.0399420261383057 0.632265031337738
Car 0.0 0 -1.6980509757995605 606.1917114257812 175.322021484375 634.95263671875 196.45294189453125 3.6688602 1.459965 1.6223415 0.7026066 1.6454687 52.211216 -1.684594750404358 0.6133648753166199
Car 0.0 0 1.8805084228515625 315.6811828613281 166.1940460205078 385.5599365234375 205.11021423339844 4.2206097 1.5339222 1.5711303 -10.92916 1.2717707 30.572945 1.537187099456787 0.40125665068626404
Car 0.0 0 0.1062549352645874 461.6830139160156 182.34165954589844 526.4873046875 206.6853790283203 3.9526687 1.5059187 1.652158 -7.426072 2.1271515 46.28569 -0.05282922089099884 0.3726279139518738
Car 0.0 0 -2.8335938453674316 434.99761962890625 174.48777770996094 501.1578063964844 201.7097625732422 3.4399657 1.5360062 1.6013306 -8.232988 1.6333055 41.819595 -3.027977228164673 0.28595149517059326
