Pedestrian 0.0 0 1.3159961700439453 949.13330078125 172.6638641357422 979.0473022460938 232.7031707763672 0.8014347 1.7315665 0.60716724 10.37816 1.7264407 21.25969 1.7701281309127808 0.4500991106033325
Pedestrian 0.0 0 -2.1377670764923096 459.5134582519531 180.78347778320312 483.94561767578125 225.15097045898438 0.77286714 1.6375175 0.5828038 -5.2729545 1.9429977 27.280691 -2.328697919845581 0.3553352355957031
Pedestrian 0.0 0 -1.763681173324585 650.89990234375 173.74000549316406 662.9066772460938 199.89405822753906 0.9838238 1.707589 0.6132417 3.064426 1.7671319 47.66911 -1.69948410987854 0.16484160721302032
Pedestrian 0.0 0 1.3134474754333496 323.3150634765625 184.64207458496094 348.4377136230469 239.527587890625 0.5539081 1.6030688 0.581646 -8.268356 1.9633882 21.635618 0.9484107494354248 0.1644003689289093
Pedestrian 0.0 0 0.647709846496582 387.7099304199219 149.8133087158203 419.3431091308594 198.4616241455078 1.1157079 1.9639152 0.5932699 -8.511956 1.0341289 29.602833 0.3677244186401367 0.15831924974918365
Car 0.0 0 0.4545309543609619 169.85171508789062 176.43209838867188 333.5071716308594 236.81643676757812 3.4055662 1.4732236 1.5950363 -9.146658 1.569339 18.501717 -0.004600957036018372 0.9303268194198608
Car 0.0 0 1.6564857959747314 513.9342041015625 174.5778350830078 556.3563232421875 209.32691955566406 3.8614178 1.4982487 1.6202172 -3.4315617 1.582683 33.244457 1.5536279678344727 0.9198164343833923
Car 0.0 0 1.31007719039917 675.3338012695312 166.4807586669922 738.6326904296875 204.9186248779297 4.2813826 1.6123475 1.7654871 4.240873 1.3453683 32.501137 1.4398279190063477 0.8636525273323059
Car 0.0 0 1.677598476409912 528.5247802734375 172.5746612548828 564.6348876953125 201.53590393066406 4.1987267 1.6154732 1.6747798 -3.7053988 1.6002488 42.36031 1.590347170829773 0.3570544123649597
Car 0.0 0 -1.7226587533950806 596.4088745117188 169.7493133544922 621.1995849609375 189.09552001953125 3.870279 1.6676337 1.6352484 -0.15775853 1.4003682 64.23131 -1.7251148223876953 0.15185943245887756
