Car 0.0 0 -1.8042269945144653 617.4693603515625 196.11476135253906 705.5772705078125 263.7621154785156 3.4159594 1.5711685 1.6475375 1.2742387 2.2696755 19.831163 -1.740060806274414 0.9768484830856323
Car 0.0 0 -2.1642844676971436 823.0288696289062 184.2931671142578 1242.0 375.0 3.5956886 1.5626214 1.5082273 2.845584 1.6725465 5.055474 -1.6516125202178955 0.9385590553283691
Car 0.0 0 -0.9966356754302979 819.4920654296875 187.69615173339844 880.6062622070312 219.84732055664062 3.2757983 1.5245578 1.450271 12.382701 2.324339 37.27012 -0.6758675575256348 0.8448665142059326
Car 0.0 0 -1.0905168056488037 754.5178833007812 187.2582550048828 827.4757690429688 223.94082641601562 4.086637 1.5597868 1.6756804 8.639797 2.2885122 34.398613 -0.8444401025772095 0.8056229948997498
Car 0.0 0 -0.8262293934822083 685.5195922851562 191.03964233398438 774.2402954101562 230.8207244873047 3.874557 1.5399598 1.6151818 5.215295 2.3785405 31.42716 -0.6617794036865234 0.7679262757301331
Car 0.0 0 2.341898202896118 553.0726318359375 195.0582275390625 630.9888305664062 230.4000701904297 3.7905483 1.5076146 1.6087245 -0.86816347 2.6493342 35.148827 2.3172035217285156 0.7288684844970703
Car 0.0 0 -1.2792503833770752 869.431884765625 187.04885864257812 921.4740600585938 218.6922607421875 3.6008644 1.5848225 1.7091722 15.751039 2.406841 39.820293 -0.9025834202766418 0.37140214443206787
Car 0.0 0 1.7654837369918823 954.6929321289062 182.5675506591797 995.6650390625 208.5349578857422 3.9496574 1.5505967 1.6331863 23.626242 2.2071545 46.681896 2.234008550643921 0.31070542335510254
Car 0.0 0 -0.09335845708847046 975.52734375 186.14515686035156 1081.9315185546875 223.95306396484375 3.9295278 1.5332114 1.617878 18.360367 2.1498744 31.901932 0.42887043952941895 0.3072197735309601
Car 0.0 0 1.100485920906067 284.0480041503906 193.0367431640625 353.13885498046875 226.23977661132812 4.204103 1.5824976 1.7301588 -15.777457 2.727517 38.88772 0.715059757232666 0.2922845482826233
