Car 0.0 0 -1.8051905632019043 675.5361938476562 176.399658203125 820.8566284179688 274.69464111328125 3.828416 1.4277081 1.5793178 2.1703568 1.4995284 12.579319 -1.6343388557434082 0.9784780740737915
Car 0.0 0 -2.6017913818359375 81.973876953125 187.5243682861328 290.2721862792969 256.3809509277344 3.72722 1.4285754 1.6014624 -9.420418 1.7738507 16.139397 -3.1301324367523193 0.9725286364555359
Car 0.0 0 -1.7728325128555298 634.4209594726562 173.46322631835938 703.40087890625 220.7937774658203 4.048733 1.509929 1.5976589 1.9202868 1.533329 25.178543 -1.6967130899429321 0.9631638526916504
Car 0.0 0 -1.5084940195083618 489.0572814941406 178.09986877441406 541.0401000976562 223.51138305664062 4.002496 1.4914669 1.6251824 -3.4207895 1.6973927 26.220392 -1.6382242441177368 0.9364768862724304
Car 0.0 0 -0.8904823660850525 0.0 190.510986328125 274.01202392578125 375.0 4.0384693 1.488652 1.6519108 -3.4847016 1.6325021 3.7939763 -1.6334155797958374 0.7595609426498413
Car 0.0 0 -1.669095516204834 491.0404357910156 171.75851440429688 537.931640625 209.46180725097656 3.619343 1.5333711 1.6572621 -4.234636 1.4891758 31.293781 -1.803597331047058 0.6298726201057434
Car 0.0 0 -1.4865381717681885 529.1685791015625 178.11630249023438 561.4196166992188 206.23703002929688 3.3558862 1.4697714 1.5066154 -3.5870354 1.7742938 40.02073 -1.5759286880493164 0.5395932197570801
Car 0.0 0 3.774442672729492 0.0 199.10008239746094 142.75352478027344 329.3498840332031 3.8305364 1.4549339 1.5602995 -8.620094 1.8342332 9.433662 3.0340776443481445 0.4845224618911743
Car 0.0 0 -1.634108304977417 626.2562255859375 174.68492126464844 669.127685546875 210.35400390625 3.987144 1.4408096 1.596807 1.5384194 1.525822 31.353474 -1.585080623626709 0.42562752962112427
Car 0.0 0 0.7742571234703064 0.0 186.1679229736328 107.7191390991211 253.47079467773438 3.7671356 1.4105793 1.5079752 -13.8025875 1.7293346 16.36226 0.07351231575012207 0.3888198137283325
