Pedestrian 0.0 0 -1.4654691219329834 738.1959228515625 164.90670776367188 752.4467163085938 199.1686248779297 0.94324327 1.8317351 0.6650829 7.3048024 1.407209 39.119625 -1.28086519241333 0.3548226058483124
Pedestrian 0.0 0 1.0524078607559204 852.168212890625 133.2100067138672 917.161376953125 262.6362609863281 0.80394 1.8328894 0.5714727 3.9889622 1.2718227 10.657834 1.4105428457260132 0.17691326141357422
Cyclist 0.0 0 -1.455310583114624 737.964599609375 165.7858428955078 752.7072143554688 200.16644287109375 0.8896254 1.8373195 0.6880281 7.298535 1.4599513 39.083286 -1.2706938982009888 0.27638164162635803
Cyclist 0.0 0 -1.3332788944244385 506.9405822753906 159.2173309326172 525.2700805664062 197.30873107910156 1.6851244 1.6996489 0.45125416 -4.331088 1.091535 33.054333 -1.4635660648345947 0.18064060807228088
Car 0.0 0 1.9966486692428589 255.6324920654297 191.9314727783203 470.5134582519531 303.52923583984375 4.5317554 1.4292123 1.7092255 -3.9730191 1.8193603 12.390379 1.6863529682159424 0.979259729385376
Car 0.0 0 -1.6980290412902832 762.69384765625 174.68418884277344 879.4419555664062 269.55364990234375 3.7848957 1.5646248 1.6503992 3.8734903 1.6054615 13.964874 -1.4274572134017944 0.9623656272888184
Car 0.0 0 -1.5158228874206543 759.0908813476562 173.43446350097656 813.6488647460938 221.52236938476562 3.4470868 1.4568657 1.5601523 5.821335 1.4778644 23.778074 -1.2757259607315063 0.5829453468322754
Car 0.0 0 1.532084345817566 750.3588256835938 172.20106506347656 794.0512084960938 211.31277465820312 4.1659746 1.511411 1.600255 6.653116 1.4865371 30.072119 1.749815821647644 0.5212921500205994
Car 0.0 0 1.8581950664520264 656.8085327148438 168.2602996826172 693.0614624023438 192.0432891845703 3.762646 1.6603979 1.6246122 4.7263303 1.3400488 52.41935 1.9481158256530762 0.41292843222618103
Car 0.0 0 1.7427483797073364 810.0986938476562 167.31065368652344 836.8802490234375 184.91200256347656 4.3404465 1.5870447 1.6814022 19.945795 1.0875795 67.37335 2.030576229095459 0.16416971385478973
