Pedestrian 0.0 0 2.0457146167755127 1057.0469970703125 170.91099548339844 1092.951416015625 236.33433532714844 0.5308778 1.5778916 0.56358624 11.406094 1.5313879 17.77634 2.6161937713623047 0.22707803547382355
Pedestrian 0.0 0 1.7590420246124268 738.0610961914062 178.72439575195312 755.2406005859375 219.8060760498047 0.6484999 1.8645607 0.6701066 6.2680726 2.1392474 33.291027 1.945144534111023 0.16107484698295593
Pedestrian 0.0 0 -2.641509532928467 434.4054870605469 146.67234802246094 451.60748291015625 186.13343811035156 0.6079488 1.9827216 0.664087 -8.518121 0.6675826 36.652355 -2.869858980178833 0.1382819265127182
Cyclist 0.0 0 -1.7860212326049805 643.299560546875 165.1595916748047 658.5276489257812 198.83090209960938 1.6361164 1.7680309 0.4750363 2.151933 1.3643665 38.72954 -1.7305152416229248 0.20918720960617065
Car 0.0 0 -0.8285576105117798 678.8926391601562 192.40884399414062 761.0206909179688 232.26055908203125 3.34766 1.4942386 1.5638651 4.6074295 2.3618312 30.337881 -0.6778388023376465 0.9022570848464966
Car 0.0 0 -3.302222728729248 1031.010986328125 173.77992248535156 1242.0 259.3671875 4.061899 1.4989346 1.6647816 10.717612 1.5198609 14.347732 -2.6606507301330566 0.8998133540153503
Car 0.0 0 -1.7069445848464966 578.2001342773438 175.798828125 631.497314453125 220.38563537597656 4.7645497 2.0471263 2.0107975 -0.37624714 2.2044768 35.959713 -1.7174072265625 0.24398861825466156
Car 0.0 0 -1.7734496593475342 640.0751342773438 154.56375122070312 678.96630859375 184.14031982421875 3.8327155 1.8254242 1.7598705 3.1154606 0.6969329 46.547413 -1.7066184282302856 0.23156431317329407
Car 0.0 0 2.2969393730163574 617.5277099609375 173.1522979736328 668.4441528320312 194.216796875 4.140505 1.588341 1.6532825 2.5907826 1.6129193 56.522312 2.3427438735961914 0.1714172661304474
Car 0.0 0 2.4748032093048096 586.3817138671875 181.8139190673828 649.22314453125 205.4497833251953 4.2482157 1.5284761 1.6573622 0.5402508 2.1751168 50.08986 2.485588312149048 0.16636411845684052
