Pedestrian 0.0 0 -1.6949163675308228 703.8614501953125 178.1876220703125 718.2197875976562 213.4058074951172 0.7952218 1.6378353 0.5762134 4.7291636 1.893071 34.075813 -1.5570136308670044 0.3676684498786926
Pedestrian 0.0 0 2.3238918781280518 728.0177612304688 142.62496948242188 754.7167358398438 185.65301513671875 1.0306994 1.829422 0.59246874 5.6450863 0.54453325 31.219944 2.5027756690979004 0.2586360275745392
Pedestrian 0.0 0 2.4200007915496826 978.9857788085938 180.10287475585938 1008.26611328125 228.8837127685547 0.6281193 1.5779998 0.5766687 12.604054 1.8210068 23.796566 2.907092809677124 0.16297976672649384
Pedestrian 0.0 0 -1.757415533065796 504.2464599609375 164.6342315673828 516.5813598632812 191.82119750976562 0.7969553 1.7797599 0.6711186 -6.619187 1.2420205 47.716457 -1.8952550888061523 0.14727085828781128
Cyclist 0.0 0 2.3238918781280518 728.0177612304688 142.62496948242188 754.7167358398438 185.65301513671875 1.0306994 1.829422 0.59246874 5.6450863 0.54453325 31.219944 2.5027756690979004 0.16611874103546143
Car 0.0 0 -1.0957306623458862 135.63534545898438 186.95431518554688 340.3403625488281 288.2831726074219 3.8013504 1.4172218 1.5606786 -6.2461853 1.6998476 12.5310135 -1.558143973350525 0.9798306822776794
Car 0.0 0 -1.4260865449905396 490.88861083984375 176.5500946044922 554.2357788085938 224.33541870117188 3.7310574 1.5025593 1.6436719 -2.977002 1.6399525 24.862894 -1.5452558994293213 0.9573893547058105
Car 0.0 0 -1.5671920776367188 511.9604797363281 167.15289306640625 534.8262329101562 187.93955993652344 4.096024 1.4892955 1.629677 -6.4806395 1.0811877 53.821697 -1.6870245933532715 0.3019846975803375
Car 0.0 0 -2.186616897583008 944.9299926757812 177.09263610839844 1164.4962158203125 256.68115234375 4.408142 1.4415239 1.7673615 9.227993 1.5467224 15.575824 -1.6517627239227295 0.2006392478942871
Car 0.0 0 1.335136890411377 805.6975708007812 175.47169494628906 843.2172241210938 199.80718994140625 3.8053458 1.5510451 1.5569737 14.288671 1.7338372 48.342953 1.622523546218872 0.1905682533979416
Car 0.0 0 1.2998689413070679 930.125 178.98236083984375 973.0117797851562 204.60165405273438 3.9770377 1.5912656 1.5586237 22.586573 2.0162964 47.90562 1.740441918373108 0.17810726165771484
Car 0.0 0 -1.4670079946517944 599.2435913085938 168.37847900390625 621.9530029296875 189.0086212158203 3.3863275 1.7154387 1.6035618 0.054270495 1.3436478 61.762253 -1.4661293029785156 0.17686805129051208
Car 0.0 0 -1.5358474254608154 557.4788818359375 171.1946563720703 580.2686767578125 191.7711181640625 3.4041617 1.4821718 1.5772693 -3.0603092 1.363003 53.690376 -1.5927850008010864 0.1402258276939392
