Pedestrian 0.0 0 1.475058674812317 625.9194946289062 159.71832275390625 659.7791748046875 240.80447387695312 0.9112012 1.7400969 0.6596284 0.86872256 1.2738929 15.881515 1.5297044515609741 0.9108846187591553
Pedestrian 0.0 0 -1.4017263650894165 743.3822631835938 151.79869079589844 766.14697265625 205.98890686035156 0.8320691 1.6877999 0.57838255 4.858866 0.7638375 22.863976 -1.1923296451568604 0.7014455199241638
Pedestrian 0.0 0 -1.1184234619140625 697.1594848632812 162.67430114746094 733.0717163085938 229.5983428955078 0.76607305 1.6605856 0.63462305 2.8694308 1.1946508 18.317066 -0.9630329608917236 0.6714913845062256
Pedestrian 0.0 0 1.2825872898101807 651.5615234375 163.2444610595703 669.5778198242188 204.0780487060547 0.66576296 1.8096915 0.64181554 2.6369061 1.0015785 32.224678 1.364234209060669 0.6193474531173706
Pedestrian 0.0 0 2.760796546936035 377.7737121582031 154.88211059570312 460.412109375 323.36566162109375 0.63375825 1.6938726 0.7183058 -2.0086703 1.4276328 7.696419 2.5055036544799805 0.6051427721977234
Pedestrian 0.0 0 0.41292938590049744 382.1563415527344 164.03591918945312 422.1481628417969 243.96762084960938 0.64710766 1.7699474 0.7058719 -4.549869 1.3844554 16.29848 0.1407005786895752 0.5965437889099121
Pedestrian 0.0 0 2.665966749191284 669.834716796875 160.92506408691406 709.170654296875 239.315673828125 0.68631303 1.6672881 0.5227393 1.8773887 1.2309102 15.640257 2.785430908203125 0.5916139483451843
Pedestrian 0.0 0 0.6587179899215698 433.7326354980469 152.66148376464844 520.6469116210938 315.7077941894531 0.75570744 1.7621077 0.62460333 -1.4626175 1.4517958 8.212688 0.48247337341308594 0.5538882613182068
Pedestrian 0.0 0 2.1082093715667725 718.8656005859375 158.63351440429688 742.2780151367188 206.79298400878906 0.7143223 1.7444801 0.5634994 4.739582 0.91723543 26.472054 2.2853732109069824 0.4962167739868164
Pedestrian 0.0 0 -1.6235578060150146 495.93902587890625 165.50765991210938 515.9085693359375 217.3880157470703 0.63597363 1.8184837 0.6702372 -3.423643 1.2589903 25.550564 -1.7567591667175293 0.44429874420166016
Pedestrian 0.0 0 1.3880112171173096 620.0059814453125 155.5782470703125 645.4061279296875 213.25186157226562 0.90201825 1.8987716 0.698484 1.0194567 1.0464455 24.142416 1.4302129745483398 0.42439746856689453
Pedestrian 0.0 0 -1.1858946084976196 475.73394775390625 164.94775390625 500.5077819824219 214.39215087890625 0.70271015 1.7523615 0.6675494 -4.0993423 1.1667898 25.87358 -1.3430259227752686 0.3977871239185333
Pedestrian 0.0 0 1.1237543821334839 685.2085571289062 159.41900634765625 711.153076171875 213.3866729736328 0.75115937 1.7902515 0.6022764 3.2407775 1.0588509 24.27676 1.256462812423706 0.39649346470832825
Pedestrian 0.0 0 1.3342491388320923 802.6591186523438 231.7966766357422 878.9786987304688 374.0 0.6240021 1.3570983 0.5502918 2.2015786 1.8584691 6.806338 1.647087574005127 0.27855467796325684
Pedestrian 0.0 0 -3.2053539752960205 718.7723388671875 155.17242431640625 765.4542236328125 220.44931030273438 1.2291144 1.7689593 0.5563658 3.839222 1.056659 19.817894 -3.0139992237091064 0.26116102933883667
Pedestrian 0.0 0 -2.2786097526550293 875.8421020507812 141.55152893066406 1066.970947265625 374.0 0.82673496 1.6616099 0.5849703 2.052197 1.4572417 4.1708736 -1.8213579654693604 0.2549576461315155
Pedestrian 0.0 0 -1.3927390575408936 951.5496215820312 119.95629119873047 990.5178833007812 195.31582641601562 1.8086388 1.7118372 0.520134 8.8271 0.3150473 17.191273 -0.9183783531188965 0.115193672478199
Cyclist 0.0 0 -3.132277011871338 713.3523559570312 154.89828491210938 766.9270629882812 219.9279022216797 1.432308 1.7583355 0.5185845 3.792254 1.0402116 19.8158 -2.943187952041626 0.3509376347064972
Cyclist 0.0 0 -1.4151076078414917 954.0850830078125 130.92434692382812 987.8082885742188 203.79188537597656 1.5804329 1.6677294 0.4824778 8.835618 0.5114078 17.218716 -0.9410030841827393 0.293576717376709
Car 0.0 0 1.677534818649292 567.0494995117188 170.61489868164062 599.0872802734375 196.47705078125 3.6770191 1.4973284 1.5576477 -1.0688634 0.86790156 43.482704 1.6529583930969238 0.7435977458953857
Car 0.0 0 -1.840545654296875 730.0172119140625 193.62171936035156 865.54541015625 283.2679138183594 3.4774487 1.3805833 1.4990363 3.428625 1.6355869 13.284478 -1.5879650115966797 0.6418054699897766
