Pedestrian 0.0 0 -1.4873020648956299 520.7261352539062 177.43905639648438 538.6427612304688 220.87921142578125 0.6898367 1.7982975 0.6938269 -3.4095888 1.9934478 30.29641 -1.5993715524673462 0.4578878581523895
Car 0.0 0 -1.814961314201355 727.3461303710938 170.90362548828125 832.5096435546875 240.6924285888672 3.8890772 1.5347923 1.6006718 4.0099077 1.4922577 17.82765 -1.5937169790267944 0.9792394638061523
Car 0.0 0 -1.4651517868041992 522.8905639648438 176.51498413085938 599.5206909179688 241.68475341796875 3.782431 1.5570453 1.6567618 -1.2599441 1.6654867 19.37579 -1.5300871133804321 0.969774067401886
Car 0.0 0 -1.9879380464553833 836.6664428710938 173.68101501464844 1242.0 375.0 3.9328642 1.4431677 1.5967168 2.9261167 1.4520583 5.4191084 -1.4928336143493652 0.9570489525794983
Car 0.0 0 -2.362783432006836 0.0 201.75230407714844 182.15316772460938 323.1940002441406 3.5779011 1.4430319 1.5768361 -8.189232 1.8807819 9.970124 -3.0504238605499268 0.9386019110679626
Car 0.0 0 -1.5256354808807373 584.2523193359375 178.58229064941406 620.3727416992188 212.98788452148438 3.3769228 1.4744962 1.5131649 -0.35177836 1.7520857 33.203888 -1.5362296104431152 0.8316745758056641
Car 0.0 0 -1.6679754257202148 714.3782348632812 176.90194702148438 773.04248046875 225.96826171875 3.7099206 1.4711877 1.5349121 4.2987347 1.6161299 23.857948 -1.4897077083587646 0.7541459202766418
Car 0.0 0 -1.5434857606887817 545.560302734375 176.38999938964844 600.0878295898438 229.79498291015625 4.097132 1.6402175 1.6953394 -1.2508472 1.7707884 24.49966 -1.5944972038269043 0.5697457194328308
Car 0.0 0 -1.6983606815338135 696.3392333984375 171.17141723632812 741.6599731445312 209.79542541503906 3.7941175 1.7328041 1.6476386 5.080068 1.6576759 34.280685 -1.5512409210205078 0.489083856344223
Car 0.0 0 -1.6606855392456055 689.948974609375 168.2242889404297 722.0462646484375 196.31619262695312 3.8145611 1.6836042 1.6482886 5.935957 1.4064945 45.17974 -1.5300483703613281 0.4170551598072052
