Pedestrian 0.0 0 0.3086837828159332 366.1201171875 173.05918884277344 380.91009521484375 197.92872619628906 0.884695 1.774873 0.5466206 -16.994993 1.790033 51.773125 -0.008492957800626755 0.4014320969581604
Pedestrian 0.0 0 -0.5149847269058228 514.5050048828125 171.12486267089844 526.1483764648438 194.7632598876953 0.51554245 1.6985942 0.78919554 -6.531371 1.5746993 52.315536 -0.6391878128051758 0.3163730204105377
Pedestrian 0.0 0 -0.14084136486053467 942.8325805664062 129.4660186767578 1061.7955322265625 327.620849609375 0.93567306 1.7964517 0.54915446 3.6936257 1.4034586 6.9560556 0.3472931385040283 0.31596100330352783
Pedestrian 0.0 0 -1.3793033361434937 26.999345779418945 147.80345153808594 48.831241607666016 193.91387939453125 0.7044899 1.9642353 0.6175779 -24.76462 0.89747715 31.188675 -2.0503909587860107 0.31119388341903687
Car 0.0 0 2.3035383224487305 0.0 189.63900756835938 118.36415100097656 348.25653076171875 4.164256 1.6049534 1.6701425 -8.992928 1.8826231 9.829113 1.5625369548797607 0.7687510848045349
Car 0.0 0 -1.6129162311553955 537.4965209960938 175.7737274169922 566.3746948242188 201.10580444335938 3.7711322 1.491597 1.6266316 -3.6820216 1.6816683 44.90877 -1.6947221755981445 0.7254526615142822
Car 0.0 0 1.7907688617706299 384.6813659667969 170.1834259033203 449.5122985839844 210.1942596435547 4.0759783 1.4509887 1.5963957 -7.4981937 1.3544985 28.231754 1.5311678647994995 0.3671833574771881
Car 0.0 0 -1.6506863832473755 583.4098510742188 171.75906372070312 613.0222778320312 195.03778076171875 4.0635858 1.4488616 1.601519 -0.83876014 1.3810705 47.005833 -1.6685281991958618 0.3578815162181854
Car 0.0 0 1.821419358253479 376.60565185546875 168.25851440429688 434.89044189453125 207.09304809570312 4.4228973 1.8264936 1.7669554 -10.185956 1.6107134 36.16509 1.546879768371582 0.20988386869430542
Car 0.0 0 -2.73266863822937 327.0570983886719 173.88497924804688 386.9507141113281 197.4211883544922 3.3627748 1.5113459 1.5623826 -16.592434 1.5805898 47.30812 -3.0699946880340576 0.18979807198047638
Car 0.0 0 1.877190113067627 469.3390197753906 177.35525512695312 499.976318359375 195.1773223876953 3.7461689 1.4565809 1.533235 -10.741145 1.8554374 61.916485 1.7054216861724854 0.1747884303331375
Car 0.0 0 1.2732491493225098 630.7342529296875 173.3813934326172 661.2224731445312 192.62864685058594 3.7705255 1.5932424 1.5692179 3.0278764 1.640291 61.85554 1.3221608400344849 0.16866973042488098
