Pedestrian 0.0 0 -1.921225666999817 786.1995849609375 160.66464233398438 820.770751953125 223.4947509765625 1.0183063 1.8301954 0.6874217 5.722337 1.4754863 21.553377 -1.6617164611816406 0.6168548464775085
Pedestrian 0.0 0 -1.7116044759750366 691.2835083007812 166.64878845214844 707.4169921875 202.55601501464844 1.0140425 1.6956207 0.62962925 4.2385035 1.4029546 34.582775 -1.5896515846252441 0.5446755290031433
Pedestrian 0.0 0 0.0882394015789032 741.3294067382812 163.30470275878906 757.3458862304688 191.44485473632812 1.0335623 1.893614 0.4126066 9.412719 1.251378 48.891544 0.27843475341796875 0.39396461844444275
Pedestrian 0.0 0 -2.433642864227295 1209.915283203125 131.70166015625 1242.0 192.8787384033203 0.9416715 1.915445 0.685432 19.921537 0.6273298 23.1056 -1.722111463546753 0.3531518578529358
Pedestrian 0.0 0 -0.12017430365085602 727.7200927734375 167.70677185058594 738.7168579101562 189.22164916992188 0.86585975 1.8110213 0.46894836 10.390991 1.3781087 60.988117 0.04858255386352539 0.20045682787895203
Pedestrian 0.0 0 0.9003272652626038 701.5056762695312 169.2402801513672 713.3821411132812 191.88946533203125 0.93447936 1.8900386 0.5229656 8.17888 1.5888366 60.743717 1.034168004989624 0.16352833807468414
Pedestrian 0.0 0 0.02301079034805298 1003.1884155273438 148.10879516601562 1113.6827392578125 241.41964721679688 1.7092886 1.6396327 0.5221013 8.2230625 1.2051744 13.359635 0.5747606754302979 0.15352359414100647
Cyclist 0.0 0 0.5243552923202515 1000.0069580078125 149.43338012695312 1112.7611083984375 238.8463897705078 1.7511057 1.5512897 0.5269341 8.196449 1.1453065 13.410809 1.0729565620422363 0.48912709951400757
Cyclist 0.0 0 -1.722263216972351 691.1807861328125 166.81846618652344 707.506591796875 202.70506286621094 1.0571514 1.6943187 0.6228152 4.2401667 1.4097201 34.60085 -1.6003260612487793 0.22932159900665283
Cyclist 0.0 0 -1.8096609115600586 677.4107055664062 170.40187072753906 687.7178344726562 196.03697204589844 1.5717671 1.7290277 0.33892116 4.9399033 1.5639939 49.46508 -1.7101244926452637 0.16949120163917542
Cyclist 0.0 0 -1.3369379043579102 1209.52685546875 177.06141662597656 1242.0 232.3082733154297 1.7422178 1.8136306 0.67411804 21.091671 1.9619551 24.587729 -0.6279255151748657 0.16436101496219635
Car 0.0 0 1.4944102764129639 1177.6954345703125 179.58460998535156 1242.0 226.26736450195312 3.5503163 1.5068004 1.5158376 21.274134 1.7646915 25.718168 2.1855194568634033 0.18256522715091705
Car 0.0 0 -2.224637508392334 1108.092529296875 154.51931762695312 1184.05712890625 193.9854278564453 4.5476465 2.5917993 1.7950267 36.75675 1.3880906 49.67027 -1.5875575542449951 0.15733280777931213
