Car 0.0 0 -2.5792088508605957 0.0 192.919921875 330.8477478027344 300.1861267089844 4.006429 1.3903457 1.5749915 -6.4113636 1.7044725 10.466816 -3.1287994384765625 0.9745302200317383
Car 0.0 0 -1.852117657661438 696.3922729492188 187.898193359375 825.93994140625 274.5268859863281 3.5495965 1.4632801 1.613991 2.8692503 1.807756 14.662645 -1.6588752269744873 0.9735269546508789
Car 0.0 0 -1.7101856470108032 650.9548950195312 181.32034301757812 717.2930297851562 232.54795837402344 4.3152375 1.5203052 1.615095 2.3566847 1.8318157 24.324802 -1.613603115081787 0.9480413198471069
Car 0.0 0 -2.7241241931915283 240.42855834960938 188.2798309326172 424.68701171875 253.37716674804688 3.8553145 1.4579275 1.5820796 -6.679583 1.850872 17.469677 -3.0893256664276123 0.9128884673118591
Car 0.0 0 -2.6597208976745605 186.77613830566406 193.57247924804688 386.8070983886719 268.0286865234375 3.5266645 1.4219571 1.5218805 -6.739987 1.8818716 15.131525 -3.078765392303467 0.8619703054428101
Car 0.0 0 0.5346975326538086 111.60671997070312 191.18702697753906 359.2059020996094 278.84478759765625 3.6453173 1.4109885 1.5313259 -6.611661 1.7600642 12.849186 0.05947089195251465 0.8381077647209167
Car 0.0 0 -2.7846734523773193 288.6032409667969 187.10594177246094 438.22991943359375 244.18057250976562 3.59499 1.478179 1.5537404 -6.783255 1.8885424 19.926395 -3.1127843856811523 0.782069742679596
Car 0.0 0 3.9449949264526367 0.0 201.0546417236328 66.48767852783203 375.0 4.164599 1.448352 1.5822513 -7.0302587 1.7068222 5.620197 3.0485916137695312 0.6308931708335876
Car 0.0 0 1.3929389715194702 749.9332275390625 179.44204711914062 808.477783203125 220.02093505859375 3.8078828 1.4100237 1.5168998 6.360056 1.6804447 27.636797 1.6191308498382568 0.5744120478630066
Car 0.0 0 -1.6555507183074951 643.8329467773438 180.20364379882812 684.391357421875 212.706787109375 4.078855 1.455135 1.6250639 2.5504332 1.8357228 35.276154 -1.5833772420883179 0.5363717675209045
Car 0.0 0 0.40699946880340576 320.19036865234375 179.55064392089844 462.7401123046875 233.97836303710938 3.8976119 1.5863047 1.6128291 -6.743649 1.8031344 22.29962 0.11333227157592773 0.5331922173500061
Car 0.0 0 3.3494272232055664 387.3621520996094 187.76576232910156 505.4197692871094 226.70652770996094 4.2195244 1.4278142 1.5557604 -6.2992253 2.0211241 27.880404 3.127220869064331 0.5316827893257141
