Pedestrian 0.0 0 1.776132345199585 174.0673370361328 176.05421447753906 273.36492919921875 365.72222900390625 1.6181242 1.7352954 0.5918132 -4.006046 1.7726867 7.487373 1.2848470211029053 0.3118267059326172
Cyclist 0.0 0 1.7733080387115479 163.1410369873047 180.8082733154297 267.3771667480469 368.5457458496094 1.8521934 1.6696919 0.5849305 -4.0721836 1.7631121 7.4678674 1.2740850448608398 0.7560989856719971
Car 0.0 0 -1.8104002475738525 713.5713500976562 174.20956420898438 908.9348754882812 306.4448547363281 4.263359 1.5496066 1.6961462 2.6235147 1.5739492 10.630056 -1.5684341192245483 0.9598515033721924
Car 0.0 0 1.6289756298065186 545.6351928710938 174.2470703125 570.9364013671875 196.61553955078125 4.003253 1.6315007 1.6917711 -3.9251585 1.7417197 54.88771 1.5575846433639526 0.7517269253730774
Car 0.0 0 0.31374749541282654 274.4505920410156 171.4150390625 450.0251159667969 245.39666748046875 3.7338264 1.7249829 1.6849527 -6.0186033 1.6917895 17.689789 -0.014197487384080887 0.6709372997283936
Car 0.0 0 1.4918982982635498 653.2730712890625 167.1809844970703 693.8955688476562 202.58099365234375 3.9090743 1.5462188 1.5611916 2.8553712 1.2987884 33.47228 1.5769978761672974 0.49017512798309326
Car 0.0 0 1.5273271799087524 660.9617309570312 159.20999145507812 714.51953125 211.7373809814453 4.280364 1.7210971 1.6989899 2.6575904 1.2743996 25.82555 1.6298717260360718 0.32306697964668274
Car 0.0 0 -1.6863398551940918 640.9496459960938 171.41867065429688 671.0518798828125 195.29248046875 3.7753391 1.5569693 1.6077408 3.054562 1.4637198 48.981346 -1.624058723449707 0.3153500258922577
Car 0.0 0 1.6872379779815674 579.2007446289062 170.92921447753906 601.0663452148438 187.6334991455078 3.8503373 1.4683932 1.5464964 -1.7929357 1.2995518 65.41043 1.6598342657089233 0.305996835231781
Car 0.0 0 -0.44543516635894775 0.0 0.0 1242.0 375.0 3.8533123 1.520063 1.597948 -3.6650984 1.8201367 1.7437253 -1.5721591711044312 0.26924872398376465
