Pedestrian 0.0 0 1.8169574737548828 351.98553466796875 159.2559051513672 405.075927734375 268.4737243652344 1.0989081 1.768849 0.6120944 -3.962644 1.5489773 12.251615 1.5041385889053345 0.2930440604686737
Pedestrian 0.0 0 -0.4587669372558594 561.4791259765625 177.771484375 580.52294921875 208.87451171875 0.9775567 1.8584574 0.6264553 -2.4002788 2.16074 43.785446 -0.5135312080383301 0.2650095522403717
Pedestrian 0.0 0 2.8931984901428223 481.044189453125 176.26524353027344 504.0354309082031 237.61334228515625 0.538326 1.7983327 0.6346012 -3.5648477 1.9026641 21.590967 2.7295663356781006 0.2575545608997345
Pedestrian 0.0 0 1.3719186782836914 777.25146484375 172.46701049804688 827.9951171875 272.03765869140625 0.59507316 1.7821931 0.7951177 3.4701145 1.7756243 13.231831 1.628397822380066 0.19145958125591278
Pedestrian 0.0 0 1.7179938554763794 702.727294921875 167.52096557617188 717.90087890625 208.15924072265625 0.42794877 1.9076737 0.6565218 4.7125864 1.657684 34.16569 1.8550622463226318 0.1328265517950058
Pedestrian 0.0 0 0.9189757704734802 459.791015625 163.5016326904297 496.5823669433594 230.6183319091797 0.7786135 1.8139989 0.66776884 -3.7035208 1.5615855 20.007448 0.7359404563903809 0.1167488694190979
Cyclist 0.0 0 1.81363844871521 340.97442626953125 168.14930725097656 404.0305480957031 279.0506286621094 2.0754588 1.6797547 0.5129519 -3.9506788 1.6088533 11.9801 1.4950982332229614 0.24849621951580048
Cyclist 0.0 0 1.7968083620071411 473.8828430175781 177.87615966796875 504.8011169433594 237.56103515625 1.7758992 1.6908305 0.52699995 -3.6224287 1.847075 21.491642 1.6298272609710693 0.2384078949689865
Cyclist 0.0 0 1.9739798307418823 493.3849792480469 186.77908325195312 529.65087890625 245.37730407714844 1.516145 1.658884 0.5257964 -2.9791775 2.0916958 21.604599 1.8369485139846802 0.136051207780838
Car 0.0 0 -1.6730114221572876 655.6122436523438 186.38853454589844 693.0813598632812 216.16729736328125 4.1564736 1.5038155 1.664601 3.5166657 2.3017526 40.426052 -1.5862398147583008 0.6577757596969604
Car 0.0 0 1.7264230251312256 575.08349609375 188.0975341796875 607.9757690429688 213.77633666992188 4.1945972 1.5758934 1.606067 -1.2406619 2.6587903 49.054306 1.701136827468872 0.15862801671028137
Car 0.0 0 -1.5094114542007446 509.6053161621094 170.24896240234375 545.20166015625 200.79507446289062 3.9013813 1.5315592 1.6357279 -4.3566475 1.4013027 38.165375 -1.623071312904358 0.1575198471546173
Car 0.0 0 0.40631935000419617 91.18754577636719 185.10227966308594 382.21246337890625 290.39410400390625 3.7416863 1.4950117 1.6305777 -5.7585573 1.7045034 11.387796 -0.06186029314994812 0.15567828714847565
Car 0.0 0 1.881577491760254 502.04461669921875 181.54086303710938 585.4521484375 234.44821166992188 3.8157382 1.4700243 1.5186887 -2.036184 1.7685971 22.739145 1.792270302772522 0.11385279148817062
