Pedestrian 0.0 0 -0.6388683915138245 1143.8267822265625 135.7256317138672 1214.9112548828125 236.08998107910156 0.76589113 1.7048137 0.57946503 9.944381 0.9459132 12.31018 0.040621280670166016 0.7301464080810547
Pedestrian 0.0 0 -3.8454389572143555 1178.9803466796875 133.9781494140625 1224.0 241.07907104492188 0.6853402 1.7273097 0.57238233 10.020847 0.978665 11.686114 -3.1366066932678223 0.5173607468605042
Pedestrian 0.0 0 -0.2555462718009949 509.2590637207031 164.43508911132812 521.2752685546875 186.57131958007812 0.9234808 1.8918297 0.5228346 -7.70347 0.52006966 60.836147 -0.3815024495124817 0.34345072507858276
Pedestrian 0.0 0 1.5016965866088867 279.0506286621094 180.0897979736328 320.9355773925781 272.33648681640625 1.0826048 1.8017273 0.70918524 -6.2860813 1.7953464 14.448674 1.0913336277008057 0.19986845552921295
Pedestrian 0.0 0 1.3222112655639648 880.5948486328125 156.48377990722656 902.0728149414062 193.31951904296875 1.5398936 1.7056834 0.58051324 13.554489 0.5950634 33.537136 1.7063018083572388 0.19548706710338593
Pedestrian 0.0 0 -1.448720932006836 789.1099853515625 161.35133361816406 806.477294921875 195.794677734375 1.101575 1.8024124 0.7649369 10.260268 0.8017814 37.6493 -1.1826597452163696 0.1579986810684204
Pedestrian 0.0 0 -1.9192049503326416 1206.6419677734375 139.4290313720703 1224.0 181.4990692138672 0.5377822 1.9338571 0.7096959 28.5173 0.047380906 32.87446 -1.2046610116958618 0.14242054522037506
Pedestrian 0.0 0 -1.7216702699661255 986.1439819335938 146.34664916992188 1005.9520263671875 189.11215209960938 0.5587097 2.015701 0.7500685 18.62624 0.40737233 33.712948 -1.2169134616851807 0.13775433599948883
Pedestrian 0.0 0 2.371025800704956 1051.56689453125 172.6490936279297 1086.7308349609375 237.57325744628906 0.5528702 1.5717094 0.46856263 11.379512 1.3832518 17.3941 2.950359582901001 0.1311982274055481
Pedestrian 0.0 0 -0.0669127106666565 768.7123413085938 157.85702514648438 801.6962280273438 190.61553955078125 1.7979294 1.8583531 0.56785274 10.317383 0.57522815 40.547256 0.1822528839111328 0.12194960564374924
Cyclist 0.0 0 -2.083270788192749 970.599365234375 144.8695068359375 1023.6212158203125 212.83779907226562 1.729844 1.718165 0.43068218 10.324349 0.8190574 18.73525 -1.5796098709106445 0.29919204115867615
Cyclist 0.0 0 -0.17128175497055054 768.6242065429688 158.3699951171875 801.69091796875 190.11253356933594 1.7625505 1.8059366 0.5975401 10.32682 0.5482725 40.587765 0.07786369323730469 0.29604998230934143
Cyclist 0.0 0 1.3222112655639648 880.5948486328125 156.48377990722656 902.0728149414062 193.31951904296875 1.5398936 1.7056834 0.58051324 13.554489 0.5950634 33.537136 1.7063018083572388 0.14471784234046936
Car 0.0 0 0.2772691249847412 631.6142578125 168.2067108154297 775.8755493164062 215.73780822753906 4.381801 1.4419277 1.6466414 3.1804447 1.0705516 23.079897 0.41420817375183105 0.9508107900619507
Car 0.0 0 -0.8322772979736328 0.0 200.7437744140625 284.1533508300781 370.0 3.6324055 1.4730201 1.5408292 -3.218161 1.6266849 3.480142 -1.578583836555481 0.8896326422691345
Car 0.0 0 1.5288505554199219 421.53863525390625 179.89369201660156 440.343505859375 196.0652313232422 3.9740088 1.49286 1.571239 -16.587168 1.438041 67.393074 1.2875216007232666 0.13360875844955444
Car 0.0 0 0.05226719379425049 42.22316360473633 173.56800842285156 113.56575012207031 197.87689208984375 3.7092514 1.5509436 1.6232542 -34.813576 1.1100113 46.80903 -0.5872130990028381 0.12983490526676178
