Car 0.0 0 -1.9651620388031006 761.2615966796875 179.6887969970703 1055.760498046875 370.2015686035156 3.3988283 1.5177987 1.57091 2.7531629 1.6066467 7.6045737 -1.617801308631897 0.9778004884719849
Car 0.0 0 -1.6829452514648438 673.0195922851562 183.62977600097656 739.9243774414062 236.53016662597656 3.4383767 1.3872838 1.567006 2.7285528 1.7324548 21.354967 -1.555862545967102 0.9730350375175476
Car 0.0 0 -0.14803312718868256 726.81689453125 175.09579467773438 844.7394409179688 220.98208618164062 3.9980328 1.6150557 1.6870908 6.3313065 1.7009202 26.505121 0.08644413948059082 0.9385682940483093
Car 0.0 0 3.647430658340454 21.117496490478516 152.60345458984375 317.42218017578125 263.9466552734375 3.6733189 1.6304134 1.6650475 -6.869404 1.3342397 11.457747 3.1073477268218994 0.9289371371269226
Car 0.0 0 0.3666689395904541 255.32093811035156 188.56643676757812 439.8318786621094 257.2501525878906 3.7216866 1.4839686 1.5585741 -6.0575786 1.8675116 16.77699 0.020171165466308594 0.9027910232543945
Car 0.0 0 0.3603389859199524 307.6961364746094 179.36553955078125 472.0897521972656 240.42381286621094 3.8308218 1.5169687 1.6112458 -5.783423 1.6976684 19.051283 0.06560897827148438 0.8998041749000549
Car 0.0 0 0.9297487735748291 0.0 197.02523803710938 221.94888305664062 375.0 4.4138236 1.5260575 1.7220043 -6.1222878 1.7851893 6.492499 0.173689603805542 0.8445625305175781
Car 0.0 0 0.6592669486999512 0.0 184.14761352539062 319.659423828125 322.4228210449219 4.1163945 1.5401858 1.5810189 -6.0924544 1.697935 9.119706 0.07030463218688965 0.8407915830612183
Car 0.0 0 3.5724563598632812 127.0523681640625 184.10426330566406 362.0665588378906 265.051025390625 3.7665527 1.4534479 1.5811734 -7.0258784 1.6860865 14.042233 3.108537435531616 0.8137524724006653
Car 0.0 0 -1.7034244537353516 630.0933837890625 180.2405242919922 658.0692749023438 202.33958435058594 3.6008573 1.588931 1.6624907 2.537843 2.1713448 54.988716 -1.657305121421814 0.591914176940918
