Pedestrian 0.0 0 -1.6116067171096802 737.1550903320312 164.45167541503906 757.7777709960938 219.84169006347656 0.5703247 1.6823112 0.5989316 4.356238 1.196449 21.797935 -1.4143588542938232 0.4021323621273041
Pedestrian 0.0 0 -0.7721233367919922 12.317375183105469 149.75318908691406 43.456451416015625 196.57020568847656 0.74299914 1.7879707 0.578247 -22.385796 0.61523825 27.399565 -1.457152247428894 0.22058770060539246
Pedestrian 0.0 0 -1.8096516132354736 809.3035278320312 134.3002166748047 860.0411987304688 247.18368530273438 0.8760498 1.8595278 0.6327027 3.8713706 1.1001309 12.101529 -1.5000325441360474 0.18290886282920837
Pedestrian 0.0 0 -2.723787784576416 831.5616455078125 137.69894409179688 879.4105224609375 230.12245178222656 0.65313417 1.7642577 0.7303433 4.914106 0.94886935 13.981496 -2.3858020305633545 0.13417808711528778
Pedestrian 0.0 0 -1.9056376218795776 836.6617431640625 180.21371459960938 893.8516845703125 291.4554138183594 0.6850662 1.6400197 0.6241267 3.90401 1.6374619 10.765517 -1.5577466487884521 0.13339270651340485
Pedestrian 0.0 0 -1.6724694967269897 739.5885620117188 143.51097106933594 770.2754516601562 215.05130004882812 0.7869662 1.8716888 0.7248108 3.9684765 0.9055426 18.922665 -1.4657447338104248 0.1085948795080185
Cyclist 0.0 0 2.2340729236602783 422.45660400390625 167.2982940673828 442.8885192871094 192.2257080078125 1.5134189 1.6825583 0.5481205 -11.816459 0.7927799 48.52205 1.9951950311660767 0.3050525486469269
Cyclist 0.0 0 -1.7795031070709229 811.869873046875 132.9825439453125 860.0440063476562 245.6896514892578 1.6808434 1.8281944 0.4495955 3.953149 1.0590785 12.322797 -1.4690749645233154 0.22414587438106537
Cyclist 0.0 0 -1.697279691696167 265.3675842285156 175.7646026611328 275.415771484375 202.66180419921875 1.6425164 1.6294777 0.35426757 -20.651777 1.3439596 43.61661 -2.1394906044006348 0.1281503140926361
Cyclist 0.0 0 -1.0316808223724365 155.841796875 171.93048095703125 187.24037170410156 209.08425903320312 1.6405884 1.6461779 0.43915248 -19.710077 1.2679539 32.144997 -1.5817217826843262 0.10733184963464737
Car 0.0 0 -1.5604153871536255 554.37890625 160.9224853515625 574.3416748046875 180.10638427734375 3.7898397 1.5671068 1.6315774 -3.3993065 -0.033164598 59.764206 -1.6172327995300293 0.41743263602256775
Car 0.0 0 -1.403854489326477 852.3062744140625 166.9619903564453 890.25244140625 192.84829711914062 3.6771753 1.5269729 1.6070112 16.485882 0.7297676 43.69527 -1.0430757999420166 0.14232781529426575
Car 0.0 0 -0.8283141851425171 860.4579467773438 158.12185668945312 946.70654296875 192.8955535888672 3.5856817 1.4956224 1.571441 13.441675 0.53461033 31.865778 -0.4291386604309082 0.1292515993118286
Car 0.0 0 -2.4493651390075684 826.8916625976562 166.946533203125 902.2977294921875 197.90902709960938 3.4315886 1.5060478 1.5421323 13.242085 0.8482322 36.257153 -2.0991899967193604 0.1262425184249878
Car 0.0 0 -1.355627417564392 571.4200439453125 172.6920623779297 603.22021484375 193.39955139160156 3.8715518 1.4983013 1.6043135 -1.2825836 0.93463635 53.206776 -1.3797284364700317 0.11946804076433182
