Pedestrian 0.0 0 2.5754785537719727 1013.882568359375 176.6392364501953 1057.4566650390625 236.8201446533203 0.8141413 1.5570577 0.5607716 11.152694 1.658636 18.997179 3.106337308883667 0.4508763253688812
Pedestrian 0.0 0 -1.7408688068389893 732.1477661132812 168.42691040039062 751.1972045898438 212.0575714111328 0.7526113 1.7758126 0.65322185 5.3817215 1.595984 29.743793 -1.561869502067566 0.4107503890991211
Pedestrian 0.0 0 2.2762510776519775 896.0669555664062 177.05699157714844 926.959228515625 226.2991485595703 0.7486622 1.5080404 0.5341904 9.385881 1.6422728 22.571905 2.6703217029571533 0.19256043434143066
Pedestrian 0.0 0 2.262521266937256 274.5240173339844 174.79624938964844 300.7935485839844 214.4210205078125 0.97207355 1.795713 0.63338107 -14.911644 1.8872129 33.303097 1.8415355682373047 0.18733906745910645
Cyclist 0.0 0 -1.8729782104492188 731.8478393554688 167.68446350097656 751.3624267578125 209.91444396972656 0.79295397 1.7198185 0.58235633 5.391446 1.5096468 29.811193 -1.694059133529663 0.11439555883407593
Car 0.0 0 2.1644067764282227 87.33842468261719 187.6395721435547 240.0045166015625 257.66827392578125 4.017833 1.6734455 1.6486982 -12.303404 2.1285968 20.146986 1.6161696910858154 0.8889594674110413
Car 0.0 0 2.2703351974487305 0.0 204.6458740234375 114.99068450927734 330.7583312988281 3.646809 1.4595118 1.563977 -9.686319 2.0304675 11.110558 1.5533136129379272 0.8049986362457275
Car 0.0 0 -1.581144094467163 601.3594360351562 176.27096557617188 628.554931640625 203.42987060546875 4.0582333 1.6458594 1.6675829 0.26167542 1.8749661 46.267784 -1.5754884481430054 0.672397792339325
Car 0.0 0 1.8335529565811157 435.747802734375 181.22079467773438 475.30303955078125 205.50906372070312 4.112508 1.5532674 1.6526026 -10.611383 2.1540663 49.681686 1.6231273412704468 0.5014734864234924
Car 0.0 0 -0.14339300990104675 766.2421264648438 161.3041229248047 846.68994140625 192.6051025390625 3.9190853 1.61524 1.6562623 10.330763 1.0195841 38.288155 0.1201474666595459 0.16857846081256866
