Pedestrian 0.0 0 0.442348837852478 596.5435180664062 172.69320678710938 612.8726806640625 202.4506378173828 0.8676532 1.829381 0.53609127 -0.36025962 1.8198543 44.780575 0.43430399894714355 0.3102231025695801
Pedestrian 0.0 0 -1.7241591215133667 682.9280395507812 147.07359313964844 699.7244262695312 187.6325225830078 0.77040434 1.8758117 0.6700532 3.7626982 0.68385077 33.76673 -1.6131848096847534 0.18547625839710236
Pedestrian 0.0 0 2.469615936279297 196.9364776611328 181.9086456298828 221.6665802001953 220.68106079101562 0.9681237 1.8633078 0.49102744 -19.729565 2.3155625 35.46644 1.9619576930999756 0.17766931653022766
Pedestrian 0.0 0 -0.787308394908905 676.5905151367188 145.31741333007812 732.2429809570312 241.6729278564453 0.69713074 1.712308 0.7442081 1.6895137 1.2233206 13.327234 -0.6612095236778259 0.16093461215496063
Pedestrian 0.0 0 -2.573390245437622 178.53912353515625 195.7327880859375 207.02581787109375 235.09886169433594 0.8652528 1.6965353 0.66897285 -18.455872 2.7182643 31.855831 -3.09849214553833 0.14691726863384247
Pedestrian 0.0 0 1.0373185873031616 981.1680908203125 153.10020446777344 1024.04345703125 224.7659912109375 0.8815095 1.6821722 0.53129244 9.398527 1.2188601 17.384008 1.5329488515853882 0.12229425460100174
Car 0.0 0 1.6788983345031738 394.6646423339844 184.1111602783203 436.300537109375 214.18629455566406 4.2334642 1.4242394 1.673046 -10.230771 2.052904 38.04883 1.4162256717681885 0.9188527464866638
Car 0.0 0 -1.5452682971954346 161.06051635742188 174.80377197265625 200.1172637939453 219.9352569580078 3.734451 2.0063014 1.4990363 -20.364271 2.1045852 34.24057 -2.0818119049072266 0.45499369502067566
Car 0.0 0 1.626496434211731 524.4246215820312 180.12570190429688 550.1571044921875 203.58216857910156 3.927751 1.5698522 1.614101 -5.1850524 2.1096303 51.523655 1.5261996984481812 0.1840682029724121
Car 0.0 0 -1.638059377670288 683.2769165039062 151.54811096191406 770.8121337890625 263.33636474609375 3.2322726 1.9582808 1.4655101 2.1689947 1.5854068 14.308414 -1.487615942955017 0.16535528004169464
Car 0.0 0 1.8199509382247925 368.0887451171875 178.84510803222656 405.25762939453125 203.23617553710938 3.6019065 1.5040464 1.4830811 -14.60243 1.9118211 47.228302 1.5200861692428589 0.1580747812986374
Car 0.0 0 1.425528645515442 226.86595153808594 191.4591064453125 265.545166015625 218.32164001464844 3.9522865 1.539748 1.6587843 -23.432049 2.7892663 46.348515 0.9574413299560547 0.1205788105726242
Car 0.0 0 1.8487083911895752 91.65995788574219 163.4140167236328 175.5640869140625 208.52484130859375 3.657395 1.4496286 1.490985 -16.53803 1.1466342 25.151697 1.2670568227767944 0.11974184960126877
