Pedestrian 0.0 0 -0.24795126914978027 815.699462890625 105.95477294921875 936.7969360351562 293.9515075683594 1.0687064 1.8458866 0.48488685 2.7384322 1.1054991 7.349501 0.10871458053588867 0.5304726958274841
Pedestrian 0.0 0 -0.6835081577301025 1144.5909423828125 109.57373809814453 1238.0 292.07220458984375 1.0357697 1.8525895 0.5822364 6.433004 1.123813 7.5905666 0.01953268051147461 0.17903512716293335
Pedestrian 0.0 0 1.3997116088867188 133.57310485839844 168.45120239257812 151.7372589111328 208.0940399169922 0.50695986 1.8333458 0.63954014 -21.484697 1.2308089 33.62071 0.8310856819152832 0.1721021831035614
Car 0.0 0 -1.478013038635254 536.2759399414062 173.79795837402344 572.4155883789062 202.63565063476562 3.4932306 1.4221354 1.5518497 -2.4003522 1.043196 37.190083 -1.542466402053833 0.8807300925254822
Car 0.0 0 -0.010408103466033936 127.97146606445312 174.2302703857422 310.2604675292969 240.92698669433594 4.461157 1.749339 1.7312527 -10.9004345 1.5598364 20.660757 -0.4958842694759369 0.6981222033500671
Car 0.0 0 2.105165958404541 326.9685363769531 177.34165954589844 393.63714599609375 205.9746856689453 3.8811376 1.435422 1.596353 -12.705703 1.2278352 38.073906 1.783074975013733 0.6818765997886658
Car 0.0 0 -1.371323585510254 594.4891967773438 168.81907653808594 623.4091796875 188.1204376220703 3.687681 1.4570343 1.5640053 0.6428567 0.5003358 56.19025 -1.359883427619934 0.38203561305999756
Car 0.0 0 -0.015845537185668945 0.0 183.05162048339844 88.02302551269531 217.40650939941406 3.76971 1.502015 1.6214451 -26.246214 1.5789483 33.383877 -0.6821115016937256 0.23661939799785614
Car 0.0 0 -0.20419347286224365 0.0 165.13674926757812 119.04519653320312 205.46630859375 4.2999415 1.6673106 1.6635147 -24.170698 0.99180424 31.861588 -0.853185772895813 0.20668278634548187
Car 0.0 0 1.5517077445983887 427.12347412109375 180.39405822753906 458.9197692871094 212.5830535888672 3.4462938 1.4652733 1.4191343 -7.6601167 1.4158638 34.538338 1.3334546089172363 0.17867524921894073
Car 0.0 0 0.10127735137939453 1.5035722255706787 177.9138946533203 117.5485610961914 216.55430603027344 3.7278664 1.5257025 1.6139885 -22.526989 1.3851143 30.014105 -0.5425735712051392 0.17253723740577698
