Cyclist 0.0 0 -2.2191784381866455 1050.1920166015625 140.63796997070312 1241.673095703125 331.8629150390625 1.8262774 1.7684819 0.62488407 5.4647775 1.4709003 7.5906515 -1.5951980352401733 0.9235460162162781
Car 0.0 0 1.874987006187439 307.1676330566406 189.9565887451172 370.7794189453125 224.2991180419922 4.277808 1.4734932 1.7090342 -13.20643 2.3625824 35.310066 1.5170817375183105 0.9120896458625793
Car 0.0 0 -1.6100749969482422 572.2238159179688 175.43789672851562 615.1676635742188 214.97982788085938 4.638218 1.6553519 1.7584822 -0.85006434 1.7819742 32.88446 -1.635919213294983 0.9004601240158081
Car 0.0 0 -1.5070271492004395 660.7853393554688 176.3184051513672 686.4927368164062 197.6749725341797 4.0777545 1.4897298 1.632101 4.695325 1.7556176 53.160976 -1.4189330339431763 0.21558544039726257
Car 0.0 0 2.148232936859131 285.842041015625 177.1349334716797 349.4907531738281 205.550537109375 4.5620346 1.794727 1.7798016 -19.673092 2.0983675 48.705124 1.7643496990203857 0.15871413052082062
Car 0.0 0 1.571478009223938 959.8298950195312 182.931640625 998.29931640625 216.26634216308594 3.8777623 1.477718 1.5950588 18.025583 2.0008256 35.335587 2.0431931018829346 0.1478768289089203
Car 0.0 0 -1.4670417308807373 500.5629577636719 167.9208526611328 530.0178833007812 197.42303466796875 3.945142 1.9443423 1.6070575 -6.492375 1.619581 49.543446 -1.5973433256149292 0.12276799976825714
Car 0.0 0 -0.6150245666503906 724.6468505859375 173.35594177246094 777.7051391601562 194.79946899414062 3.6600285 1.5760641 1.6492738 10.657295 1.6154513 54.60157 -0.42226502299308777 0.12020532041788101
Car 0.0 0 1.5175858736038208 860.5391845703125 192.2685089111328 898.4090576171875 220.05438232421875 3.4660537 1.4314487 1.8655653 15.527576 2.6086202 41.80118 1.8732516765594482 0.1071765273809433
Car 0.0 0 0.9939545392990112 1047.7149658203125 182.9998016357422 1099.18603515625 204.40968322753906 3.4522717 1.5105199 1.6357431 34.776142 2.2984707 54.2767 1.563778042793274 0.1021333634853363
