Pedestrian 0.0 0 0.4523695409297943 370.917724609375 182.3590087890625 382.9582214355469 203.260498046875 0.9134485 1.859397 0.47343946 -20.935886 2.7167425 64.754326 0.1396646499633789 0.11625828593969345
Pedestrian 0.0 0 0.5505475401878357 461.4251403808594 172.12806701660156 476.58538818359375 198.655517578125 0.98574215 1.921246 0.4694496 -10.315342 1.869027 52.64665 0.35706329345703125 0.11332762986421585
Pedestrian 0.0 0 -0.507388710975647 986.0487060546875 150.3934326171875 1016.0847778320312 213.07752990722656 0.5267432 1.7350677 0.57715017 10.929349 1.1137272 20.260992 -0.012698338367044926 0.10889341682195663
Cyclist 0.0 0 -1.874807357788086 898.8523559570312 160.61170959472656 972.8576049804688 279.0238037109375 1.8791269 1.8547343 0.5997681 5.4389334 1.6633364 12.266427 -1.4574555158615112 0.8064722418785095
Car 0.0 0 -1.6519545316696167 585.4515380859375 179.8309783935547 633.421875 220.8714599609375 4.565436 1.6096663 1.7074383 -0.13837151 1.9367836 31.442411 -1.6563552618026733 0.9273201823234558
Car 0.0 0 1.8850449323654175 427.4093322753906 189.41502380371094 462.242431640625 209.6314239501953 4.011084 1.484174 1.5886881 -13.353179 2.8730938 58.426136 1.660356044769287 0.5773847699165344
Car 0.0 0 1.3420823812484741 723.1138916015625 173.3844757080078 759.8679809570312 199.7082977294922 4.230347 1.8282663 1.7008076 9.46038 1.8686991 52.351986 1.520860195159912 0.14547011256217957
Car 0.0 0 -0.9514583945274353 336.7138366699219 157.9593048095703 391.0386047363281 187.17813110351562 4.604365 2.2557025 1.8082552 -19.792707 1.1061842 58.16505 -1.2794525623321533 0.1381850242614746
Car 0.0 0 1.596152424812317 503.8220520019531 179.20236206054688 535.3936767578125 209.57058715820312 4.123204 1.6322961 1.712779 -5.225663 2.019327 41.809258 1.4718090295791626 0.13242538273334503
Car 0.0 0 1.4815263748168945 547.5892944335938 186.3974151611328 570.5798950195312 204.64317321777344 4.1631036 1.499682 1.6880072 -4.6197076 2.7564373 64.74332 1.4102928638458252 0.11223379522562027
Car 0.0 0 1.4194505214691162 545.5856323242188 188.86106872558594 575.783447265625 212.90911865234375 3.7985625 1.6001211 1.6424073 -3.6679554 2.815809 52.746746 1.3500232696533203 0.10960189253091812
Car 0.0 0 1.795962929725647 675.3621826171875 182.8312530517578 704.5342407226562 201.37686157226562 4.060561 1.4754182 1.6246957 6.874204 2.3624465 61.93519 1.9065008163452148 0.10767515003681183
