Pedestrian 0.0 0 0.8646513819694519 880.551513671875 174.0345916748047 933.8414916992188 267.7887878417969 0.8159868 1.766042 0.56611085 5.737081 1.7902167 14.077013 1.251649022102356 0.6305491924285889
Pedestrian 0.0 0 1.0070099830627441 673.5840454101562 175.57066345214844 684.6888427734375 198.2718048095703 0.96809256 1.8486123 0.46422568 5.6676207 2.0747194 59.41907 1.1021060943603516 0.4440232515335083
Pedestrian 0.0 0 -2.0264604091644287 828.7399291992188 170.33949279785156 851.1495971679688 216.41070556640625 0.73976386 1.6802797 0.516777 8.466563 1.5889305 26.716812 -1.719571828842163 0.38674795627593994
Pedestrian 0.0 0 -1.818250298500061 679.5741577148438 174.1975860595703 694.4105834960938 202.68734741210938 1.0653409 1.7298063 0.66664934 4.704163 1.8139822 44.43534 -1.712777853012085 0.24754157662391663
Pedestrian 0.0 0 0.855765700340271 998.2814331054688 162.82032775878906 1047.0869140625 244.10888671875 0.68387216 1.6951648 0.606119 8.772132 1.4862838 15.43891 1.3724620342254639 0.24686427414417267
Pedestrian 0.0 0 -1.8604990243911743 743.681396484375 162.68661499023438 759.5023803710938 192.77865600585938 0.9919456 1.7986823 0.68322074 8.528445 1.191308 43.652172 -1.667556643486023 0.14138229191303253
Cyclist 0.0 0 -2.2836387157440186 824.5203857421875 170.32345581054688 855.8549194335938 216.75865173339844 1.1237003 1.6804963 0.48829225 8.473315 1.5892739 26.722408 -1.9765808582305908 0.28331053256988525
Cyclist 0.0 0 -0.31819289922714233 977.57080078125 161.42247009277344 1060.7216796875 245.9835968017578 1.4284028 1.7612998 0.61708397 8.695966 1.5235537 15.466409 0.19400548934936523 0.2483109086751938
Car 0.0 0 1.08354651927948 1156.3060302734375 188.97457885742188 1223.2578125 214.82501220703125 3.890854 1.5301403 1.8102487 37.94756 2.6356344 47.38151 1.7588322162628174 0.2683022618293762
Car 0.0 0 -1.6094541549682617 761.094970703125 169.16885375976562 794.9583129882812 199.43360900878906 3.9324913 1.5619619 1.6363388 9.072529 1.3721298 39.32032 -1.3826888799667358 0.19354699552059174
Car 0.0 0 1.7403820753097534 496.4054260253906 181.75831604003906 528.1571655273438 206.19598388671875 4.3860836 1.7683114 1.7299517 -7.569278 2.4878185 56.049427 1.6061476469039917 0.18612705171108246
Car 0.0 0 -1.055314064025879 207.96363830566406 181.730712890625 256.1771545410156 205.33763122558594 3.3046815 1.4708021 1.3867265 -25.059391 2.080908 47.88572 -1.5374404191970825 0.18127655982971191
Car 0.0 0 -0.5563485622406006 1113.9188232421875 193.5382537841797 1232.244140625 228.1470947265625 4.2050543 1.5392851 1.6560522 26.704918 2.5550606 34.376446 0.10410857200622559 0.15364675223827362
