Pedestrian 0.0 0 1.9691264629364014 953.71875 130.9709014892578 1005.6565551757812 219.8486785888672 1.0168562 1.7970715 0.62747186 7.718414 0.9505706 15.154201 2.440206289291382 0.22222250699996948
Pedestrian 0.0 0 -0.10681340843439102 613.0244140625 173.74566650390625 620.7173461914062 195.5734100341797 0.5339407 1.7075641 0.69881696 0.5145109 1.7786372 56.84681 -0.0977628231048584 0.1939956247806549
Pedestrian 0.0 0 -1.5606410503387451 1218.955078125 116.2824935913086 1242.0 194.54693603515625 0.4187386 1.9553922 0.6191666 15.882072 0.5423438 18.386244 -0.8481886386871338 0.19322164356708527
Pedestrian 0.0 0 -2.023064136505127 838.02685546875 121.6939468383789 899.9225463867188 234.0157012939453 0.7195368 1.809833 0.72763085 4.2497215 0.98585236 12.02167 -1.6832702159881592 0.1774131804704666
Pedestrian 0.0 0 -3.5986404418945312 986.7887573242188 147.35232543945312 1104.7301025390625 303.4364013671875 1.0867223 1.823565 0.56488216 5.206154 1.525981 8.7518835 -3.0620081424713135 0.17709335684776306
Pedestrian 0.0 0 2.292520523071289 398.0747985839844 133.33221435546875 444.91046142578125 192.68499755859375 1.5314127 1.7885846 0.5408219 -5.918918 0.5979616 22.546314 2.0357909202575684 0.10795418918132782
Cyclist 0.0 0 2.283961534500122 399.0826110839844 133.9673309326172 444.472412109375 192.85421752929688 1.4774699 1.7766596 0.53903687 -5.911731 0.6037792 22.548439 2.0275533199310303 0.28893470764160156
Cyclist 0.0 0 2.3966779708862305 346.0888977050781 118.76190948486328 405.0005187988281 189.93011474609375 1.4750437 1.7879667 0.56845325 -6.1721687 0.42936304 18.90691 2.081134796142578 0.17938132584095
Car 0.0 0 1.6503571271896362 618.2464599609375 175.99778747558594 650.943115234375 203.3837890625 3.9777164 1.5990176 1.7141596 1.5329438 1.8030751 44.675823 1.6846562623977661 0.6675223112106323
Car 0.0 0 -2.1760995388031006 0.0 144.39810180664062 214.08407592773438 344.709228515625 3.9556813 1.7949032 1.7111624 -6.641223 1.5402799 7.7980003 -2.8815548419952393 0.2479117512702942
Car 0.0 0 -0.5502816438674927 0.0 0.0 1242.0 375.0 3.651938 1.4782248 1.5398369 -2.3152168 1.6654631 0.86129826 -1.7649257183074951 0.19685782492160797
