Pedestrian 0.0 0 0.783096432685852 449.8788757324219 172.13070678710938 466.032470703125 200.8719482421875 0.9801222 1.7983326 0.43188167 -9.297213 1.2760148 44.683506 0.5779552459716797 0.5801453590393066
Pedestrian 0.0 0 2.8570969104766846 570.5416259765625 170.14173889160156 586.8364868164062 199.51589965820312 0.9638756 1.9008064 0.4888904 -1.7183201 1.2318547 46.13253 2.81986665725708 0.5402812957763672
Pedestrian 0.0 0 -2.148689031600952 1001.3095703125 131.44679260253906 1047.166259765625 202.5680389404297 1.0390075 1.8148385 0.5567436 10.960255 0.56471324 18.568584 -1.6154636144638062 0.37087690830230713
Pedestrian 0.0 0 -3.530454158782959 1100.240478515625 146.93858337402344 1145.1192626953125 228.08560180664062 0.6495736 1.7059973 0.46060604 11.053675 1.0020391 15.160897 -2.9004695415496826 0.3443642854690552
Pedestrian 0.0 0 0.7096677422523499 453.38836669921875 170.89915466308594 469.669921875 199.5188751220703 0.9398498 1.8272452 0.4844834 -9.250848 1.2156115 45.577682 0.5094192028045654 0.32956475019454956
Pedestrian 0.0 0 -2.6919338703155518 403.9367980957031 179.6803741455078 415.5396423339844 200.961669921875 0.80433387 1.8621824 0.5995053 -17.165192 1.7916455 62.231205 -2.961071014404297 0.256168931722641
Pedestrian 0.0 0 -1.8301023244857788 908.2916870117188 137.7935791015625 940.0841674804688 194.81333923339844 1.842114 1.832936 0.51005477 10.638411 0.46165854 23.673813 -1.4077686071395874 0.16047190129756927
Cyclist 0.0 0 0.02379816770553589 636.8815307617188 167.55308532714844 664.809326171875 195.24598693847656 1.770303 1.7573359 0.5502117 2.9342558 0.93709195 45.21527 0.08860254287719727 0.8622692823410034
Cyclist 0.0 0 -1.23865807056427 389.949951171875 179.4974822998047 409.952392578125 213.06289672851562 1.7096628 1.6777959 0.45330313 -10.501915 1.6291138 36.20253 -1.5209965705871582 0.8593782782554626
Cyclist 0.0 0 -0.10665153712034225 582.0020751953125 169.96363830566406 609.1495361328125 196.81756591796875 1.7901757 1.8042966 0.54391533 -0.6396095 1.0976821 47.878338 -0.12000980228185654 0.6094323396682739
Cyclist 0.0 0 1.6986935138702393 0.0 183.7712860107422 23.92963218688965 238.201416015625 1.9174868 1.7947146 0.5574152 -20.568424 1.913485 24.379934 0.9978904724121094 0.38882628083229065
Cyclist 0.0 0 -1.839205265045166 906.9893188476562 136.13710021972656 938.2762451171875 192.0986328125 1.8487011 1.808358 0.48254237 10.640396 0.3763481 23.793062 -1.4186773300170898 0.32568246126174927
Cyclist 0.0 0 -2.1551547050476074 999.2111206054688 131.4758758544922 1045.442138671875 201.41810607910156 1.0554379 1.789366 0.5569476 10.943437 0.536749 18.62557 -1.6239405870437622 0.12858732044696808
Car 0.0 0 -1.4775086641311646 520.3117065429688 175.7584686279297 554.573486328125 203.97438049316406 3.5533955 1.5310956 1.6142277 -3.800988 1.2752045 40.139614 -1.5719213485717773 0.9267650246620178
Car 0.0 0 2.6280696392059326 914.9571533203125 145.81678771972656 1041.966064453125 186.37344360351562 3.8763127 1.4476222 1.5572755 13.681082 0.21116924 26.069191 3.111358880996704 0.8253403902053833
Car 0.0 0 -1.5929348468780518 581.8526000976562 174.91864013671875 605.6495971679688 197.2375030517578 3.5231016 1.5105836 1.5868269 -0.8149079 1.1341399 49.640285 -1.6093496084213257 0.3995237350463867
Car 0.0 0 1.5651458501815796 1039.234130859375 147.88243103027344 1079.212158203125 178.85540771484375 4.238692 1.5134265 1.6752476 23.742558 -0.08993545 37.020737 2.1354029178619385 0.31662771105766296
