Pedestrian 0.0 0 1.5545462369918823 480.6313171386719 172.91476440429688 515.8665161132812 258.34722900390625 0.84661883 1.7290044 0.70789826 -2.3937807 1.7306726 15.078709 1.397107720375061 0.45078685879707336
Pedestrian 0.0 0 -1.4206535816192627 397.9932861328125 132.56495666503906 464.35906982421875 286.5118103027344 0.7949612 1.7372483 0.65676314 -2.15885 1.2829553 8.566943 -1.6675115823745728 0.3640810549259186
Pedestrian 0.0 0 -0.19515979290008545 1044.0362548828125 157.96005249023438 1080.7568359375 192.64378356933594 1.6440743 1.8885275 0.53528666 24.923952 1.0779108 39.82772 0.3640103340148926 0.14761370420455933
Pedestrian 0.0 0 -0.30460458993911743 326.4455871582031 177.8716278076172 351.75537109375 211.33993530273438 1.1558868 1.8095632 0.6835892 -14.986238 2.0912178 39.82238 -0.6645381450653076 0.10713991522789001
Cyclist 0.0 0 -0.18304800987243652 1044.9986572265625 158.85125732421875 1081.225341796875 193.45042419433594 1.6199945 1.8843373 0.5533879 24.976648 1.1220788 39.84893 0.3768327236175537 0.2432456612586975
Cyclist 0.0 0 1.2035386562347412 869.54736328125 131.29412841796875 901.4102172851562 182.6455841064453 1.4934602 1.7719507 0.55554897 9.730699 0.3382302 25.642872 1.5662224292755127 0.1439044177532196
Cyclist 0.0 0 1.0432004928588867 916.7401123046875 155.5902557373047 959.2293090820312 210.75033569335938 1.4424285 1.7181077 0.5969424 10.490156 1.1807405 23.219614 1.4675337076187134 0.13249866664409637
Cyclist 0.0 0 -0.30460458993911743 326.4455871582031 177.8716278076172 351.75537109375 211.33993530273438 1.1558868 1.8095632 0.6835892 -14.986238 2.0912178 39.82238 -0.6645381450653076 0.10278010368347168
Car 0.0 0 2.1626205444335938 297.7644958496094 180.55078125 443.6166687011719 244.67440795898438 4.2640514 1.503188 1.6810824 -6.411814 1.7384741 19.739876 1.848555564880371 0.9201013445854187
Car 0.0 0 2.4757654666900635 548.5115966796875 175.22933959960938 679.8378295898438 219.7559051513672 4.7073755 1.4712868 1.7230829 0.17686968 1.564853 26.187866 2.4825191497802734 0.8940104246139526
Car 0.0 0 -0.40142184495925903 801.2056884765625 162.63938903808594 984.2356567382812 233.07916259765625 3.921198 1.6756426 1.6856251 6.935421 1.4330126 18.072306 -0.03499370813369751 0.8828263282775879
Car 0.0 0 1.6107940673828125 444.8223876953125 169.71566772460938 470.826416015625 194.6454315185547 3.5186772 1.5813347 1.5422863 -10.042924 1.3826232 47.62896 1.4029806852340698 0.11270158737897873
