Pedestrian 0.0 0 0.5256057977676392 669.1489868164062 166.86119079589844 686.7538452148438 197.26991271972656 0.96776533 1.839118 0.46673563 4.1200175 1.4770305 44.106586 0.6187460422515869 0.3280946910381317
Pedestrian 0.0 0 1.0272924900054932 882.8602905273438 152.06968688964844 906.7808227539062 194.90005493164062 0.7243525 1.9480861 0.75919443 13.076391 1.003095 33.236263 1.4021286964416504 0.3206411600112915
Cyclist 0.0 0 0.9142136573791504 669.1652221679688 166.15606689453125 686.173095703125 196.60923767089844 1.0194145 1.8385433 0.521015 4.102505 1.4345284 44.128548 1.0069143772125244 0.11368393152952194
Car 0.0 0 -1.9085557460784912 752.9238891601562 177.84423828125 957.4114379882812 297.0455627441406 4.087201 1.4604464 1.6194404 3.4288874 1.5518144 11.08372 -1.6085318326950073 0.9824628829956055
Car 0.0 0 1.9133455753326416 306.06982421875 180.88003540039062 431.147705078125 258.4849548339844 3.157781 1.4737209 1.591377 -5.144387 1.6657199 15.627751 1.5953351259231567 0.9776543974876404
Car 0.0 0 -2.1468305587768555 871.8176879882812 177.58306884765625 1242.0 375.0 3.711723 1.4301548 1.6091566 3.4512982 1.4789323 5.515672 -1.5877094268798828 0.9645222425460815
Car 0.0 0 -1.784618854522705 721.3173217773438 180.13638305664062 830.120361328125 252.73284912109375 3.9168918 1.4408814 1.6146439 3.6319919 1.6292896 16.670242 -1.5700985193252563 0.9381738305091858
Car 0.0 0 1.834158182144165 380.64501953125 177.49755859375 475.87396240234375 235.48728942871094 3.943275 1.4452462 1.6153662 -5.0287147 1.5889658 20.285746 1.5911625623703003 0.934982180595398
Car 0.0 0 -2.33805513381958 474.9411315917969 174.5717315673828 527.4395141601562 196.1558380126953 3.790386 1.507656 1.5856209 -7.9585233 1.6371523 52.46149 -2.4886093139648438 0.5996770858764648
Car 0.0 0 -0.40143004059791565 609.0468139648438 170.982666015625 663.1632690429688 190.06600952148438 4.4570565 1.6456462 1.7447437 2.2879276 1.4846301 63.83027 -0.36560145020484924 0.28259262442588806
