Pedestrian 0.0 0 -1.9569709300994873 886.2224731445312 159.3328857421875 915.6803588867188 209.73362731933594 0.89743054 1.7990067 0.7046345 10.513851 1.3167411 26.202179 -1.5753799676895142 0.643680214881897
Pedestrian 0.0 0 1.5062767267227173 323.4979553222656 160.19439697265625 339.8570251464844 211.1397705078125 0.31457984 1.9423287 0.5679417 -10.755508 1.4600308 27.768524 1.1367425918579102 0.17705979943275452
Pedestrian 0.0 0 1.8151302337646484 253.4726104736328 157.37118530273438 285.47808837890625 217.88087463378906 0.77545816 1.8557135 0.7415403 -10.693057 1.381244 22.578474 1.372828722000122 0.1255168467760086
Pedestrian 0.0 0 -1.6348037719726562 664.9717407226562 170.37437438964844 676.8526611328125 204.13412475585938 0.71992534 1.6612788 0.5424148 2.987294 1.5396178 35.86839 -1.5517107248306274 0.12527936697006226
Car 0.0 0 1.7692761421203613 527.5275268554688 178.97201538085938 602.5311889648438 232.30526733398438 3.6383653 1.4210763 1.5468429 -1.3030391 1.6205254 21.568966 1.7089368104934692 0.9749948382377625
Car 0.0 0 2.0731143951416016 0.0 210.7463836669922 427.002197265625 375.0 3.9408433 1.4838217 1.6158227 -2.480677 1.8216256 4.44719 1.5642966032028198 0.8806512355804443
Car 0.0 0 1.437315821647644 722.9349365234375 173.0416259765625 760.0697631835938 201.48867797851562 3.7827194 1.5794327 1.6291707 7.573149 1.5912167 42.009754 1.6156713962554932 0.22053222358226776
Car 0.0 0 1.6562319993972778 683.0624389648438 175.20455932617188 707.93359375 195.54933166503906 4.1636367 1.4803442 1.5417451 6.5475464 1.6676853 55.20017 1.7742949724197388 0.17491751909255981
Car 0.0 0 -1.2039785385131836 523.4771728515625 174.6390380859375 556.16357421875 191.33395385742188 4.005527 1.4089377 1.5287068 -6.156622 1.5716275 63.48063 -1.3006603717803955 0.15379151701927185
Car 0.0 0 -1.712828516960144 540.87744140625 177.87025451660156 582.1923217773438 209.17254638671875 3.7100854 1.5265949 1.6419512 -2.6235204 1.8036312 37.808716 -1.7821067571640015 0.14861908555030823
