Pedestrian 0.0 0 -0.6785620450973511 1179.5472412109375 102.20976257324219 1242.0 239.25730895996094 0.62043226 1.739028 0.5864827 7.950287 0.8429648 9.452619 0.02072310447692871 0.40996265411376953
Pedestrian 0.0 0 0.09615403413772583 1190.150390625 155.2046356201172 1242.0 273.4884338378906 0.67451155 1.7069395 0.6074454 9.159622 1.4526013 10.863159 0.7966766357421875 0.2486351579427719
Pedestrian 0.0 0 -3.1370882987976074 667.2138061523438 179.13180541992188 686.910400390625 225.71153259277344 0.7441549 1.758299 0.72680944 2.5358295 2.003477 27.738344 -3.045922040939331 0.20525139570236206
Pedestrian 0.0 0 -0.5108742713928223 1090.115234375 154.1605682373047 1140.173583984375 236.7000732421875 0.6761437 1.5767822 0.42349565 9.760729 1.2200327 14.024593 0.09714341163635254 0.16835102438926697
Pedestrian 0.0 0 2.03926157951355 1192.0167236328125 173.4322509765625 1242.0 275.864501953125 0.74718255 1.7498063 0.6072292 10.807753 1.7607273 12.752744 2.742293357849121 0.15670877695083618
Pedestrian 0.0 0 -3.2104110717773438 1035.120361328125 193.42529296875 1132.1680908203125 276.8109130859375 1.7114773 1.6829581 0.46076992 10.072954 2.142403 15.48217 -2.6336026191711426 0.14822004735469818
Pedestrian 0.0 0 2.591707229614258 952.6747436523438 184.58831787109375 992.9385986328125 240.5391082763672 0.87035704 1.5879476 0.5769818 10.474658 1.9341195 20.936369 3.0556020736694336 0.1094842404127121
Cyclist 0.0 0 -3.2104110717773438 1035.120361328125 193.42529296875 1132.1680908203125 276.8109130859375 1.7114773 1.6829581 0.46076992 10.072954 2.142403 15.48217 -2.6336026191711426 0.3170774281024933
Cyclist 0.0 0 2.0330588817596436 134.3161163330078 183.4389190673828 159.9837188720703 214.7335205078125 1.530084 1.6385006 0.54716927 -25.105276 2.2240822 39.099747 1.4622694253921509 0.14545324444770813
Cyclist 0.0 0 -3.646862506866455 1176.38330078125 154.7195587158203 1242.0 275.8277893066406 0.9042972 1.7591095 0.5923126 9.15372 1.4960626 10.85592 -2.94632887840271 0.12010648846626282
Car 0.0 0 1.9059584140777588 279.28961181640625 182.88807678222656 352.6020202636719 222.84542846679688 4.5121245 1.6569369 1.748475 -13.522681 2.1533082 33.36811 1.520927906036377 0.8574571013450623
Car 0.0 0 -0.9074876308441162 159.3756103515625 181.5546417236328 223.87783813476562 209.57669067382812 3.5371604 1.5669242 1.4915544 -25.097263 2.1124158 43.3502 -1.4322795867919922 0.19574737548828125
Car 0.0 0 2.2816808223724365 95.25320434570312 197.68853759765625 193.93544006347656 236.41383361816406 3.5638523 1.4610888 1.7112519 -20.260962 2.6112645 31.52018 1.710388422012329 0.15268169343471527
Car 0.0 0 1.9931198358535767 230.0211181640625 189.29371643066406 291.0023193359375 219.9369354248047 4.168657 1.6017029 1.63482 -20.327454 2.6088195 42.077644 1.5430883169174194 0.12872381508350372
Car 0.0 0 2.222771406173706 804.7872924804688 157.8658447265625 922.3953857421875 208.0231475830078 3.845466 1.4979905 1.5661511 8.161871 1.0507146 23.256842 2.5602877140045166 0.11373788863420486
