Cyclist 0.0 0 -1.9130351543426514 817.1215209960938 159.1639862060547 884.447509765625 262.04412841796875 1.7298641 1.7621906 0.6165906 4.323814 1.5280577 13.22892 -1.5971349477767944 0.9553405046463013
Car 0.0 0 1.9675469398498535 274.1871032714844 189.33421325683594 334.9256286621094 222.38690185546875 4.0325117 1.6459504 1.6683098 -16.867458 2.6051664 39.959568 1.5681240558624268 0.9036349058151245
Car 0.0 0 1.535658597946167 645.0538940429688 183.26559448242188 676.329345703125 213.22940063476562 4.072157 1.5246321 1.5860043 2.744788 2.1349099 40.20439 1.6038236618041992 0.2968917489051819
Car 0.0 0 2.0669775009155273 210.90609741210938 189.15054321289062 280.50848388671875 219.92758178710938 4.2419643 1.5447938 1.6807407 -20.448988 2.5113356 40.63036 1.6006988286972046 0.163506880402565
Car 0.0 0 2.3705999851226807 0.0 202.11643981933594 70.91010284423828 253.1316680908203 3.5326164 1.4366707 1.6195526 -20.410463 2.495782 24.264805 1.671263337135315 0.15590901672840118
Car 0.0 0 2.032431125640869 230.55874633789062 186.83612060546875 281.6026916503906 210.60960388183594 3.7566197 1.487798 1.6257967 -24.122969 2.4791071 49.251316 1.576982021331787 0.14664030075073242
Car 0.0 0 -2.520099639892578 1027.6002197265625 234.48434448242188 1242.0 375.0 3.7057161 1.4548824 1.5471984 3.0386996 1.7987381 2.163815 -1.5680947303771973 0.14239847660064697
Car 0.0 0 2.026900053024292 150.68020629882812 198.75747680664062 225.4041748046875 233.63059997558594 3.6838326 1.4559475 1.6604683 -20.314096 2.775118 34.83586 1.498971700668335 0.12660035490989685
Car 0.0 0 1.884608507156372 421.29949951171875 185.23036193847656 455.1789245605469 203.8500213623047 4.2215943 1.4789927 1.6260976 -14.820076 2.5863123 62.3635 1.6512959003448486 0.12233193218708038
Car 0.0 0 1.5674933195114136 657.4016723632812 181.67784118652344 691.6658325195312 214.5982666015625 4.054305 1.4749646 1.5850768 3.1275127 1.935386 35.53046 1.6552904844284058 0.11594502627849579
