Pedestrian 0.0 0 2.8150522708892822 534.4572143554688 175.2833251953125 548.8008422851562 198.95452880859375 1.0349379 1.8378992 0.43080956 -5.380323 2.0299075 56.511536 2.7201309204101562 0.41137591004371643
Pedestrian 0.0 0 0.6167171001434326 600.3124389648438 180.60801696777344 615.7317504882812 210.49154663085938 0.7440714 1.6674407 0.4605236 -0.14720163 2.1113503 40.868847 0.6131153106689453 0.3962506055831909
Pedestrian 0.0 0 0.0393470898270607 622.1567993164062 181.54640197753906 640.69580078125 223.13137817382812 0.79402393 1.807197 0.6599741 0.90963423 2.1956837 31.858833 0.06789135932922363 0.23206080496311188
Pedestrian 0.0 0 -2.227961778640747 698.8357543945312 151.59352111816406 719.7119750976562 192.34915161132812 0.69005024 1.9011413 0.70289886 4.6553173 0.90975475 34.12933 -2.0923962593078613 0.15084631741046906
Pedestrian 0.0 0 3.281425952911377 345.8471374511719 192.09921264648438 370.11395263671875 247.5362548828125 0.5796413 1.5057505 0.46374658 -7.056317 2.0492742 20.077112 2.943450450897217 0.1470029354095459
Pedestrian 0.0 0 2.0673656463623047 1025.39990234375 169.5938720703125 1067.87744140625 252.3885498046875 0.506138 1.6915114 0.59250325 9.098479 1.6252642 15.122129 2.6090097427368164 0.14605149626731873
Car 0.0 0 1.6782591342926025 427.21099853515625 184.21115112304688 485.59356689453125 229.3528594970703 4.1296606 1.4358315 1.6334639 -5.5266066 1.8816078 26.158894 1.4700502157211304 0.963285505771637
Car 0.0 0 1.2881876230239868 637.0973510742188 166.10360717773438 715.2261352539062 221.19602966308594 4.108861 1.7902311 1.6613925 2.205077 1.5712346 25.620838 1.3740417957305908 0.8278824090957642
Car 0.0 0 3.876577138900757 0.0 192.41748046875 95.48995971679688 305.9105529785156 3.6405177 1.5446978 1.6273583 -10.27656 1.8651731 10.956769 3.1232030391693115 0.8081480860710144
Car 0.0 0 1.3856526613235474 658.5459594726562 162.3206329345703 712.141845703125 199.0098876953125 3.9724565 1.4558403 1.546005 3.09097 1.0382317 30.672594 1.4860866069793701 0.1995215266942978
Car 0.0 0 1.7885687351226807 448.8004150390625 185.05117797851562 499.8612060546875 219.32090759277344 3.979285 1.4702533 1.5693946 -6.438256 2.086238 34.40105 1.6035561561584473 0.19813597202301025
