Pedestrian 0.0 0 -3.31278395652771 804.152587890625 149.8946075439453 852.0480346679688 219.58453369140625 1.0525252 1.6944444 0.5761138 5.3477945 1.1365668 17.889402 -3.0223031044006348 0.4357951283454895
Pedestrian 0.0 0 1.8390913009643555 706.5756225585938 158.2716064453125 732.9317016601562 223.3904571533203 0.5585794 1.822633 0.6180314 3.0849104 1.4148397 20.573153 1.9879307746887207 0.28099554777145386
Cyclist 0.0 0 -0.183310404419899 734.3883056640625 175.65501403808594 766.9163818359375 207.2444610595703 1.7438164 1.8002958 0.6693534 8.052099 1.9631741 41.52048 0.008242607116699219 0.36254042387008667
Cyclist 0.0 0 -3.311563730239868 800.9888305664062 150.73670959472656 855.2714233398438 219.82687377929688 1.1906441 1.6745335 0.6676507 5.3445272 1.1388365 17.888006 -3.0212292671203613 0.3482799530029297
Car 0.0 0 2.1027116775512695 0.0 196.68775939941406 269.9700012207031 368.3450012207031 3.7200112 1.5789691 1.5455154 -5.9002047 1.9410071 9.053339 1.5251312255859375 0.9767553210258484
Car 0.0 0 -2.058335304260254 762.0422973632812 182.64283752441406 1044.712158203125 346.3465270996094 3.35429 1.4312091 1.529852 3.0098944 1.5679578 8.283704 -1.7098159790039062 0.9746778607368469
Car 0.0 0 1.883324146270752 235.1562957763672 195.0222930908203 375.3955078125 286.1644592285156 3.5657005 1.4528846 1.5049047 -5.883406 1.9469576 14.229791 1.4912710189819336 0.9543377757072449
Car 0.0 0 -1.8350269794464111 718.9373168945312 182.62100219726562 852.873046875 269.93328857421875 3.7227228 1.4127418 1.5550336 3.189312 1.6280538 13.986018 -1.6108249425888062 0.9312735795974731
Car 0.0 0 -2.343266487121582 926.4030151367188 184.95957946777344 1242.0 375.0 3.740392 1.4790807 1.5631235 2.9557002 1.563946 3.1496315 -1.5896217823028564 0.8622331619262695
Car 0.0 0 0.6021844744682312 197.6366729736328 191.0751190185547 285.6059875488281 219.59759521484375 4.049879 1.4438441 1.5636076 -19.859377 2.4524724 38.886024 0.13000774383544922 0.4758048951625824
Car 0.0 0 1.111152172088623 295.7662658691406 187.89146423339844 346.7988586425781 211.90008544921875 3.8015919 1.4511958 1.6186136 -19.191391 2.4872704 47.823505 0.7295289039611816 0.2767781615257263
