Pedestrian 0.0 0 -1.825120449066162 677.2410278320312 173.00425720214844 702.105224609375 215.9475860595703 1.0997248 1.6939644 0.7405462 3.1587663 1.7004995 29.061483 -1.7168529033660889 0.6630207896232605
Car 0.0 0 1.3743939399719238 456.8450622558594 180.86978149414062 508.14141845703125 217.91578674316406 3.4766164 1.420361 1.4650325 -5.455428 1.7790134 30.363195 1.1966183185577393 0.9425802826881409
Car 0.0 0 1.8725672960281372 87.1826171875 183.0708465576172 190.6716766357422 236.59103393554688 3.9886596 1.5229789 1.7060593 -15.236311 1.8865993 23.50111 1.2973718643188477 0.9107390642166138
Car 0.0 0 0.7963529825210571 336.5733642578125 183.7392120361328 419.96295166015625 214.79815673828125 4.28552 1.5098175 1.6560494 -12.26208 2.1098332 38.01567 0.48433566093444824 0.8792494535446167
Car 0.0 0 2.3106987476348877 0.0 196.77621459960938 158.06069946289062 375.0 4.0869136 1.5021982 1.653711 -5.9620004 1.7748098 6.1410537 1.5400935411453247 0.804810106754303
Car 0.0 0 -2.431253433227539 926.27734375 201.14962768554688 1242.0 375.0 3.833791 1.490137 1.6074457 2.923817 1.6788608 2.8387337 -1.6310914754867554 0.7977771759033203
Car 0.0 0 -1.1108644008636475 22.68211555480957 182.54931640625 130.41082763671875 228.55287170410156 3.5273802 1.3752513 1.4932098 -17.814547 1.7261741 24.220343 -1.7450337409973145 0.7624853253364563
Car 0.0 0 2.61335825920105 529.2086181640625 176.9424285888672 596.267578125 201.41250610351562 4.2513986 1.5677469 1.6854824 -3.2002172 1.8550097 48.743347 2.547797918319702 0.6848964095115662
Car 0.0 0 2.68395733833313 640.4345703125 175.04296875 706.0291748046875 197.09671020507812 4.4325542 1.5365845 1.6965843 4.5456147 1.7000856 52.180042 2.7708520889282227 0.6498809456825256
Car 0.0 0 -1.029350996017456 0.0 183.20591735839844 26.72779655456543 236.52828979492188 4.033333 1.4387563 1.570052 -20.27727 1.7914184 22.423082 -1.7645385265350342 0.423981249332428
