Pedestrian 0.0 0 1.2715954780578613 613.9891967773438 138.7583770751953 670.7479248046875 260.25677490234375 0.61095804 1.7604868 0.7005516 0.5066771 1.1573238 10.623067 1.3192552328109741 0.8844321370124817
Pedestrian 0.0 0 1.0887231826782227 667.180419921875 130.96414184570312 729.9745483398438 257.7036437988281 0.8416467 1.8469526 0.6300371 1.3713548 1.1267391 10.802924 1.2149907350540161 0.7637110948562622
Pedestrian 0.0 0 1.3039060831069946 525.218017578125 139.34674072265625 559.8959350585938 205.13929748535156 0.99945784 1.7951312 0.73138237 -1.7993509 0.67385596 19.882698 1.213653564453125 0.738231897354126
Pedestrian 0.0 0 -2.6042685508728027 402.8692626953125 146.60598754882812 440.7200012207031 205.5994110107422 0.91181487 1.7969419 0.698262 -5.7265725 0.7660874 21.994188 -2.858980894088745 0.7047746181488037
Pedestrian 0.0 0 0.042143821716308594 1106.6768798828125 119.66331481933594 1224.0 370.0 0.7040953 1.6424075 0.5270142 3.0715466 1.3584005 3.7468963 0.7288165092468262 0.6254560947418213
Pedestrian 0.0 0 0.9251695275306702 482.61517333984375 138.9949188232422 540.4133911132812 227.17279052734375 0.996671 1.8292942 0.80060625 -2.067028 0.96987367 15.298915 0.7908732891082764 0.6170781850814819
Pedestrian 0.0 0 1.015205979347229 467.659423828125 139.7978973388672 525.9151611328125 233.44627380371094 0.9711372 1.7748159 0.73790467 -2.191503 1.0050683 14.003659 0.8599700927734375 0.5181654691696167
Pedestrian 0.0 0 1.2133703231811523 444.9226989746094 134.76828002929688 493.2579345703125 239.43304443359375 0.8255907 1.8402658 0.61653894 -2.5384047 1.0378329 12.939797 1.0196597576141357 0.4815448820590973
Pedestrian 0.0 0 1.2074626684188843 558.6627807617188 132.26483154296875 606.4871215820312 236.06884765625 0.8037347 1.8888699 0.6581876 -0.47515753 1.0127987 13.358978 1.171909213066101 0.46752774715423584
Pedestrian 0.0 0 1.2418137788772583 639.9773559570312 133.30459594726562 676.701416015625 221.08677673339844 0.6963116 1.7854482 0.569385 1.0676441 0.8271417 14.785134 1.313899278640747 0.4583369791507721
Pedestrian 0.0 0 1.5269012451171875 600.2379150390625 137.29351806640625 622.00048828125 199.04342651367188 0.5874274 1.728292 0.59143436 0.13519767 0.5205792 20.088821 1.5336310863494873 0.4283524751663208
Pedestrian 0.0 0 1.7164247035980225 82.38456726074219 150.93612670898438 119.99037170410156 223.5707244873047 0.87047195 1.9379816 0.7242186 -13.856627 1.1507642 19.412552 1.096498727798462 0.40018802881240845
Pedestrian 0.0 0 1.4736008644104004 536.1028442382812 145.5878143310547 574.5294189453125 233.33203125 0.8690879 1.737982 0.7008768 -1.0700349 1.0480928 14.487622 1.3998761177062988 0.3726642429828644
Pedestrian 0.0 0 0.7824529409408569 253.09759521484375 136.7525634765625 332.2733459472656 251.5041046142578 1.1062652 1.8180252 0.5814108 -5.196011 1.1265837 11.665241 0.36340856552124023 0.32855769991874695
Pedestrian 0.0 0 -1.2593355178833008 339.475341796875 150.8588409423828 362.9178771972656 193.8055877685547 0.89464116 1.8376368 0.7203081 -11.0377 0.5708059 30.707935 -1.6043963432312012 0.29551762342453003
Pedestrian 0.0 0 1.7006407976150513 321.84368896484375 147.27232360839844 352.2171936035156 212.3018341064453 1.1876336 1.9829869 0.74771327 -8.440397 0.9713123 22.219666 1.3376147747039795 0.2914217412471771
Pedestrian 0.0 0 -1.398468017578125 355.5573425292969 147.9067840576172 375.0155334472656 186.90684509277344 0.8924518 1.8899633 0.7657874 -11.794555 0.31191906 34.758923 -1.7256009578704834 0.27439793944358826
Pedestrian 0.0 0 1.863861322402954 396.25665283203125 141.3310089111328 424.2646179199219 194.69602966308594 1.0825708 1.8561518 0.67827046 -6.9419503 0.49529874 25.136889 1.5944116115570068 0.2420085221529007
Cyclist 0.0 0 0.8761215209960938 245.60260009765625 136.8798828125 350.34332275390625 249.47581481933594 1.7884403 1.7519505 0.5648785 -5.1163044 1.0748953 11.648027 0.462249755859375 0.3702641427516937
Car 0.0 0 1.901426076889038 0.0 87.93251037597656 284.4781188964844 370.0 4.0164948 1.6203122 1.5974177 -3.115632 1.3485858 4.2389345 1.267591953277588 0.31751808524131775
