Pedestrian 0.0 0 2.395691394805908 593.864013671875 169.8044891357422 631.2522583007812 241.9265899658203 0.5193208 1.6342185 0.71896434 0.007650933 1.5654775 16.786882 2.3961472511291504 0.798539936542511
Pedestrian 0.0 0 1.3812333345413208 689.8861083984375 175.698974609375 709.5791625976562 223.398193359375 0.80862665 1.623094 0.53312725 3.0622334 1.7237813 25.021221 1.5030131340026855 0.34776994585990906
Pedestrian 0.0 0 3.54018235206604 153.70045471191406 148.7216033935547 235.69461059570312 279.6769714355469 0.90450686 1.8533509 0.52592826 -6.0958867 1.5121741 10.526687 3.0152807235717773 0.14655281603336334
Pedestrian 0.0 0 -3.508410930633545 918.4293823242188 138.05177307128906 1061.963134765625 349.23046875 0.92093736 1.7221597 0.6666636 3.2070777 1.438706 6.261782 -3.0350773334503174 0.13692358136177063
Car 0.0 0 -1.5819593667984009 623.9634399414062 176.59249877929688 698.4288940429688 242.6768798828125 3.2962005 1.3602421 1.5531104 1.1081052 1.4560362 16.728273 -1.5158145427703857 0.874034583568573
Car 0.0 0 1.558929443359375 609.6171264648438 158.00250244140625 635.5880737304688 183.23902893066406 4.2597823 1.7250104 1.7752298 0.8412567 0.7102133 51.45092 1.575278639793396 0.3820665776729584
Car 0.0 0 -2.6407063007354736 135.48536682128906 167.65122985839844 425.14263916015625 273.5315246582031 3.9647183 1.5770142 1.6978029 -5.281893 1.4998802 11.745387 -3.063310146331787 0.37174224853515625
Car 0.0 0 -1.332878828048706 438.68524169921875 168.40011596679688 494.5705871582031 208.31944274902344 4.502374 1.822651 1.6594619 -6.95275 1.619652 35.22629 -1.5277479887008667 0.2599113881587982
Car 0.0 0 -1.608811616897583 677.5684204101562 167.99111938476562 714.5925903320312 201.82839965820312 3.5425167 1.4770372 1.5532416 3.8890579 1.2651244 33.31971 -1.4926179647445679 0.22167542576789856
Car 0.0 0 -1.597707986831665 615.3945922851562 174.349853515625 651.0498046875 206.7481689453125 3.7612133 1.460728 1.5962536 1.0279568 1.5366962 34.58559 -1.5679945945739746 0.16948261857032776
Car 0.0 0 3.031416893005371 642.3936157226562 163.79461669921875 701.7537231445312 188.1749267578125 3.7572432 1.5854069 1.6361269 4.0487175 0.99664974 47.7835 3.115945339202881 0.1397607922554016
