Pedestrian 0.0 0 -0.28406015038490295 818.7385864257812 110.13394927978516 933.3082885742188 297.72552490234375 0.9854652 1.8458061 0.5319273 2.743815 1.1449698 7.366392 0.07249712944030762 0.40922385454177856
Pedestrian 0.0 0 -1.33029043674469 765.648681640625 163.88426208496094 777.9945678710938 188.42913818359375 1.0983593 1.7783206 0.6383238 12.515163 0.50263304 52.6764 -1.097029447555542 0.1886933147907257
Pedestrian 0.0 0 1.828974962234497 132.47874450683594 165.69168090820312 154.05482482910156 208.05259704589844 0.50967824 1.9629276 0.7475265 -21.463581 1.2313232 33.640366 1.261060118675232 0.1447208672761917
Car 0.0 0 -1.3749098777770996 570.6339721679688 171.718994140625 615.4478759765625 202.21078491210938 3.7293882 1.4544524 1.5655661 -0.37783393 0.9888079 36.238888 -1.3853356838226318 0.8937205076217651
Car 0.0 0 -0.8477504849433899 420.3692321777344 172.97579956054688 531.8369140625 216.785400390625 4.415368 1.5263914 1.6748259 -4.6796217 1.2304599 27.34347 -1.0172505378723145 0.8360731601715088
Car 0.0 0 2.0578129291534424 326.2882995605469 178.47360229492188 393.2588806152344 206.36587524414062 4.189422 1.3975844 1.5994476 -12.761988 1.24682 38.188023 1.7352932691574097 0.7068893909454346
Car 0.0 0 -2.4084396362304688 202.70440673828125 176.8248748779297 286.525634765625 208.09439086914062 3.662851 1.5323889 1.6313257 -18.110754 1.3041723 36.47822 -2.8692681789398193 0.18561334908008575
Car 0.0 0 0.025441646575927734 0.0 182.43658447265625 88.41043090820312 216.87400817871094 3.827833 1.508061 1.6381668 -26.203321 1.554789 33.351395 -0.6405026316642761 0.17365746200084686
Car 0.0 0 -0.18407422304153442 0.0 182.7361297607422 75.7481460571289 214.40423583984375 3.8318448 1.6538924 1.6426977 -31.561691 1.7263309 39.65203 -0.8563508987426758 0.1690935343503952
Car 0.0 0 -1.299660325050354 560.4459228515625 167.42971801757812 589.4586791992188 186.8476104736328 3.3208869 1.5406909 1.541321 -2.112577 0.42482063 58.787186 -1.335580825805664 0.1565234214067459
