Car 0.0 0 1.9761723279953003 181.48448181152344 202.4945526123047 419.7804260253906 350.1043701171875 3.5084987 1.4305869 1.5674962 -3.829433 1.8928787 9.471629 1.5919597148895264 0.975314199924469
Car 0.0 0 -3.5481619834899902 833.5179443359375 169.8467254638672 1047.1796875 232.53306579589844 4.526328 1.4804285 1.6890868 8.024563 1.4097655 17.91482 -3.1270318031311035 0.9607192873954773
Car 0.0 0 -1.6741912364959717 659.8038330078125 181.45289611816406 718.8103637695312 230.05003356933594 3.8710756 1.50799 1.6219872 2.62535 1.8294988 25.008686 -1.569596767425537 0.9580287337303162
Car 0.0 0 1.8383581638336182 298.26397705078125 197.6943359375 411.3787536621094 268.1762390136719 4.1852775 1.4081887 1.6021866 -6.270371 2.10424 18.063784 1.5042479038238525 0.8716048002243042
Car 0.0 0 -1.321235179901123 418.5281982421875 188.79086303710938 483.5152282714844 230.65061950683594 3.9714818 1.4954214 1.6464552 -6.4144044 2.1878784 29.319149 -1.5366202592849731 0.824218213558197
Car 0.0 0 2.812206745147705 759.1574096679688 169.47714233398438 884.9839477539062 213.51637268066406 4.247142 1.6085497 1.6907676 7.915492 1.4855667 27.296215 3.0944502353668213 0.802901029586792
Car 0.0 0 -0.7160274386405945 1029.6505126953125 150.1342010498047 1134.0198974609375 184.6853485107422 3.9823415 1.5685474 1.6700057 22.061754 0.5374758 33.855392 -0.13849550485610962 0.7653046250343323
Car 0.0 0 2.4052624702453613 0.0 204.13978576660156 193.63775634765625 375.0 3.9812748 1.5076193 1.6505655 -3.6335077 1.7234204 2.9311934 1.5132862329483032 0.7273219227790833
Car 0.0 0 -1.4326090812683105 399.1661682128906 193.66912841796875 455.8734436035156 238.44342041015625 3.3366613 1.3804039 1.5049103 -6.451001 2.1695695 25.600458 -1.679457664489746 0.6122727394104004
Car 0.0 0 1.8349647521972656 474.347900390625 185.5793914794922 519.2825317382812 216.84385681152344 3.8001955 1.606207 1.5634574 -6.3554068 2.3582942 40.646893 1.6798640489578247 0.6042770743370056
Car 0.0 0 -0.6801007986068726 1082.777587890625 152.62745666503906 1208.1007080078125 190.22254943847656 4.1087356 1.534288 1.6582998 22.427912 0.70918334 30.362314 -0.04388657212257385 0.5308946371078491
Car 0.0 0 2.7673163414001465 803.832763671875 160.0497589111328 969.4722900390625 221.6740264892578 4.183612 1.7266164 1.7194023 7.9499207 1.3682194 21.102499 3.1276018619537354 0.5279420018196106
