Pedestrian 0.0 0 -0.04880727827548981 728.3583374023438 155.9431610107422 766.678955078125 232.7423553466797 0.8778653 1.8196454 0.68128896 3.2742796 1.4193257 17.490152 0.13625764846801758 0.3327968716621399
Pedestrian 0.0 0 -0.26562026143074036 359.93890380859375 180.18228149414062 377.21258544921875 208.0209197998047 0.935629 1.7459855 0.53789073 -15.419968 2.218367 45.988846 -0.5891379714012146 0.25177547335624695
Pedestrian 0.0 0 -0.2478015422821045 438.61737060546875 148.84120178222656 481.2010498046875 229.69017028808594 0.73825645 1.7310507 0.8385801 -3.3821023 1.2172726 15.985081 -0.45630526542663574 0.16933555901050568
Cyclist 0.0 0 -2.2564895153045654 202.80532836914062 194.2201385498047 236.9275360107422 229.1150665283203 1.7093782 1.8014871 0.6790258 -20.945026 2.965823 38.666878 -2.7529215812683105 0.18789801001548767
Car 0.0 0 1.5198936462402344 148.7210693359375 193.81683349609375 190.37408447265625 223.7799072265625 4.302417 1.4391489 1.7523459 -24.552256 2.670554 40.09967 0.9704930782318115 0.7024534940719604
Car 0.0 0 -0.770790159702301 434.64251708984375 163.24459838867188 574.8785400390625 237.70733642578125 3.08801 1.5622137 1.4586103 -2.4252188 1.3609681 16.8031 -0.9141318798065186 0.28384414315223694
Car 0.0 0 1.5228862762451172 256.3180236816406 189.5709686279297 282.7879333496094 212.00296020507812 4.1726756 1.581303 1.6694306 -26.67607 2.9407377 56.423943 1.0812513828277588 0.2425263524055481
Car 0.0 0 -1.8943252563476562 262.90045166015625 157.57640075683594 317.8299865722656 188.91354370117188 3.8540545 1.6725941 1.6750978 -18.007864 0.857523 40.495182 -2.312755823135376 0.22274933755397797
Car 0.0 0 -0.8160799741744995 252.77899169921875 162.81991577148438 306.63677978515625 189.9137420654297 4.7706304 2.417278 1.7487532 -30.575945 1.5224063 66.91168 -1.2447065114974976 0.19495023787021637
Car 0.0 0 1.951693058013916 0.0 202.98287963867188 52.12441635131836 232.79608154296875 3.1087987 1.5071222 1.8362919 -34.111614 3.3257256 41.78341 1.267037034034729 0.18609009683132172
Car 0.0 0 1.7273039817810059 99.01701354980469 196.18832397460938 142.2617950439453 223.8631134033203 3.570359 1.4575361 1.609758 -29.315018 2.9202552 43.258007 1.1317164897918701 0.16982850432395935
