Pedestrian 0.0 0 -3.0306360721588135 540.4140014648438 144.71595764160156 636.5799560546875 306.0454406738281 1.0315633 1.7456431 0.5430163 -0.22051688 1.3601356 7.959008 -3.058335542678833 0.6657827496528625
Pedestrian 0.0 0 -0.6189906597137451 1026.664306640625 172.72959899902344 1092.83056640625 278.2588806152344 0.7208465 1.7083613 0.5813376 7.502227 1.5842234 11.749665 -0.05073836073279381 0.2294052094221115
Pedestrian 0.0 0 2.6257576942443848 17.840255737304688 163.24302673339844 78.6987533569336 255.75990295410156 0.72301143 1.8191861 0.69494694 -11.346939 1.4814876 14.36373 1.9571616649627686 0.15591001510620117
Pedestrian 0.0 0 -2.0509989261627197 825.51416015625 132.61903381347656 881.6693725585938 236.44944763183594 0.7512688 1.79018 0.6716225 4.3770113 0.96629214 12.606021 -1.716806411743164 0.14563331007957458
Pedestrian 0.0 0 1.670410394668579 840.2506713867188 173.9884033203125 869.8531494140625 246.21278381347656 0.69393605 1.7719327 0.63803446 6.2600794 1.613777 17.791084 2.00874662399292 0.12600861489772797
Pedestrian 0.0 0 3.032214641571045 60.3360710144043 188.19204711914062 97.65524291992188 252.93502807617188 0.7843188 1.8074865 0.77176017 -15.225254 2.0371757 20.414497 2.3914031982421875 0.10600956529378891
Pedestrian 0.0 0 1.1435669660568237 965.1626586914062 155.65415954589844 1017.890625 265.0351867675781 0.6283491 1.7313539 0.54022264 6.241892 1.3397335 11.518794 1.6401605606079102 0.10387787222862244
Pedestrian 0.0 0 0.08503420650959015 631.2288208007812 176.09115600585938 684.78955078125 272.3016662597656 0.93684906 1.71539 0.54937935 0.93482935 1.6384248 12.9459915 0.1571190357208252 0.10254202038049698
Pedestrian 0.0 0 1.5473675727844238 549.2101440429688 152.45240783691406 575.7545166015625 225.7877960205078 0.82131714 1.7940011 0.64246446 -1.1109575 1.109472 17.728281 1.4847835302352905 0.10116787254810333
Cyclist 0.0 0 1.1309752464294434 834.3533325195312 136.90933227539062 896.09326171875 245.3609161376953 1.2890998 1.8247538 0.52439994 4.552366 1.0929674 12.557408 1.4787636995315552 0.153141587972641
Cyclist 0.0 0 -1.9023576974868774 759.8802490234375 131.45082092285156 805.6878662109375 241.901611328125 1.0531794 1.867504 0.4627241 3.0825217 1.0398282 12.495018 -1.6604872941970825 0.13130596280097961
Car 0.0 0 -2.1324503421783447 1142.340087890625 142.85305786132812 1224.0 253.38780212402344 3.8467648 1.6393343 1.7767422 11.570653 1.0826571 12.534564 -1.3870185613632202 0.11406084895133972
Car 0.0 0 -1.1912829875946045 486.1187744140625 141.14353942871094 577.951416015625 197.6245880126953 3.4251025 1.5393966 1.5695984 -2.1210446 0.4683122 21.128315 -1.2913365364074707 0.10698045790195465
