Pedestrian 0.0 0 2.6467812061309814 735.0193481445312 142.26307678222656 782.3146362304688 217.6878204345703 0.98638153 1.846094 0.6180492 3.675394 1.0977093 18.09644 2.847156047821045 0.4533757269382477
Pedestrian 0.0 0 -2.100167751312256 1148.4456787109375 117.70976257324219 1188.676513671875 190.73008728027344 0.58646363 1.8892535 0.6266083 14.650187 0.46286568 18.996294 -1.4432281255722046 0.28696587681770325
Pedestrian 0.0 0 -2.990705728530884 625.5551147460938 173.9163360595703 634.54443359375 194.36788940429688 0.69445527 1.7476966 0.57537335 1.7033595 1.8399034 62.037064 -2.9632554054260254 0.18945643305778503
Car 0.0 0 1.7653472423553467 355.01129150390625 179.36672973632812 419.4093017578125 219.41415405273438 4.5691833 1.5452843 1.7868427 -9.49956 1.846568 30.97215 1.467743158340454 0.8958311676979065
Car 0.0 0 -1.5135202407836914 549.6390380859375 180.81809997558594 573.7735595703125 201.42938232421875 3.9898362 1.4950011 1.6413342 -3.732734 2.134308 55.88276 -1.5802170038223267 0.6803860068321228
Car 0.0 0 -1.5032532215118408 589.2513427734375 176.7981414794922 618.23046875 202.16688537597656 3.9458451 1.559418 1.6266434 -0.40024665 1.8277073 46.99502 -1.5117697715759277 0.6342650055885315
Car 0.0 0 1.6739317178726196 454.3232421875 176.4772186279297 483.3441162109375 200.27391052246094 4.227755 1.7312598 1.7600186 -10.809757 2.0204916 55.34011 1.4810274839401245 0.3257284164428711
Car 0.0 0 1.774453043937683 402.67083740234375 174.1476593017578 464.3471984863281 212.88967895507812 4.293364 1.4734471 1.6328276 -7.2283196 1.5310606 29.757803 1.536163091659546 0.24579554796218872
Car 0.0 0 1.6803264617919922 302.9303894042969 190.08734130859375 340.30963134765625 216.97727966308594 4.302145 1.4621955 1.679921 -17.749414 2.5797122 44.474068 1.3005998134613037 0.23261994123458862
Car 0.0 0 3.4074063301086426 364.99066162109375 176.45083618164062 420.11602783203125 195.7095184326172 3.9808643 1.5262843 1.6388234 -17.585014 1.8220195 58.378654 3.1148276329040527 0.21580928564071655
