Pedestrian 0.0 0 1.7408398389816284 748.3723754882812 166.24923706054688 771.67041015625 218.93931579589844 0.9725818 1.8492001 0.66529423 5.3458133 1.6177592 25.894348 1.9444267749786377 0.7595198154449463
Pedestrian 0.0 0 -2.3474490642547607 887.4581298828125 158.67315673828125 931.0891723632812 218.5531005859375 1.2119235 1.7802672 0.538594 9.1122265 1.3590202 22.111767 -1.9565566778182983 0.31420284509658813
Pedestrian 0.0 0 -0.19270646572113037 260.0328674316406 175.27435302734375 269.0462951660156 196.14810180664062 0.55487627 1.7658502 0.78013057 -29.530203 1.974544 61.626503 -0.6395599842071533 0.18577492237091064
Cyclist 0.0 0 2.1841320991516113 217.0397491455078 175.55950927734375 259.7585144042969 219.056640625 1.8797382 1.6836867 0.546552 -14.960398 1.7964841 29.01544 1.7080814838409424 0.369667112827301
Cyclist 0.0 0 -1.9003022909164429 775.6865844726562 166.3240509033203 797.879150390625 203.340087890625 1.9626197 1.821737 0.47792277 8.892829 1.5007252 36.5065 -1.6613601446151733 0.1704636514186859
Car 0.0 0 -1.59329092502594 598.7681884765625 176.3816680908203 626.4575805664062 201.51077270507812 3.78945 1.5136958 1.669203 0.098425075 1.7478614 45.908302 -1.5911469459533691 0.7889089584350586
Car 0.0 0 1.8654124736785889 388.96185302734375 180.84642028808594 442.3526306152344 211.10409545898438 4.388055 1.5664353 1.7096903 -10.930061 2.0427504 40.74496 1.6033272743225098 0.784766674041748
Car 0.0 0 -3.698730945587158 1104.6907958984375 153.89100646972656 1215.5849609375 187.21560668945312 4.0298653 1.5738351 1.6404074 26.630365 0.67861956 35.075935 -3.0493547916412354 0.23267924785614014
Car 0.0 0 2.520146369934082 0.0 170.84738159179688 89.90443420410156 232.0316925048828 3.5805604 1.495341 1.5708101 -16.46243 1.4466573 19.560444 1.8205385208129883 0.19133134186267853
Car 0.0 0 1.861790657043457 440.4881286621094 178.82005310058594 475.475341796875 198.1604461669922 4.426814 1.5510217 1.7235645 -12.937759 2.07912 61.544746 1.6545904874801636 0.1699334979057312
Car 0.0 0 1.7600739002227783 394.55548095703125 171.68104553222656 458.4085998535156 213.17930603027344 4.165722 1.4567232 1.5953033 -6.9317417 1.4159068 27.451202 1.512732982635498 0.16118699312210083
Car 0.0 0 -0.7895170450210571 983.6024169921875 153.6903839111328 1073.8707275390625 182.5530548095703 4.394601 1.5238682 1.6588172 22.856312 0.51244104 39.467594 -0.26459506154060364 0.14511725306510925
