Pedestrian 0.0 0 -0.27843666076660156 692.6224365234375 155.3644561767578 719.1865234375 207.3392791748047 0.78027457 1.7883183 0.6110113 3.2986734 1.1869068 25.183247 -0.14819134771823883 0.47801658511161804
Pedestrian 0.0 0 0.01191277801990509 757.3263549804688 150.60922241210938 787.5425415039062 207.2529754638672 0.90795803 1.7366514 0.5974663 5.0236244 1.0550026 22.51392 0.23145055770874023 0.30176904797554016
Car 0.0 0 -2.0063483715057373 771.2808227539062 175.58377075195312 1088.4857177734375 356.1885986328125 3.7740526 1.4700482 1.5830402 3.0309682 1.5074973 7.8650637 -1.6385163068771362 0.9773273468017578
Car 0.0 0 1.959594488143921 219.08187866210938 187.48316955566406 383.4068908691406 286.1757507324219 3.7884498 1.575647 1.5827203 -5.8177614 1.8979638 13.978239 1.5651999711990356 0.9658555388450623
Car 0.0 0 -1.8595677614212036 721.2139282226562 177.8022003173828 866.1636962890625 272.68243408203125 3.5557804 1.4715953 1.5729184 3.1346452 1.5749476 13.196863 -1.6263599395751953 0.9555604457855225
Car 0.0 0 1.8408797979354858 343.29296875 188.6102294921875 437.51318359375 252.17835998535156 3.4593055 1.4556522 1.5152167 -5.757572 1.911973 19.131456 1.5485535860061646 0.9285708665847778
Car 0.0 0 -1.7355928421020508 702.2183227539062 177.10487365722656 787.8787231445312 237.81626892089844 3.8762038 1.400155 1.5538299 3.366122 1.5230982 18.857536 -1.5589505434036255 0.9005134701728821
Car 0.0 0 -1.8542375564575195 863.8649291992188 167.50245666503906 917.0311279296875 198.8292999267578 3.319265 1.4528587 1.5406729 13.572881 1.2050259 35.179237 -1.4860141277313232 0.4375837445259094
Car 0.0 0 -2.7980542182922363 380.83544921875 174.02830505371094 456.7051086425781 201.29183959960938 4.088935 1.6005493 1.6862679 -11.516156 1.673285 43.45616 -3.057105779647827 0.41570258140563965
Car 0.0 0 1.163745403289795 333.6486511230469 182.902587890625 372.0757751464844 203.9215850830078 3.279538 1.4384067 1.4620799 -18.826908 2.1963294 52.696205 0.8206064701080322 0.32531532645225525
