Pedestrian 0.0 0 0.30076947808265686 716.748779296875 199.38885498046875 748.7373046875 252.88710021972656 0.868059 1.6853417 0.70811725 3.9974558 2.577921 23.746922 0.4675416946411133 0.5615916848182678
Pedestrian 0.0 0 -2.529153823852539 142.53639221191406 170.6682891845703 235.5537109375 319.9354553222656 0.8096835 1.7794716 0.57613033 -5.242991 1.7537727 8.9188595 -3.0605950355529785 0.3369789719581604
Pedestrian 0.0 0 -2.4318368434906006 306.2210388183594 198.3904266357422 366.4264221191406 307.92236328125 0.6379238 1.6893346 0.66437554 -4.4988194 2.1202302 11.741923 -2.7977261543273926 0.1976131647825241
Pedestrian 0.0 0 -0.14434945583343506 1111.4388427734375 131.05126953125 1242.0 317.2055969238281 1.0879205 1.8207815 0.6973399 5.9451456 1.4122655 7.626835 0.517768144607544 0.19503116607666016
Pedestrian 0.0 0 -0.647334098815918 932.700927734375 198.94395446777344 975.8220825195312 245.80259704589844 1.429166 1.8123705 0.6978073 13.757268 2.8765469 28.931868 -0.20347322523593903 0.19035930931568146
Pedestrian 0.0 0 0.2477143257856369 713.95751953125 158.24729919433594 742.6196899414062 212.4215087890625 0.84238195 1.8571889 0.7063497 4.094386 1.3568033 25.224316 0.4086298942565918 0.18961979448795319
Pedestrian 0.0 0 0.6639726161956787 287.8794860839844 137.8936767578125 354.4008483886719 226.2460174560547 1.0985603 1.810454 0.7185774 -6.159868 1.0944295 15.279919 0.28076672554016113 0.17001380026340485
Pedestrian 0.0 0 -1.1553064584732056 701.7208251953125 184.04869079589844 728.701171875 231.93240356445312 0.8348665 1.8167878 0.77288765 4.0716267 2.2632859 28.193731 -1.0118820667266846 0.16932877898216248
Cyclist 0.0 0 0.18911051750183105 1078.3126220703125 189.97393798828125 1207.7205810546875 288.02288818359375 1.9346361 1.7263058 0.58096 10.190367 2.078578 13.923222 0.8209247589111328 0.5027031302452087
Cyclist 0.0 0 -0.9540674090385437 933.3409423828125 198.34555053710938 975.4898681640625 244.90943908691406 1.7063456 1.772522 0.6621299 13.777493 2.8203702 28.941154 -0.5097611546516418 0.26639339327812195
Cyclist 0.0 0 -1.199316143989563 307.70050048828125 194.4234161376953 371.9130859375 310.26348876953125 1.4821919 1.7204869 0.47533244 -4.4150662 2.0939498 11.734518 -1.5591788291931152 0.14978155493736267
Cyclist 0.0 0 -1.8063294887542725 1045.9150390625 202.00103759765625 1075.8277587890625 271.7060546875 1.0650897 1.6834228 0.40944737 11.482431 2.4530003 18.469425 -1.2501071691513062 0.1479509472846985
Cyclist 0.0 0 0.3582838773727417 409.30975341796875 202.7454376220703 470.58282470703125 262.44268798828125 1.8011868 1.8462895 0.6572216 -5.5028462 2.8256512 23.190447 0.1253035068511963 0.14385822415351868
Cyclist 0.0 0 0.2591457962989807 716.5418701171875 198.57640075683594 748.697509765625 253.11256408691406 0.8904769 1.7238482 0.7268112 4.003919 2.591295 23.805063 0.4257822036743164 0.12062208354473114
Car 0.0 0 1.6656423807144165 509.03228759765625 199.32748413085938 557.4190063476562 244.9972381591797 3.7003865 1.6056166 1.6158993 -3.1057768 2.7521453 29.377703 1.5603147745132446 0.9630452990531921
Car 0.0 0 1.5232977867126465 655.0865478515625 196.2920684814453 684.742431640625 221.78660583496094 3.9046655 1.5057904 1.7845881 3.9346972 3.1375494 48.23829 1.6046855449676514 0.3600192964076996
Car 0.0 0 -1.8199081420898438 739.7670288085938 194.2666778564453 850.8319091796875 271.01495361328125 4.042162 1.5571092 1.6686443 4.3669343 2.1458552 17.795937 -1.5792735815048218 0.18990115821361542
Car 0.0 0 1.2572518587112427 652.3091430664062 187.90664672851562 684.0420532226562 206.8483123779297 3.9653375 1.5266076 1.6416501 5.0718565 2.8988073 63.636536 1.3367841243743896 0.15971849858760834
Car 0.0 0 1.8255945444107056 426.8988952636719 201.81646728515625 496.4066467285156 253.33102416992188 2.9949996 1.5106964 1.6010007 -4.996998 2.553258 24.423737 1.6237837076187134 0.15008041262626648
