Pedestrian 0.0 0 0.5337153673171997 327.95947265625 176.14207458496094 361.80548095703125 229.66390991210938 0.9022848 1.8051741 0.6139923 -8.937751 1.6597276 24.225143 0.18026351928710938 0.6813344955444336
Pedestrian 0.0 0 -1.08741295337677 35.425941467285156 150.57025146484375 63.080162048339844 192.95606994628906 0.7973038 1.8925575 0.69486856 -25.182266 0.5576372 32.020508 -1.7538318634033203 0.6432377696037292
Pedestrian 0.0 0 1.314527988433838 318.13287353515625 169.13424682617188 343.7787780761719 226.72938537597656 0.7331764 1.7978069 0.5948961 -8.770269 1.4445835 22.536652 0.9434049129486084 0.5909906029701233
Pedestrian 0.0 0 -1.4130003452301025 539.3505249023438 164.28662109375 562.7554321289062 216.5161590576172 1.0229795 1.7115706 0.6316189 -1.8303444 1.1817989 23.700441 -1.4900755882263184 0.46051865816116333
Pedestrian 0.0 0 -0.3629341125488281 335.4164733886719 160.62582397460938 349.0025634765625 187.81243896484375 0.7605845 1.9288247 0.5659632 -18.810892 0.5200916 50.62181 -0.718717634677887 0.4302237629890442
Pedestrian 0.0 0 -2.197997570037842 404.3057556152344 162.17623901367188 439.8198547363281 225.4771270751953 0.7345086 1.8490067 0.738989 -5.5094233 1.31534 21.166492 -2.452637195587158 0.4177692234516144
Cyclist 0.0 0 -0.46469196677207947 704.8174438476562 159.28094482421875 744.9761352539062 196.9539794921875 1.8439981 1.7844586 0.5748026 5.7551513 0.78082293 34.030598 -0.29716017842292786 0.7981917858123779
Cyclist 0.0 0 -0.2278434932231903 923.4033203125 140.60284423828125 999.7074584960938 205.72879028320312 1.8161911 1.7789694 0.6182222 9.936161 0.6907247 19.822191 0.2368152141571045 0.7296007871627808
Cyclist 0.0 0 -0.4479057788848877 288.4800109863281 173.2261505126953 357.90679931640625 237.4387969970703 1.7832056 1.766683 0.5674687 -8.102825 1.5681356 20.296618 -0.827739953994751 0.7103645205497742
Cyclist 0.0 0 -0.5297843217849731 853.4140625 152.6216583251953 918.081787109375 199.55419921875 1.9419991 1.615282 0.8741014 9.851789 0.6573231 24.909687 -0.15316300094127655 0.6108096241950989
Cyclist 0.0 0 -1.6011301279067993 831.2139282226562 163.0938720703125 843.5302734375 202.41448974609375 1.7834151 1.7047645 0.4650762 10.349856 0.9515865 31.570562 -1.2843384742736816 0.5353049039840698
Cyclist 0.0 0 -1.3821505308151245 538.7206420898438 165.06910705566406 563.237060546875 218.02890014648438 1.0956148 1.7298334 0.6263099 -1.8296293 1.2273558 23.668716 -1.4592987298965454 0.3486926853656769
Car 0.0 0 -1.3839375972747803 408.4368591308594 178.53439331054688 507.42340087890625 247.89637756347656 3.6172364 1.4412847 1.6072092 -3.3460374 1.4020638 16.505945 -1.583944320678711 0.9742031693458557
Car 0.0 0 -3.649054765701294 978.6619262695312 156.6925048828125 1076.70751953125 190.5116729736328 3.5122914 1.5019822 1.5773157 19.1979 0.44610673 32.237 -3.1119329929351807 0.735370934009552
Car 0.0 0 2.483621120452881 1074.053955078125 145.68997192382812 1192.4420166015625 179.70872497558594 4.266395 1.5232476 1.61977 24.23361 -0.035924956 32.542015 3.123713254928589 0.6536232233047485
