Pedestrian 0.0 0 0.05231147259473801 490.2892761230469 184.982421875 503.16790771484375 216.7288360595703 0.659546 1.6991892 0.66137296 -6.1959357 2.3655825 39.25745 -0.10422555357217789 0.1534225046634674
Pedestrian 0.0 0 1.245583415031433 707.67041015625 155.99354553222656 737.257568359375 213.27401733398438 1.0194378 1.7515981 0.6209409 3.4704304 1.2363747 22.616926 1.3978397846221924 0.13757742941379547
Pedestrian 0.0 0 -1.6181602478027344 460.3767395019531 156.9660186767578 472.4414978027344 188.71229553222656 0.61376786 1.9052521 0.6873897 -8.728385 0.9520931 43.68131 -1.8153823614120483 0.10701587796211243
Pedestrian 0.0 0 1.646587610244751 440.99462890625 152.17054748535156 454.3320007324219 185.1307830810547 0.5778564 1.9522046 0.7359357 -9.721826 0.72750086 43.07271 1.4246000051498413 0.10562829673290253
Cyclist 0.0 0 1.245583415031433 707.67041015625 155.99354553222656 737.257568359375 213.27401733398438 1.0194378 1.7515981 0.6209409 3.4704304 1.2363747 22.616926 1.3978397846221924 0.12276452779769897
Car 0.0 0 1.7544245719909668 498.0977478027344 180.50289916992188 562.6277465820312 227.65310668945312 4.057994 1.6116675 1.7227751 -2.9828787 1.9249287 27.426046 1.6460895538330078 0.9500740170478821
Car 0.0 0 -1.548901915550232 554.6124267578125 176.85743713378906 574.9522094726562 196.34486389160156 3.5622814 1.4995806 1.5585362 -3.638554 1.832236 58.076 -1.6114717721939087 0.3028665781021118
Car 0.0 0 1.143476128578186 630.7008666992188 158.5050506591797 702.2342529296875 198.2401580810547 3.5552738 1.4708818 1.477521 2.1284187 0.94008195 28.629976 1.217681884765625 0.2499890923500061
Car 0.0 0 -1.5981248617172241 488.69122314453125 173.3898468017578 511.7177734375 194.3341827392578 3.7797277 1.4714755 1.5570177 -8.088567 1.5125238 52.79065 -1.750162124633789 0.20839662849903107
Car 0.0 0 1.8988405466079712 477.6626281738281 168.89736938476562 523.064697265625 195.90359497070312 3.679518 1.5179048 1.5414706 -6.439245 1.2958777 42.498848 1.7484685182571411 0.12498176097869873
Car 0.0 0 1.5270636081695557 547.4904174804688 174.82427978515625 576.1614379882812 199.5363311767578 4.4101887 1.6080966 1.7669834 -3.3832512 1.750171 49.605255 1.458965539932251 0.10432720184326172
