Cyclist 0.0 0 -2.1242170333862305 612.9298706054688 151.3979949951172 641.5260009765625 189.3330841064453 1.9597669 1.8702226 0.487633 0.8206409 0.81278634 36.537926 -2.1017608642578125 0.21554026007652283
Car 0.0 0 -1.761451005935669 584.921142578125 174.16603088378906 657.1989135742188 230.01060485839844 3.9296823 1.7087004 1.694236 0.237666 1.7569649 24.2576 -1.7516536712646484 0.9574465751647949
Car 0.0 0 0.5047521591186523 0.0 169.1441192626953 279.7574462890625 299.79736328125 3.6383975 1.7671621 1.5944253 -7.131645 1.7173415 10.70187 -0.08306058496236801 0.9034543633460999
Car 0.0 0 -2.250044345855713 0.0 186.29415893554688 151.54725646972656 350.6238098144531 3.7962046 1.4720824 1.6058439 -7.270068 1.6351005 7.6810546 -3.007960796356201 0.8198027014732361
Car 0.0 0 0.23113924264907837 324.10687255859375 180.9073028564453 439.14599609375 218.0415802001953 4.289524 1.4681675 1.6277424 -9.433909 1.8133005 29.916515 -0.07433193176984787 0.4302910268306732
Car 0.0 0 -1.8037335872650146 527.8304443359375 174.42254638671875 557.2979125976562 192.42514038085938 3.9861784 1.4709848 1.6182737 -5.80135 1.6096557 61.475323 -1.897823691368103 0.4209643006324768
Car 0.0 0 1.554686427116394 317.0653991699219 173.3844451904297 370.4617004394531 221.24761962890625 3.845203 1.4787408 1.5713335 -9.082679 1.4985745 24.412006 1.1984976530075073 0.2895119786262512
Car 0.0 0 3.3603579998016357 310.7406921386719 173.91873168945312 411.3574523925781 215.3828582763672 3.313463 1.499888 1.5686435 -9.331596 1.5416843 27.112825 3.0288805961608887 0.28761789202690125
Car 0.0 0 1.6758174896240234 350.3365478515625 174.74351501464844 415.6730041503906 227.5123291015625 3.5983026 1.4403104 1.5058566 -6.80041 1.5026153 21.740519 1.3726602792739868 0.2770514488220215
Car 0.0 0 3.414468765258789 191.33148193359375 167.67628479003906 357.7597351074219 225.06082153320312 3.8313377 1.48308 1.6459996 -9.107572 1.3496224 19.76102 2.9825992584228516 0.22575543820858002
Car 0.0 0 -1.3652236461639404 336.5237121582031 167.910888671875 422.6706848144531 236.03518676757812 3.0222523 1.5696874 1.4805741 -5.7673125 1.4561489 18.200819 -1.6720857620239258 0.22562095522880554
