Car 0.0 0 -2.478050470352173 819.2232055664062 184.33387756347656 1008.98681640625 262.1443176269531 3.5832012 1.4213243 1.5757432 6.413973 1.7024528 15.6979475 -2.0901637077331543 0.9709728360176086
Car 0.0 0 -1.7612146139144897 644.4165649414062 185.4505157470703 700.2320556640625 227.6907501220703 3.336401 1.4774163 1.5428323 2.3163729 1.9972997 28.014444 -1.6787173748016357 0.9600305557250977
Car 0.0 0 3.7274279594421387 0.0 206.36834716796875 269.12554931640625 344.29608154296875 3.8666973 1.4942888 1.6245377 -6.6979446 1.9616845 9.15199 3.095640182495117 0.8959604501724243
Car 0.0 0 -2.3249237537384033 0.0 194.42002868652344 144.1724395751953 375.0 3.816876 1.5177152 1.632284 -7.09166 1.758239 7.149482 -3.106261730194092 0.8471471071243286
Car 0.0 0 -1.6859521865844727 622.2313842773438 185.01235961914062 662.3892822265625 215.92514038085938 4.1398926 1.4557776 1.6232449 1.5989007 2.1284235 37.770622 -1.6436456441879272 0.8055599927902222
Car 0.0 0 3.3721518516540527 330.7046813964844 191.04563903808594 462.5137023925781 240.4742889404297 3.8716676 1.5100635 1.6295233 -6.9532933 2.1297107 23.63928 3.086078405380249 0.786907970905304
Car 0.0 0 3.5346109867095947 189.26998901367188 194.04324340820312 397.4102478027344 266.093994140625 4.0229163 1.5084842 1.6697123 -7.1595483 2.0184765 16.482904 3.1248373985290527 0.6453334093093872
Car 0.0 0 -2.789902687072754 393.94879150390625 190.31646728515625 492.2007751464844 227.08230590820312 3.7759397 1.4699852 1.5899076 -7.13867 2.2415516 30.840336 -3.0173685550689697 0.6135337948799133
Car 0.0 0 3.4348995685577393 239.91146850585938 191.099853515625 418.7651062011719 255.40054321289062 4.0386376 1.5390564 1.6372083 -7.235589 2.0388823 18.7824 3.067188262939453 0.5068835020065308
Car 0.0 0 0.5022934079170227 35.1428337097168 166.69677734375 374.93939208984375 299.53546142578125 4.4873924 1.9780381 1.7653536 -6.372011 1.8867115 11.626087 0.0009264945983886719 0.4744570851325989
