Pedestrian 0.0 0 1.6819641590118408 1147.2320556640625 150.60601806640625 1183.8026123046875 228.59542846679688 0.53398865 1.7856754 0.6253216 12.984228 1.2766352 16.927011 2.336301803588867 0.4238402843475342
Car 0.0 0 -1.7867845296859741 772.8228149414062 190.55764770507812 918.9842529296875 291.9039611816406 4.0454793 1.4525826 1.6361837 4.037299 1.8267508 13.14954 -1.4888910055160522 0.9777106642723083
Car 0.0 0 -1.841841697692871 729.1436767578125 184.5362548828125 829.5010375976562 253.64712524414062 3.6053762 1.5688593 1.616999 4.2507606 1.9040734 18.838945 -1.6199212074279785 0.9341727495193481
Car 0.0 0 -1.7212865352630615 713.7662963867188 184.88504028320312 779.718017578125 234.4347381591797 3.8845785 1.449132 1.5709208 4.417653 1.8828318 24.020067 -1.539404034614563 0.9324976205825806
Car 0.0 0 1.7619165182113647 481.9189453125 188.49375915527344 543.8673095703125 230.77932739257812 3.9771144 1.5043502 1.7597035 -3.890557 2.1820612 29.210049 1.6295034885406494 0.8949295878410339
Car 0.0 0 -2.0824923515319824 845.8948364257812 148.55979919433594 1242.0 375.0 4.698217 1.623818 1.7441609 3.8505306 1.4707687 6.9051785 -1.5738105773925781 0.8920494318008423
Car 0.0 0 -1.7052252292633057 699.9783935546875 184.87525939941406 751.442626953125 225.2267608642578 3.6116817 1.4800104 1.584727 4.6034455 2.000087 29.36957 -1.549748182296753 0.6460687518119812
Car 0.0 0 -1.8424550294876099 1018.7288818359375 177.44610595703125 1080.41650390625 211.10858154296875 3.564132 1.4570693 1.5498085 20.397877 1.6840397 33.678944 -1.297886610031128 0.5634229183197021
Car 0.0 0 0.2789912223815918 422.7178955078125 185.8960723876953 493.8731689453125 214.55946350097656 3.4891229 1.4904392 1.5830686 -8.25865 2.2170575 39.262352 0.07166838645935059 0.41476139426231384
Car 0.0 0 1.6829488277435303 570.6918334960938 183.31826782226562 598.4139404296875 205.6802520751953 4.2304697 1.6198025 1.7072519 -1.977861 2.4707408 56.472286 1.6479395627975464 0.4124198257923126
Car 0.0 0 1.677560567855835 531.7583618164062 184.5344696044922 567.580810546875 214.55014038085938 3.8715796 1.5082827 1.5632918 -3.3100932 2.183453 39.728703 1.5944350957870483 0.38852179050445557
