Pedestrian 0.0 0 1.3771239519119263 984.2977905273438 146.882568359375 1008.7568359375 198.1326141357422 0.76732415 1.9353609 0.69206566 14.796366 0.95495677 27.712837 1.8675358295440674 0.6993020176887512
Cyclist 0.0 0 1.6365149021148682 540.8751831054688 173.52330017089844 556.1371459960938 209.91366577148438 1.7899554 1.7174865 0.62373513 -3.0108469 1.751136 34.985313 1.550666093826294 0.8433876633644104
Car 0.0 0 -2.0179314613342285 810.6197509765625 197.7104034423828 1242.0 375.0 3.512877 1.3863759 1.5987657 2.816136 1.6453816 5.7419043 -1.561950445175171 0.9871953725814819
Car 0.0 0 -0.495874285697937 875.4771728515625 177.5579376220703 1216.9307861328125 284.6990661621094 4.1122956 1.4656234 1.629609 6.2827616 1.5422577 10.820858 0.030170202255249023 0.933361291885376
Car 0.0 0 3.684915542602539 0.0 179.77203369140625 296.82196044921875 282.3653869628906 3.6787605 1.3950496 1.521191 -6.88001 1.5060548 10.727695 3.1146583557128906 0.9250839948654175
Car 0.0 0 3.5454394817352295 91.84503173828125 181.76914978027344 374.41253662109375 269.5361328125 4.2269053 1.4415154 1.5759952 -6.6454754 1.6136998 12.970731 3.071965456008911 0.8874437212944031
Car 0.0 0 0.7101905345916748 0.0 179.9949951171875 294.1770935058594 331.23614501953125 3.917571 1.5007335 1.6312484 -5.9598656 1.5921685 8.224442 0.08310985565185547 0.8856226205825806
Car 0.0 0 3.458117723464966 292.30755615234375 172.5639190673828 448.05718994140625 230.2298126220703 3.823803 1.5498629 1.6272138 -6.6767006 1.5424247 20.20827 3.139014482498169 0.8605839014053345
Car 0.0 0 -0.47962766885757446 835.053466796875 186.82772827148438 1081.833984375 271.4382629394531 3.7864203 1.4207937 1.5843986 6.234653 1.6949699 13.268033 -0.04034845530986786 0.8407972455024719
Car 0.0 0 -1.6987273693084717 633.3541870117188 177.60829162597656 673.2972412109375 206.62681579589844 4.1009183 1.4816538 1.6693909 2.2892587 1.7570295 39.63156 -1.6410279273986816 0.8298019170761108
Car 0.0 0 -0.3488614559173584 799.9595947265625 181.01602172851562 984.640380859375 253.1090545654297 3.5287793 1.5155345 1.5564507 6.1681657 1.7077776 16.154068 0.015886783599853516 0.8144010901451111
Car 0.0 0 0.8873255252838135 0.0 206.38816833496094 163.21588134765625 375.0 4.206536 1.4590162 1.6132697 -6.268082 1.7777778 5.89401 0.07117986679077148 0.7758911848068237
Car 0.0 0 2.7483584880828857 733.5040893554688 179.32537841796875 894.8920288085938 235.0438995361328 4.3006935 1.5498034 1.655048 5.9482217 1.7518522 21.40174 3.0194482803344727 0.7751064896583557
Car 0.0 0 -0.376390665769577 715.45947265625 181.49478149414062 845.8356323242188 228.6415252685547 3.9354467 1.4820377 1.5969622 5.6227703 1.7846034 24.153418 -0.14767029881477356 0.7743147015571594
Car 0.0 0 -2.956040382385254 429.737548828125 177.4571990966797 519.2349243164062 209.55470275878906 3.9111586 1.4642107 1.5959591 -6.3644066 1.686203 33.93939 -3.1414103507995605 0.7566791772842407
Car 0.0 0 -2.708223342895508 199.1334228515625 177.0677490234375 406.7107849121094 251.71388244628906 3.8121488 1.510939 1.5645094 -6.563659 1.6070316 15.543958 -3.107774496078491 0.7193288207054138
