Pedestrian 0.0 0 -1.7202141284942627 704.7260131835938 142.93235778808594 753.1854248046875 245.2170867919922 0.6468503 1.8104941 0.77755934 2.0966651 1.2812228 13.095896 -1.5614604949951172 0.6279340982437134
Cyclist 0.0 0 -0.9653202891349792 571.8458862304688 152.0825653076172 606.881591796875 198.30645751953125 1.717679 1.7415125 0.4680701 -0.8300649 0.95929444 28.029388 -0.9949257373809814 0.3616858124732971
Car 0.0 0 -1.8964567184448242 690.0324096679688 179.45216369628906 870.7349243164062 306.2557373046875 3.2360144 1.489264 1.5062706 2.1990054 1.5997165 10.342188 -1.686951994895935 0.9660804867744446
Car 0.0 0 2.41464900970459 582.0030517578125 172.35287475585938 690.6321411132812 215.85098266601562 3.8033333 1.451878 1.5898857 0.94596535 1.4355092 25.904705 2.4511499404907227 0.9175325036048889
Car 0.0 0 -1.1431946754455566 950.0672607421875 166.60597229003906 1032.8353271484375 209.60487365722656 3.3034713 1.5191811 1.5168159 14.308069 1.2987915 27.09934 -0.6574099063873291 0.8679289817810059
Car 0.0 0 -1.092650294303894 866.3533325195312 162.75050354003906 972.5842895507812 211.50531005859375 4.0720105 1.5275067 1.6278292 10.523552 1.2113183 24.524181 -0.6873042583465576 0.8152157664299011
Car 0.0 0 -0.9438590407371521 773.0247802734375 167.5098876953125 899.4154663085938 221.1733856201172 3.94613 1.4783524 1.6220785 6.805067 1.3314877 21.703432 -0.6400197148323059 0.8022158145904541
Car 0.0 0 -1.3149545192718506 1008.7079467773438 159.2255096435547 1087.35791015625 204.13052368164062 4.452621 1.7200075 1.7051634 18.099302 1.19835 29.795439 -0.7690735459327698 0.7049058675765991
Car 0.0 0 2.2401230335235596 721.1412963867188 171.07102966308594 812.916748046875 207.76739501953125 4.0013914 1.4121948 1.5304798 6.4492497 1.3439382 29.625004 2.454474687576294 0.5317450165748596
Car 0.0 0 -1.2245917320251465 1106.210205078125 159.33291625976562 1181.0390625 192.73944091796875 4.1519294 1.5692514 1.6716341 26.418314 0.9344648 35.73806 -0.5880250930786133 0.37247434258461
