Car 0.0 0 -1.7072443962097168 652.5260009765625 174.99728393554688 701.9959106445312 212.27383422851562 3.8796895 1.5046525 1.6114038 2.8144355 1.603934 31.324432 -1.617637038230896 0.9584959745407104
Car 0.0 0 1.8148971796035767 415.0420837402344 187.8943634033203 477.9894714355469 230.85292053222656 3.4765775 1.4699434 1.5593966 -6.2381554 2.0837464 27.671019 1.5931639671325684 0.9537313580513
Car 0.0 0 1.7256560325622559 452.0041809082031 187.19882202148438 499.38348388671875 221.779052734375 4.017649 1.4194511 1.5501801 -6.1772118 2.1228373 33.329212 1.5423963069915771 0.8904122710227966
Car 0.0 0 -1.070160984992981 132.31517028808594 199.29832458496094 215.8812255859375 235.5413055419922 4.0012746 1.4905452 1.7267268 -20.870623 2.8364007 34.674896 -1.6119722127914429 0.8527784943580627
Car 0.0 0 -0.9993168711662292 33.95695495605469 201.631103515625 120.62904357910156 240.082275390625 3.5666306 1.6399347 1.7677269 -26.03153 3.1236267 35.35379 -1.6340019702911377 0.8244636654853821
Car 0.0 0 -1.0216482877731323 85.93793487548828 202.2895965576172 164.8763427734375 238.849365234375 3.4894416 1.5439147 1.6020424 -23.519384 3.0489395 35.104076 -1.6119482517242432 0.8187438249588013
Car 0.0 0 1.7438271045684814 482.0686950683594 181.0339813232422 523.4282836914062 211.06971740722656 4.236887 1.5941902 1.6541884 -6.158085 2.0904276 41.598423 1.596858024597168 0.684624195098877
Car 0.0 0 -1.0415245294570923 189.4490203857422 194.7259063720703 273.8044128417969 231.1996612548828 4.2090516 1.5155715 1.6963131 -18.111914 2.6325777 34.69176 -1.522680640220642 0.6289956569671631
Car 0.0 0 2.4118237495422363 0.0 226.0135040283203 82.37931823730469 375.0 4.070396 1.465345 1.6567564 -5.9325075 1.9817185 4.9377575 1.5351685285568237 0.5381219983100891
Car 0.0 0 -1.97170090675354 816.5698852539062 157.92662048339844 861.0914306640625 183.7637939453125 4.431663 1.95457 1.7467711 17.946213 0.8256781 56.87006 -1.666025996208191 0.5330456495285034
