Pedestrian 0.0 0 -3.659238815307617 1139.93798828125 195.88121032714844 1242.0 319.870361328125 1.0847343 1.7495644 0.61266375 8.587717 2.1042113 10.710646 -2.983405590057373 0.19265365600585938
Pedestrian 0.0 0 1.3078749179840088 792.0932006835938 159.1704559326172 854.6024780273438 270.4268493652344 1.2211432 1.9124205 0.78525794 3.7713537 1.6775676 13.017933 1.5898597240447998 0.13400037586688995
Pedestrian 0.0 0 1.0088963508605957 1067.1767578125 212.92532348632812 1161.06591796875 344.151611328125 1.052375 1.7487448 0.65478885 7.2366877 2.3613334 10.481708 1.6131577491760254 0.1333865523338318
Pedestrian 0.0 0 -2.446152687072754 166.35671997070312 191.90896606445312 196.8970184326172 235.19815063476562 0.84303105 1.7163966 0.6570288 -17.457777 2.502018 29.341131 -2.9828827381134033 0.12552155554294586
Pedestrian 0.0 0 3.141188383102417 0.0 168.36265563964844 29.539358139038086 230.26507568359375 0.81492555 1.7846948 0.73783433 -17.750538 1.6555638 21.343962 2.447448968887329 0.1143227219581604
Cyclist 0.0 0 1.307158350944519 707.8729858398438 173.8513946533203 731.0355834960938 216.70944213867188 1.7046119 1.679672 0.49572724 4.373456 1.7215954 29.191256 1.4558730125427246 0.18883016705513
Cyclist 0.0 0 -0.3768138885498047 1125.0565185546875 196.11607360839844 1242.0 322.715576171875 1.4333472 1.7590874 0.62199855 8.554921 2.1213713 10.716342 0.2968933582305908 0.12436290085315704
Cyclist 0.0 0 -0.4846339821815491 1029.391845703125 214.60043334960938 1194.021240234375 349.5899658203125 1.8519585 1.8120507 0.6651293 7.1239758 2.4391239 10.391494 0.1163337230682373 0.1211223304271698
Car 0.0 0 1.846311330795288 382.17486572265625 183.40005493164062 449.470703125 221.513427734375 4.0795083 1.4049774 1.6308873 -7.9625525 1.870648 29.781693 1.5850580930709839 0.9229705333709717
Car 0.0 0 1.8041895627975464 479.53125 178.45596313476562 514.170166015625 200.55032348632812 4.0438056 1.5096532 1.5958874 -8.203275 1.9332278 52.429974 1.6489863395690918 0.5193853378295898
Car 0.0 0 1.9687552452087402 71.171630859375 185.3960723876953 125.11351776123047 210.00851440429688 4.0506186 1.5513958 1.5926565 -35.292225 2.4551363 49.818596 1.3524041175842285 0.17352670431137085
Car 0.0 0 1.5318694114685059 632.8283081054688 175.7323455810547 663.11474609375 206.3268280029297 4.0659366 1.6780831 1.5937794 2.1333492 1.8541425 41.999546 1.58262038230896 0.12373825162649155
Car 0.0 0 1.289071798324585 950.2392578125 210.5329132080078 1123.19873046875 330.17022705078125 3.367022 1.4890069 1.5396103 6.7917705 2.2078054 11.938474 1.8063080310821533 0.12132513523101807
Car 0.0 0 2.564656972885132 0.0 192.5467529296875 105.30960845947266 244.5317840576172 2.9552836 1.4677012 1.5578727 -18.337576 2.1481853 23.267536 1.897202968597412 0.11373532563447952
Car 0.0 0 0.09199301898479462 626.2477416992188 180.21414184570312 688.843994140625 206.4222869873047 3.7821138 1.580732 1.6810191 2.9746072 2.0544584 45.276264 0.15759778022766113 0.10828730463981628
