Car 0.0 0 -1.321162223815918 309.6776123046875 191.90243530273438 402.6371765136719 251.12509155273438 3.8683786 1.5190605 1.6350778 -7.2242255 1.7330242 20.881107 -1.6542418003082275 0.9611443281173706
Car 0.0 0 -1.161421298980713 116.50797271728516 193.86776733398438 324.0191955566406 303.49066162109375 4.073228 1.5527759 1.6751292 -6.5414987 1.7307388 12.598385 -1.6403367519378662 0.9454972743988037
Car 0.0 0 -1.5229346752166748 669.336181640625 181.68482971191406 730.4310302734375 238.90484619140625 3.4187713 1.6301607 1.7183872 2.8822973 1.5306996 22.309555 -1.3944507837295532 0.9443918466567993
Car 0.0 0 -1.422012448310852 753.6014404296875 181.71607971191406 787.71923828125 203.7034454345703 4.2733855 1.4739769 1.7238744 11.462202 1.2405034 50.490345 -1.1987783908843994 0.6909938454627991
Car 0.0 0 -1.3371400833129883 360.2083435058594 183.06161499023438 402.1004943847656 210.2235870361328 3.5817 1.5609517 1.6141583 -13.575985 1.4382914 43.151318 -1.6419492959976196 0.6319849491119385
Car 0.0 0 -1.2286878824234009 212.36756896972656 197.28794860839844 309.14654541015625 247.01280212402344 4.022902 1.4292139 1.6168417 -11.369504 1.8643492 23.754812 -1.6750848293304443 0.49965935945510864
Car 0.0 0 -1.788450837135315 528.0025024414062 182.2439422607422 571.1873779296875 212.04052734375 3.813255 1.5788802 1.6098715 -3.324533 1.4225422 40.146797 -1.871071696281433 0.3897770941257477
Car 0.0 0 -1.3553645610809326 300.8870544433594 194.6643524169922 355.8404846191406 231.68515014648438 3.4253156 1.4619722 1.5202942 -12.06184 1.8959339 31.116903 -1.7251616716384888 0.38251224160194397
Car 0.0 0 -1.106797218322754 0.0 203.9247589111328 90.60627746582031 324.97161865234375 3.9981008 1.4679637 1.5977505 -10.133042 1.8243924 11.511114 -1.8286117315292358 0.3609657883644104
Car 0.0 0 1.6157623529434204 277.7337951660156 184.4977569580078 312.1445007324219 213.39614868164062 3.8828032 1.498167 1.5560321 -17.10629 1.4620785 39.35478 1.2057307958602905 0.3440452218055725
