Pedestrian 0.0 0 1.4467666149139404 1180.16943359375 94.00261688232422 1242.0 247.8158721923828 0.6300638 1.8385402 0.6766821 7.583188 0.89638215 9.069914 2.143124580383301 0.2716161012649536
Pedestrian 0.0 0 0.8676504492759705 1119.7828369140625 33.90137481689453 1242.0 375.0 0.5133808 1.7715317 0.48434404 3.0167391 1.1005471 3.7460313 1.5456244945526123 0.1612158864736557
Cyclist 0.0 0 -1.5976377725601196 687.1448364257812 174.7908477783203 711.2880859375 246.38465881347656 1.8256018 1.8468156 0.5952039 2.3599188 1.9023 19.59702 -1.477792501449585 0.9309607744216919
Cyclist 0.0 0 1.4886541366577148 1181.3343505859375 97.8497085571289 1242.0 258.474365234375 1.8566476 1.7922233 0.57966375 7.490054 0.95569575 8.9739895 2.1841633319854736 0.19929710030555725
Car 0.0 0 1.9223133325576782 313.2101745605469 190.70977783203125 475.82073974609375 286.001220703125 4.3709598 1.5223256 1.716037 -4.1754584 1.9397132 14.606786 1.6438813209533691 0.954455554485321
Car 0.0 0 1.810258150100708 532.9281005859375 186.41099548339844 589.8893432617188 224.9899444580078 3.7706213 1.4642999 1.5742621 -2.045935 2.080423 30.777107 1.7438799142837524 0.940481960773468
Car 0.0 0 1.8245587348937988 635.184326171875 180.35824584960938 668.8709106445312 205.24847412109375 3.8105474 1.7530482 1.6191434 3.1622982 2.3377557 54.12107 1.8829224109649658 0.7081332802772522
Car 0.0 0 2.209772825241089 0.0 175.40716552734375 307.1637878417969 375.0 4.2273264 1.6984454 1.6712732 -4.8339243 1.7315634 7.108741 1.6125980615615845 0.7000768184661865
Car 0.0 0 -1.35200834274292 751.6646728515625 182.47450256347656 778.6290893554688 199.84991455078125 3.7722857 1.4549072 1.585195 13.923116 2.3455443 64.723434 -1.140120267868042 0.21965958178043365
Car 0.0 0 -2.8719699382781982 516.0674438476562 176.91903686523438 577.3491821289062 198.62904357910156 3.9904733 1.4703019 1.5808691 -4.435012 1.7611893 50.42771 -2.9596922397613525 0.1649184226989746
Car 0.0 0 1.584868311882019 675.1576538085938 185.2255096435547 693.2827758789062 203.0467071533203 4.12477 1.5361565 1.6261784 6.9299526 2.7274196 67.31093 1.6874611377716064 0.1461104303598404
