Car 0.0 0 -1.7705349922180176 709.5199584960938 189.05029296875 831.8328857421875 274.2401428222656 4.182476 1.3875767 1.5656837 3.0324926 1.7636608 14.64094 -1.5662987232208252 0.977905809879303
Car 0.0 0 -2.0306453704833984 805.1992797851562 204.54371643066406 1242.0 375.0 4.027735 1.3708538 1.5491714 2.7345064 1.699794 5.4614697 -1.5664454698562622 0.9700924754142761
Car 0.0 0 1.6432701349258423 535.8890380859375 179.62234497070312 580.0380249023438 217.06907653808594 3.7297506 1.4083685 1.5455825 -2.1249666 1.7046102 29.674261 1.5717823505401611 0.9406459331512451
Car 0.0 0 -1.7097680568695068 655.2357788085938 174.9768524169922 704.2828979492188 213.3912811279297 4.0871496 1.6525056 1.6919698 3.1166875 1.7571009 33.34631 -1.6165745258331299 0.9351649284362793
Car 0.0 0 3.7643799781799316 0.0 168.98619079589844 262.5020751953125 293.7754821777344 3.6377673 1.4539535 1.5839084 -6.6895604 1.4092463 9.206197 3.1359996795654297 0.8873059153556824
Car 0.0 0 0.4634569585323334 97.94047546386719 181.90753173828125 409.85833740234375 289.7660217285156 4.306735 1.6268656 1.7403386 -5.7604733 1.7882482 11.930928 0.013648748397827148 0.8824331164360046
Car 0.0 0 0.8069754242897034 0.0 164.4334259033203 253.14114379882812 363.92376708984375 4.268004 1.5812414 1.7034361 -5.9230046 1.5148544 6.749817 0.08672785758972168 0.8801395297050476
Car 0.0 0 3.310445785522461 323.63226318359375 177.03884887695312 474.6722717285156 233.84402465820312 3.9638684 1.5462813 1.6606131 -6.0282307 1.6736059 20.840446 3.028874397277832 0.8623440861701965
Car 0.0 0 0.04577521234750748 460.5094299316406 177.61326599121094 544.65869140625 208.0006561279297 4.1360574 1.4859308 1.6469122 -5.441155 1.7347171 36.631622 -0.10168371349573135 0.8361158967018127
Car 0.0 0 0.4934632182121277 228.05409240722656 185.22341918945312 440.47357177734375 261.67138671875 3.7928445 1.4192307 1.479149 -5.592901 1.6882002 14.68751 0.1296234130859375 0.8325499296188354
Car 0.0 0 0.3970101475715637 275.70489501953125 177.4656219482422 452.2891845703125 239.47003173828125 3.957887 1.4893302 1.5837798 -6.2413154 1.6132053 18.394642 0.06989860534667969 0.6945889592170715
