Pedestrian 0.0 0 0.6580036878585815 777.4734497070312 125.98591613769531 955.0411376953125 370.0 0.7086112 1.6930082 0.63716835 1.4183676 1.4202688 4.02537 0.996776819229126 0.8581115007400513
Pedestrian 0.0 0 2.0505805015563965 469.2281799316406 144.59898376464844 495.4894714355469 192.6846923828125 0.8771496 1.8288411 0.6756818 -4.773627 0.4649282 27.406414 1.87813138961792 0.7523162961006165
Pedestrian 0.0 0 0.19720792770385742 941.5034790039062 150.30618286132812 1091.959716796875 370.0 0.7108357 1.6333762 0.59703165 2.5095098 1.4665705 4.399932 0.7155420780181885 0.6274256706237793
Pedestrian 0.0 0 -2.8316142559051514 430.8092041015625 149.2826385498047 459.1131286621094 206.94915771484375 0.72441363 1.8020202 0.61307245 -5.1030736 0.8280626 22.426195 -3.055354118347168 0.5693274140357971
Pedestrian 0.0 0 1.5171715021133423 637.7520751953125 142.6563720703125 661.4841918945312 202.7935791015625 0.8572793 1.8479924 0.694789 1.3593999 0.6866295 22.153654 1.578456997871399 0.5042812824249268
Pedestrian 0.0 0 -2.780406951904297 483.9533996582031 147.8596649169922 503.5821838378906 184.32730102539062 0.8342143 1.8821123 0.6570653 -5.813939 0.19894782 36.8927 -2.9367120265960693 0.3810041546821594
Pedestrian 0.0 0 -0.3969983458518982 1084.22265625 100.4038314819336 1224.0 370.0 0.8664201 1.7319824 0.55190575 3.6675253 1.255701 4.5982413 0.276273250579834 0.31121376156806946
Pedestrian 0.0 0 2.146770477294922 547.2689208984375 142.89076232910156 571.80517578125 188.50656127929688 0.77783096 1.8345636 0.6907952 -1.880995 0.32349956 28.939098 2.0818634033203125 0.29420164227485657
Pedestrian 0.0 0 -1.5080701112747192 423.8881530761719 181.00088500976562 471.0794982910156 286.3796691894531 0.63080525 1.7686739 0.76195997 -2.7594945 1.7792522 12.237361 -1.7298580408096313 0.22779978811740875
Pedestrian 0.0 0 0.7173791527748108 282.0981140136719 175.30223083496094 322.26275634765625 257.9979248046875 0.5892442 1.5934256 0.43034583 -6.000282 1.4949051 13.913671 0.3102259635925293 0.20788687467575073
Pedestrian 0.0 0 -0.8195302486419678 273.7651062011719 130.29135131835938 368.0643615722656 240.5321044921875 1.7292758 1.8290685 0.526258 -5.0721793 0.9976783 12.627408 -1.201484203338623 0.11238795518875122
Cyclist 0.0 0 3.106804847717285 393.10357666015625 138.9962158203125 486.18707275390625 232.24639892578125 1.759978 1.7781795 0.59684855 -3.3136277 0.98838174 13.997883 2.8743603229522705 0.7309858202934265
Cyclist 0.0 0 -0.7891829609870911 279.757568359375 137.81112670898438 370.6380310058594 243.54278564453125 1.7366059 1.7715063 0.42208025 -5.0347233 1.057915 12.72269 -1.1660010814666748 0.3794468343257904
Cyclist 0.0 0 0.7196356654167175 611.9833374023438 152.47579956054688 649.7399291992188 199.1295928955078 1.4016806 1.7160064 0.55963355 0.94308835 0.6867454 26.685549 0.7549617290496826 0.23324905335903168
Cyclist 0.0 0 0.5472509860992432 369.95654296875 168.8282470703125 490.776123046875 293.6087951660156 1.6993247 1.7964286 0.6305329 -2.6931217 1.6300589 10.727399 0.301283597946167 0.196785107254982
Cyclist 0.0 0 -2.696013927459717 246.94984436035156 137.91793823242188 326.6441955566406 210.60215759277344 1.7552043 1.7586011 0.4649676 -7.8378496 0.7299242 17.3533 -3.1202502250671387 0.17571038007736206
Car 0.0 0 1.8998329639434814 0.0 84.50559997558594 283.45025634765625 370.0 3.9821272 1.6026454 1.590933 -3.120585 1.31721 4.248185 1.2662811279296875 0.28192657232284546
Car 0.0 0 -2.214035987854004 46.971336364746094 153.24842834472656 147.33584594726562 185.3672332763672 4.4082775 1.4969184 1.6520365 -24.715908 0.22829238 34.396366 -2.837110996246338 0.1758352369070053
