Pedestrian 0.0 0 -0.568250298500061 948.6305541992188 138.87950134277344 1077.211669921875 312.5314025878906 1.019051 1.812853 0.6686101 4.3881664 1.3800437 7.736806 -0.05231233313679695 0.8079255819320679
Pedestrian 0.0 0 -0.6761860847473145 1014.4226684570312 174.44143676757812 1073.1046142578125 275.4413757324219 0.618372 1.6339482 0.5524024 7.2370205 1.5375879 11.745779 -0.12398485094308853 0.2356153130531311
Pedestrian 0.0 0 -1.2412512302398682 837.649169921875 176.18531799316406 871.2855834960938 246.52169799804688 0.65364116 1.7255435 0.62107813 6.242691 1.6212904 17.78976 -0.9037616848945618 0.16220451891422272
Pedestrian 0.0 0 2.545194149017334 937.8051147460938 152.34329223632812 1001.732421875 260.3059997558594 0.72858685 1.7248403 0.5895039 5.9452066 1.2766562 11.628497 3.017810583114624 0.1402408331632614
Pedestrian 0.0 0 0.9549928903579712 834.4047241210938 140.56793212890625 891.3073120117188 245.42237854003906 0.811432 1.801301 0.591955 4.544483 1.1169522 12.611417 1.3008553981781006 0.12260040640830994
Pedestrian 0.0 0 2.4899842739105225 11.923809051513672 172.71463012695312 74.66524505615234 264.21917724609375 0.74676794 1.7958776 0.6622413 -11.405301 1.6447116 14.314516 1.8172192573547363 0.11223243921995163
Cyclist 0.0 0 -1.7941670417785645 759.2672729492188 130.15045166015625 802.5018310546875 238.46090698242188 0.9408701 1.8419409 0.542074 3.0504713 0.9873382 12.493925 -1.5546958446502686 0.12716147303581238
Cyclist 0.0 0 -1.9766985177993774 850.5345458984375 137.40419006347656 915.5587768554688 252.98545837402344 1.6605493 1.8259579 0.39400735 4.6390657 1.1467842 12.002019 -1.6078633069992065 0.1099102646112442
Car 0.0 0 -1.2465392351150513 498.78662109375 144.95220947265625 581.6715698242188 198.54832458496094 3.2872112 1.492703 1.5366377 -1.9161373 0.5042393 21.464426 -1.3355735540390015 0.20054739713668823
Car 0.0 0 -3.8578264713287354 1134.9512939453125 190.10293579101562 1224.0 247.0263214111328 3.4937832 1.4276224 1.6239216 16.428728 1.6958953 18.816874 -3.1400821208953857 0.12192313373088837
