Pedestrian 0.0 0 0.6739261150360107 118.13114929199219 154.04103088378906 200.09951782226562 308.5704650878906 0.623494 1.8472692 0.60100293 -5.573504 1.5326558 8.7796335 0.10829496383666992 0.8286857604980469
Pedestrian 0.0 0 -0.6274517178535461 1028.0611572265625 167.51405334472656 1092.0574951171875 273.2977600097656 0.6820518 1.7127029 0.58250886 7.5102916 1.5041057 11.753391 -0.058855850249528885 0.22856932878494263
Pedestrian 0.0 0 -2.341944694519043 824.2313842773438 129.28323364257812 883.296142578125 234.65509033203125 0.7269799 1.8073426 0.6771506 4.381183 0.9305175 12.59489 -2.0071828365325928 0.1250951886177063
Pedestrian 0.0 0 1.183270812034607 59.08306121826172 189.97573852539062 93.79425811767578 256.2907409667969 0.5208759 1.8591601 0.651874 -15.246187 2.139046 20.34891 0.5402572154998779 0.11725960671901703
Pedestrian 0.0 0 1.8283947706222534 838.2147216796875 174.25143432617188 871.6514892578125 246.84609985351562 0.6975114 1.7783123 0.6375552 6.252992 1.6268427 17.782774 2.166522741317749 0.11467915773391724
Pedestrian 0.0 0 -0.4274904429912567 865.6583251953125 133.20443725585938 922.2474975585938 248.00784301757812 0.6751862 1.8618869 0.62074167 4.7620125 1.0964984 11.786745 -0.04352835193276405 0.10712843388319016
Pedestrian 0.0 0 -0.9055625200271606 772.4041137695312 171.5004425048828 811.3089599609375 245.25559997558594 0.67255265 1.8033028 0.67320853 4.6540275 1.5848633 17.7537 -0.6491872072219849 0.1062537282705307
Pedestrian 0.0 0 1.931429147720337 772.2752075195312 148.33474731445312 823.110595703125 254.04945373535156 0.7267051 1.7773134 0.64476186 3.330759 1.2381889 12.365414 2.194545269012451 0.10227156430482864
Pedestrian 0.0 0 1.3724365234375 1111.9403076171875 166.1638946533203 1164.6334228515625 270.50286865234375 0.652139 1.6698328 0.5785148 8.789732 1.4420534 11.729377 2.0155391693115234 0.10064510256052017
Cyclist 0.0 0 -2.021672248840332 836.1234741210938 135.0934600830078 894.4375 242.14651489257812 1.2540078 1.8060079 0.46784765 4.560569 1.0416386 12.570798 -1.673648476600647 0.16029179096221924
Car 0.0 0 -1.2023334503173828 486.2057800292969 141.0785369873047 577.6116943359375 198.8975372314453 3.458707 1.5761061 1.5759696 -2.1250908 0.5030841 21.145065 -1.3024976253509521 0.10626652091741562
