Pedestrian 0.0 0 -0.23749065399169922 1100.441650390625 176.5892333984375 1127.666259765625 217.49078369140625 0.8585612 1.721362 0.5032766 21.487387 1.8833284 30.825043 0.37126994132995605 0.2882154881954193
Pedestrian 0.0 0 1.5430560111999512 1218.984130859375 145.45018005371094 1242.0 207.57652282714844 0.50256926 2.0254662 0.7080687 20.631445 1.1323949 23.939514 2.2543697357177734 0.28783246874809265
Pedestrian 0.0 0 1.4166231155395508 1165.1065673828125 168.0252685546875 1192.824951171875 217.89405822753906 0.8165683 1.7234529 0.6486553 20.01511 1.5569316 25.448273 2.0830790996551514 0.27695712447166443
Pedestrian 0.0 0 -1.8232994079589844 1201.1961669921875 150.41873168945312 1234.30615234375 205.5300750732422 0.87248045 1.9276227 0.708068 21.660767 1.1432652 25.780708 -1.1245265007019043 0.2714659571647644
Pedestrian 0.0 0 0.22578275203704834 1040.0067138671875 177.6419219970703 1072.649169921875 230.1542205810547 0.79007155 1.7155284 0.7231741 14.926775 1.8800486 24.201591 0.7784407138824463 0.2137168049812317
Pedestrian 0.0 0 2.143364906311035 1183.116943359375 188.59788513183594 1229.5018310546875 234.73284912109375 1.5836498 1.7112288 0.6107795 22.812492 2.326659 27.654442 2.8331127166748047 0.16654880344867706
Pedestrian 0.0 0 -0.3042415976524353 1070.4736328125 183.2760467529297 1100.687744140625 231.1319580078125 0.77923864 1.816576 0.79274327 18.461428 2.2297113 28.086685 0.2772495746612549 0.1644940972328186
Cyclist 0.0 0 -1.7432224750518799 1024.7706298828125 184.73899841308594 1049.3795166015625 230.55482482910156 1.6747096 1.7521535 0.56721413 17.069878 2.243693 28.933298 -1.2102080583572388 0.21283523738384247
Cyclist 0.0 0 2.143364906311035 1183.116943359375 188.59788513183594 1229.5018310546875 234.73284912109375 1.5836498 1.7112288 0.6107795 22.812492 2.326659 27.654442 2.8331127166748047 0.212478905916214
Cyclist 0.0 0 1.5364019870758057 1211.0325927734375 211.87681579589844 1242.0 326.4592590332031 1.8444315 1.596647 0.47453114 9.871757 2.266696 11.511492 2.2452666759490967 0.14912822842597961
Car 0.0 0 -1.756281852722168 980.5322265625 190.37600708007812 1242.0 375.0 3.770739 1.4454466 1.6071862 4.5876245 1.6647489 6.9637113 -1.1737520694732666 0.9645471572875977
Car 0.0 0 -1.6720950603485107 918.7543334960938 190.36727905273438 977.23291015625 235.47116088867188 4.0452013 1.5189582 1.6502028 13.066753 2.2561073 28.171455 -1.237800121307373 0.9482069611549377
Car 0.0 0 1.106452226638794 1101.2274169921875 184.98504638671875 1159.8408203125 206.49656677246094 4.093809 1.4337851 1.8256588 37.903584 2.3565912 52.69753 1.7299922704696655 0.25015148520469666
Car 0.0 0 -0.12179207801818848 1117.823974609375 191.16934204101562 1212.3634033203125 225.22598266601562 3.3856812 1.4679822 1.722503 26.33848 2.3827405 34.420025 0.5313713550567627 0.20035234093666077
