Pedestrian 0.0 0 0.734417736530304 0.0 164.03897094726562 71.47281646728516 317.1025390625 0.7746645 1.7256044 0.51601374 -6.909426 1.6265836 8.407445 0.04651141166687012 0.3820767104625702
Car 0.0 0 -2.6770966053009033 239.31253051757812 178.6931610107422 405.1724853515625 245.5447235107422 3.3476346 1.5030085 1.5717425 -6.8797107 1.6509613 17.308361 -3.0554277896881104 0.9670881628990173
Car 0.0 0 1.1486564874649048 770.544189453125 189.3174285888672 1091.51806640625 375.0 3.6750412 1.4588153 1.6342758 2.9719727 1.6777089 7.6962786 1.5171726942062378 0.9622241854667664
Car 0.0 0 0.36734697222709656 284.8907470703125 180.11964416503906 460.4827880859375 236.510498046875 4.2859507 1.4594792 1.6352043 -6.4869742 1.6689441 19.836847 0.05129241943359375 0.9303868412971497
Car 0.0 0 -1.610292911529541 645.0333862304688 179.8597869873047 680.0269775390625 210.3487548828125 4.1065483 1.3830739 1.5564293 2.5151968 1.7508184 35.758793 -1.540070652961731 0.7778563499450684
Car 0.0 0 0.7918974757194519 977.3136596679688 0.0 1242.0 375.0 3.6961155 1.498642 1.582367 2.5928965 1.2914842 2.121274 1.6770074367523193 0.7765889167785645
Car 0.0 0 0.20702314376831055 386.2432556152344 181.30870056152344 508.54522705078125 222.24234008789062 4.35065 1.5082504 1.6412588 -6.232996 1.844174 27.784695 -0.013655375689268112 0.7224650382995605
Car 0.0 0 0.12835019826889038 450.28155517578125 181.67344665527344 536.2758178710938 211.18051147460938 4.203391 1.4636341 1.6195732 -6.0010386 1.9292741 37.187042 -0.03164491057395935 0.6920161843299866
Car 0.0 0 -2.744391918182373 329.8700256347656 182.38070678710938 477.5294189453125 232.2262420654297 4.106369 1.4445006 1.5667996 -6.373831 1.7530732 22.319284 -3.0225627422332764 0.6538217663764954
Car 0.0 0 -0.153192937374115 792.4054565429688 159.38671875 896.510498046875 201.1351318359375 3.6680415 1.5730578 1.6447867 9.069565 1.0659761 28.283642 0.15711283683776855 0.42532384395599365
Car 0.0 0 -2.1288137435913086 1093.10302734375 161.23028564453125 1242.0 246.51527404785156 4.230862 1.5667771 1.7272364 12.384478 1.3535949 15.454789 -1.4532588720321655 0.3816206455230713
