Pedestrian 0.0 0 0.04417648911476135 812.0692749023438 183.8818817138672 864.7908935546875 269.2721252441406 1.1016694 1.8422502 0.66098356 5.081422 2.0977402 16.19149 0.34827518463134766 0.2539501488208771
Pedestrian 0.0 0 -0.5560193657875061 141.25807189941406 198.42225646972656 178.0231475830078 246.37437438964844 1.0077261 1.7683784 0.6591385 -17.414001 2.776566 27.840784 -1.1149675846099854 0.21119312942028046
Pedestrian 0.0 0 0.2600957155227661 486.3392639160156 175.95907592773438 497.35101318359375 197.27151489257812 0.84194326 1.8192981 0.46514496 -10.164255 2.0874012 61.941853 0.09745168685913086 0.20085345208644867
Pedestrian 0.0 0 -3.37349534034729 927.8815307617188 219.61537170410156 1050.0494384765625 333.2696533203125 1.7876582 1.8339862 0.64789224 6.5270524 2.6861756 12.609529 -2.8958444595336914 0.1680496633052826
Cyclist 0.0 0 -3.37349534034729 927.8815307617188 219.61537170410156 1050.0494384765625 333.2696533203125 1.7876582 1.8339862 0.64789224 6.5270524 2.6861756 12.609529 -2.8958444595336914 0.3259875476360321
Cyclist 0.0 0 1.5903950929641724 253.68972778320312 191.80856323242188 266.1142883300781 224.45936584472656 1.4874372 1.6575651 0.5668557 -18.6354 2.6861138 38.343067 1.137995958328247 0.1988547146320343
Cyclist 0.0 0 -0.39632028341293335 135.07337951660156 200.37057495117188 182.2866973876953 249.62850952148438 1.4126627 1.7904074 0.6244812 -17.436916 2.8809307 27.82639 -0.9560925960540771 0.16069763898849487
Cyclist 0.0 0 1.4449905157089233 701.06494140625 179.1027069091797 718.4752197265625 219.98974609375 1.5440321 1.6103823 0.51030403 4.0181656 1.8723176 29.427063 1.5806978940963745 0.1541179120540619
Car 0.0 0 1.679650902748108 505.4082946777344 180.189453125 529.729736328125 198.85604858398438 4.1514683 1.4974062 1.6203423 -7.879883 2.145406 61.611027 1.5524442195892334 0.5901921987533569
Car 0.0 0 1.4478905200958252 637.4380493164062 181.29132080078125 673.9378662109375 209.19488525390625 4.233755 1.5430895 1.6730196 2.6610143 2.0759614 43.372158 1.5091667175292969 0.28510406613349915
Car 0.0 0 1.4660325050354004 651.8002319335938 185.38800048828125 700.1016845703125 223.6312713623047 4.1148286 1.4424212 1.6049169 2.6913025 2.0110512 30.639795 1.5536444187164307 0.23122642934322357
Car 0.0 0 -0.8457965850830078 918.991455078125 219.1348114013672 1141.1988525390625 320.32342529296875 3.5391285 1.5099596 1.6018177 7.659589 2.4479573 13.294158 -0.32308945059776306 0.21444523334503174
Car 0.0 0 1.6379368305206299 221.01377868652344 197.729248046875 263.96051025390625 228.7091522216797 3.2029083 1.4253491 1.8033078 -19.31599 2.7972987 37.95508 1.1671810150146484 0.18148759007453918
Car 0.0 0 3.0478620529174805 0.0 199.98370361328125 64.61088562011719 226.88320922851562 3.6891687 1.5334406 1.6937474 -37.86988 3.3665383 46.84588 2.3680243492126465 0.17816151678562164
