Pedestrian 0.0 0 -1.7615331411361694 498.87847900390625 166.16836547851562 512.8001098632812 199.24066162109375 0.7522634 1.9509047 0.69086784 -6.2479215 1.5568831 43.02891 -1.9057282209396362 0.3510289788246155
Pedestrian 0.0 0 2.0304620265960693 238.4745635986328 171.59519958496094 285.3709411621094 244.6155242919922 1.0633091 1.8364294 0.69552857 -9.043191 1.805129 18.678297 1.5795706510543823 0.17503294348716736
Pedestrian 0.0 0 -2.0598411560058594 440.4601745605469 164.32183837890625 459.2303466796875 204.9750213623047 0.53961873 1.9330459 0.7122668 -7.7504973 1.5277023 34.742756 -2.279329538345337 0.17225278913974762
Pedestrian 0.0 0 -0.777119517326355 519.289306640625 171.798095703125 531.18212890625 193.3536376953125 0.723641 1.7899263 0.6746369 -7.1189737 1.702604 60.40557 -0.8944313526153564 0.15748457610607147
Pedestrian 0.0 0 2.010110378265381 270.5109558105469 172.93853759765625 316.2739562988281 244.3268280029297 1.1091448 1.7843314 0.67411846 -8.192149 1.7869347 18.595848 1.595154047012329 0.15718823671340942
Car 0.0 0 1.7283703088760376 535.8353271484375 179.4494171142578 576.72265625 211.1722412109375 4.0358677 1.6449468 1.6686966 -2.9851632 2.033248 40.3575 1.6545367240905762 0.944637656211853
Car 0.0 0 -1.639847755432129 671.2428588867188 176.22714233398438 710.3790283203125 210.60975646972656 3.8666127 1.526928 1.5785441 3.7597373 1.6972431 34.38908 -1.530950903892517 0.9224115610122681
Car 0.0 0 1.3895455598831177 703.48046875 169.6967010498047 794.3339233398438 237.91143798828125 4.0350266 1.5967737 1.6014973 3.4646285 1.5232254 18.904558 1.5708035230636597 0.8593576550483704
Car 0.0 0 -1.4371412992477417 583.6964721679688 178.33140563964844 615.5462036132812 204.059326171875 4.225353 1.7092195 1.7075233 -0.7192172 2.1139672 51.06814 -1.4512238502502441 0.7956148386001587
Car 0.0 0 1.6901220083236694 655.53125 173.46475219726562 685.9072265625 197.85084533691406 3.895923 1.5406537 1.5521673 4.0247135 1.5831791 47.75025 1.774209976196289 0.1768457144498825
