Pedestrian 0.0 0 0.49630409479141235 898.344482421875 126.89078521728516 976.7365112304688 266.79595947265625 0.79950637 1.6837115 0.41949084 4.079206 1.1309177 9.125574 0.9166672229766846 0.19866231083869934
Pedestrian 0.0 0 2.1608662605285645 128.25730895996094 178.81005859375 154.64784240722656 212.8501434326172 1.2658621 1.7830563 0.5805553 -25.126019 2.1077523 38.651867 1.5844491720199585 0.10079395025968552
Cyclist 0.0 0 -0.893661379814148 111.99761962890625 180.29283142089844 148.46617126464844 220.00567626953125 1.6785738 1.7479109 0.43066552 -21.91719 2.0966172 32.930454 -1.4808974266052246 0.26232922077178955
Cyclist 0.0 0 2.1608662605285645 128.25730895996094 178.81005859375 154.64784240722656 212.8501434326172 1.2658621 1.7830563 0.5805553 -25.126019 2.1077523 38.651867 1.5844491720199585 0.15903577208518982
Car 0.0 0 -1.579633116722107 582.6471557617188 178.06016540527344 613.2324829101562 208.7015380859375 4.4296203 1.6754435 1.7054539 -0.7668918 1.9982355 42.44742 -1.5976979732513428 0.8125466108322144
Car 0.0 0 -1.3069448471069336 378.4519958496094 179.48143005371094 456.3672180175781 225.33306884765625 4.15357 1.4726771 1.6659628 -6.8339753 1.7296574 25.85478 -1.5653564929962158 0.342328280210495
Car 0.0 0 1.7343642711639404 429.70050048828125 181.7156524658203 478.0971984863281 218.0643768310547 3.7035472 1.4630339 1.5048499 -6.8672686 1.8777015 31.845123 1.5219708681106567 0.31739887595176697
Car 0.0 0 -3.301203966140747 1046.7017822265625 187.19960021972656 1228.30517578125 238.14784240722656 4.397119 1.4122292 1.5945916 16.301828 1.8967249 22.650562 -2.6773722171783447 0.28147801756858826
Car 0.0 0 -0.7976981401443481 0.0 180.1385040283203 112.90788269042969 375.0 4.281459 1.4886779 1.6563381 -6.528986 1.5731058 6.1507955 -1.612913727760315 0.15768840909004211
Car 0.0 0 1.941380500793457 169.6785125732422 184.34742736816406 362.4692077636719 282.9040832519531 4.443201 1.4790456 1.746045 -6.243644 1.732613 13.62401 1.5116603374481201 0.15056978166103363
