Car 0.0 0 -1.7313346862792969 687.478759765625 185.56259155273438 773.6506958007812 249.57435607910156 3.800586 1.4682492 1.6456045 3.0481873 1.8404456 19.20573 -1.5739351511001587 0.9773984551429749
Car 0.0 0 1.7460424900054932 476.6705627441406 184.1649627685547 526.9737548828125 222.8576202392578 3.8684573 1.7018087 1.7538605 -5.194997 2.2789612 34.834198 1.5979986190795898 0.9415400624275208
Car 0.0 0 -1.6850606203079224 672.2363891601562 182.48147583007812 733.33251953125 230.61627197265625 4.1835194 1.4803364 1.6207161 3.0979424 1.8439791 25.12536 -1.5623804330825806 0.9297176599502563
Car 0.0 0 -2.9434878826141357 974.4495239257812 165.1520538330078 1148.5726318359375 234.24757385253906 3.4792118 1.5723112 1.5924488 11.260058 1.3974068 18.186468 -2.3891100883483887 0.846060037612915
Car 0.0 0 -2.404508590698242 953.9256591796875 197.99728393554688 1242.0 375.0 4.1196957 1.4812146 1.6796515 3.6387641 1.6848958 3.7254658 -1.6308832168579102 0.840471625328064
Car 0.0 0 2.3889026641845703 0.0 219.4492950439453 173.43014526367188 375.0 3.8924787 1.486931 1.609425 -4.9595237 1.9232116 4.789321 1.5860474109649658 0.7821035385131836
Car 0.0 0 -2.9067721366882324 858.0250244140625 176.973876953125 1002.4979858398438 224.96136474609375 4.241614 1.4853777 1.6196371 10.806756 1.6371534 24.589031 -2.4926884174346924 0.6946749091148376
Car 0.0 0 1.6597869396209717 502.79730224609375 182.61477661132812 538.453857421875 214.79933166503906 4.0104966 1.6436659 1.6183023 -4.95377 2.2141387 40.109905 1.5369043350219727 0.6365757584571838
Car 0.0 0 -1.6952455043792725 651.967529296875 180.00534057617188 680.3922729492188 202.27777099609375 3.6794388 1.5475073 1.6398109 4.08064 2.0938966 53.212463 -1.6187094449996948 0.5954723358154297
Car 0.0 0 0.3577546775341034 270.87408447265625 189.89918518066406 361.35211181640625 219.04452514648438 4.2549353 1.5078708 1.6320934 -15.9602375 2.455724 39.22893 -0.028641730546951294 0.5938971638679504
Car 0.0 0 0.09157699346542358 939.86572265625 178.7431640625 1091.3421630859375 233.31834411621094 3.7354765 1.4388255 1.4827735 11.739106 1.6245929 21.046602 0.6003639698028564 0.4862113296985626
