Cyclist 0.0 0 -1.6410239934921265 762.7822875976562 162.63088989257812 807.4287109375 281.7510681152344 1.8070885 1.8307111 0.5855873 2.8374243 1.6739539 12.02515 -1.4093048572540283 0.9048870801925659
Cyclist 0.0 0 1.4439681768417358 742.1187133789062 174.00079345703125 780.4598388671875 257.8956604003906 1.757866 1.676959 0.57152814 3.1431806 1.7031336 15.342419 1.646040678024292 0.36258912086486816
Car 0.0 0 1.87904691696167 391.3261413574219 189.99282836914062 527.03515625 279.7325744628906 3.6325457 1.4392396 1.5630211 -2.8544872 1.8214533 14.182354 1.6804301738739014 0.9734655022621155
Car 0.0 0 1.8105666637420654 610.3030395507812 179.9448699951172 658.44580078125 210.6705780029297 3.9032042 1.4776034 1.6389033 1.2943782 1.8697761 37.76617 1.8448266983032227 0.9387689232826233
Car 0.0 0 -2.826737642288208 442.1716613769531 179.18994140625 524.6590576171875 212.65122985839844 3.4986827 1.493772 1.4564689 -5.896935 1.7971675 33.540585 -3.0007739067077637 0.7942864894866943
Car 0.0 0 1.5774909257888794 643.5292358398438 179.2435302734375 672.4392700195312 209.79397583007812 3.9503176 1.658626 1.6023 2.772 2.0493102 42.04688 1.6433221101760864 0.5588574409484863
Car 0.0 0 -1.3846625089645386 765.6051025390625 175.85446166992188 799.9175415039062 198.9511260986328 3.8228905 1.479683 1.5794413 11.695277 1.6916915 48.826817 -1.1495660543441772 0.37801316380500793
Car 0.0 0 1.6465654373168945 662.5845947265625 179.38607788085938 690.2437133789062 202.5404510498047 4.132509 1.5222558 1.6341208 4.6869125 2.002516 50.833946 1.7385059595108032 0.3736654818058014
Car 0.0 0 1.8021572828292847 677.1160888671875 177.5382080078125 710.691650390625 201.07891845703125 4.3322806 1.7277493 1.6491158 6.5501137 2.1079764 56.19359 1.9181970357894897 0.30872172117233276
Car 0.0 0 1.3261957168579102 780.834716796875 173.11776733398438 816.123046875 195.1280517578125 4.2024703 1.6017182 1.6096203 14.201912 1.6228309 54.66393 1.5803802013397217 0.29229238629341125
