Pedestrian 0.0 0 -1.741395115852356 813.0573120117188 173.10890197753906 886.7889404296875 350.1437683105469 0.71678734 1.6884706 0.58657676 2.3447108 1.6915398 7.2761493 -1.4296560287475586 0.7076191902160645
Pedestrian 0.0 0 -1.4140819311141968 124.32711029052734 186.7104034423828 155.66085815429688 239.04078674316406 0.83176374 1.6648321 0.7454829 -15.516566 2.1318603 23.765915 -1.9924871921539307 0.5438713431358337
Pedestrian 0.0 0 0.38378238677978516 877.5592651367188 116.64655303955078 1022.8540649414062 368.546630859375 0.7994575 1.708942 0.66085714 2.489032 1.3279771 5.409838 0.8149983882904053 0.38999658823013306
Pedestrian 0.0 0 2.4500632286071777 26.303516387939453 191.8415985107422 77.23614501953125 259.16925048828125 0.81153935 1.7455623 0.7229303 -15.08413 2.2702336 19.446646 1.7903363704681396 0.258200079202652
Pedestrian 0.0 0 3.251840591430664 80.53888702392578 189.55479431152344 115.20423126220703 250.31048583984375 0.76113826 1.7248716 0.7003257 -15.114748 2.2283535 21.243002 2.633427143096924 0.21061035990715027
Pedestrian 0.0 0 0.2666853070259094 964.9349975585938 144.45741271972656 1242.0 375.0 1.5007694 1.686302 0.5654652 2.7414615 1.5639722 3.873818 0.8825535774230957 0.10521730780601501
Cyclist 0.0 0 0.2666853070259094 964.9349975585938 144.45741271972656 1242.0 375.0 1.5007694 1.686302 0.5654652 2.7414615 1.5639722 3.873818 0.8825535774230957 0.43832674622535706
Cyclist 0.0 0 -2.646876335144043 855.2249755859375 129.4491424560547 1090.47265625 360.450439453125 1.8388385 1.7899503 0.56413585 3.118908 1.4539788 6.4977493 -2.199357748031616 0.3486413061618805
Cyclist 0.0 0 1.9774340391159058 349.8862609863281 178.7347869873047 370.41583251953125 208.8235626220703 1.8014317 1.7441472 0.48772353 -14.945133 2.1032462 43.096596 1.643628716468811 0.22416192293167114
Cyclist 0.0 0 1.408745288848877 747.2274780273438 174.8458709716797 760.4746704101562 203.07534790039062 1.75538 1.7525117 0.5462512 9.092068 1.8817662 45.80253 1.604703664779663 0.20221322774887085
Cyclist 0.0 0 0.15397289395332336 882.9488525390625 116.41825103759766 1014.45361328125 370.7330322265625 0.8012582 1.7283452 0.6857514 2.4892297 1.3451608 5.408024 0.5853464603424072 0.13917207717895508
Car 0.0 0 1.8609910011291504 350.72210693359375 189.90516662597656 416.15350341796875 228.00991821289062 3.7837648 1.4127139 1.6088688 -9.486447 2.1753538 30.352041 1.55806303024292 0.9326851963996887
Car 0.0 0 -1.5123189687728882 602.3779907226562 180.3379364013672 630.615966796875 205.74697875976562 3.5588467 1.5271833 1.6076205 0.41876367 2.0264866 46.271885 -1.5032691955566406 0.8360287547111511
Car 0.0 0 1.343743085861206 1184.6865234375 148.60220336914062 1242.0 180.65570068359375 3.640302 1.6595917 1.6569557 32.8213 0.40429673 39.353508 2.038881778717041 0.28887438774108887
Car 0.0 0 3.5667552947998047 16.2631778717041 183.28321838378906 169.68252563476562 233.79421997070312 3.7684166 1.5530777 1.679903 -17.01909 1.9155447 23.861357 2.947192668914795 0.27445587515830994
Car 0.0 0 -1.3315277099609375 358.8802490234375 167.4847412109375 399.6321105957031 194.46824645996094 4.207229 1.7697694 1.7140995 -15.792678 1.4179732 49.47901 -1.6404860019683838 0.24044404923915863
Car 0.0 0 1.911616563796997 58.6756591796875 179.83929443359375 106.75516510009766 203.8828582763672 3.814229 1.6317123 1.6289978 -38.123882 2.1576076 52.221764 1.2810138463974 0.22584587335586548
