Pedestrian 0.0 0 1.1489968299865723 854.8239135742188 164.58306884765625 880.3733520507812 211.57528686523438 0.8745648 1.9147636 0.6978227 10.612989 1.578111 29.861176 1.4904838800430298 0.6707212924957275
Pedestrian 0.0 0 -1.180382490158081 0.0 160.01466369628906 66.55001068115234 282.98138427734375 0.8914122 1.7590342 0.5186574 -8.7040205 1.5757257 10.819712 -1.8578368425369263 0.21554061770439148
Pedestrian 0.0 0 1.9372698068618774 213.8380126953125 167.62196350097656 244.78094482421875 233.94549560546875 0.5665674 1.7630808 0.575588 -10.327741 1.6243554 19.4938 1.4500703811645508 0.1525513380765915
Pedestrian 0.0 0 -1.3118295669555664 353.44891357421875 171.7637939453125 368.0666809082031 214.85910034179688 0.33133256 1.8386583 0.52615 -10.736823 1.7925031 30.96648 -1.645582914352417 0.12367954850196838
Pedestrian 0.0 0 -1.4762816429138184 1121.4752197265625 162.89376831054688 1152.2191162109375 232.38104248046875 1.6857594 1.5932617 0.4417152 12.609 1.3652434 17.319088 -0.8469831943511963 0.10098905116319656
Cyclist 0.0 0 -1.4785549640655518 1121.567626953125 162.0996856689453 1152.8602294921875 232.3839874267578 1.7360435 1.6068394 0.4504835 12.599572 1.3613327 17.293388 -0.8489058017730713 0.26909950375556946
Car 0.0 0 1.796492338180542 381.772705078125 188.2619171142578 542.8656616210938 302.1937255859375 3.977001 1.4878418 1.7323713 -2.2879283 1.7873138 11.985248 1.6078664064407349 0.9655512571334839
Car 0.0 0 1.749800205230713 563.333740234375 180.99606323242188 620.9495849609375 222.56028747558594 3.8401618 1.4976405 1.6414555 -0.6847665 1.8459975 28.812483 1.7260383367538452 0.946734607219696
Car 0.0 0 2.072357654571533 0.39893171191215515 153.57708740234375 156.0244903564453 219.83749389648438 3.4716306 1.4193951 1.5045594 -12.584648 1.0068132 17.271362 1.442665934562683 0.19929832220077515
Car 0.0 0 1.6672475337982178 686.8147583007812 177.22549438476562 712.82421875 197.25296020507812 4.0406065 1.4549114 1.6053858 6.9153504 1.8045319 55.49808 1.7912137508392334 0.13985730707645416
