Pedestrian 0.0 0 1.9363795518875122 295.0901184082031 170.2205352783203 361.6132507324219 298.9400634765625 0.8566753 1.7220681 0.605212 -3.8415883 1.5724925 10.035934 1.5708026885986328 0.8466256260871887
Pedestrian 0.0 0 -1.5926733016967773 792.8556518554688 158.62525939941406 869.8720703125 334.7854919433594 0.9034568 1.7488103 0.73864204 2.3853002 1.5230924 7.664731 -1.290968894958496 0.6048166155815125
Pedestrian 0.0 0 -1.578554391860962 726.4690551757812 160.70179748535156 772.7132568359375 264.1101989746094 0.4042185 1.6577328 0.7302948 2.3828268 1.3256121 11.780977 -1.378986120223999 0.5879087448120117
Pedestrian 0.0 0 1.7145671844482422 402.04522705078125 186.397216796875 455.6484680175781 286.1180725097656 0.6779656 1.6235003 0.7917404 -2.9368289 1.7098668 12.103659 1.4765276908874512 0.5495538115501404
Pedestrian 0.0 0 3.566291332244873 233.23532104492188 164.92227172851562 305.32525634765625 286.1697692871094 0.82080317 1.8586006 0.70135206 -5.281108 1.6057832 11.36363 3.13124942779541 0.47367024421691895
Pedestrian 0.0 0 -2.141413927078247 798.1595458984375 154.33216857910156 848.5694580078125 235.28018188476562 0.984691 1.7887021 0.67489874 5.0293207 1.1895964 16.435606 -1.844460368156433 0.3926602303981781
Pedestrian 0.0 0 0.42683398723602295 280.53729248046875 173.48585510253906 336.28216552734375 274.8468322753906 0.7446796 1.787222 0.6203566 -5.328199 1.6471889 12.987168 0.03750872611999512 0.36152464151382446
Pedestrian 0.0 0 -2.941621780395508 526.9739379882812 177.1998748779297 551.07373046875 216.6262969970703 0.9912401 1.7712781 0.60340005 -2.8429668 1.579031 32.625103 -3.0285427570343018 0.33980128169059753
Pedestrian 0.0 0 2.944300889968872 550.272705078125 171.5345458984375 565.7845458984375 199.9105682373047 0.9213889 1.8361924 0.5419238 -2.8248158 1.1920341 46.859695 2.884091377258301 0.32424110174179077
Pedestrian 0.0 0 -1.0737489461898804 473.8565673828125 169.50582885742188 497.5279541015625 209.02337646484375 0.8927301 1.8150314 0.75814694 -5.41017 1.2650712 33.53696 -1.233690619468689 0.23544569313526154
Pedestrian 0.0 0 0.5926969647407532 408.1638488769531 146.30274963378906 440.95904541015625 203.5666961669922 0.8882219 1.918777 0.627535 -6.057535 0.74048245 24.51423 0.3504469394683838 0.20053495466709137
Cyclist 0.0 0 2.679934501647949 778.730224609375 154.6020050048828 854.7488403320312 231.40411376953125 1.5839096 1.7177241 0.56737804 4.896642 1.1173514 16.479015 2.968769073486328 0.2602289915084839
Cyclist 0.0 0 1.619902491569519 726.7047729492188 159.9311065673828 768.891845703125 270.79266357421875 0.9209299 1.736404 0.6365257 2.367509 1.3998725 11.772946 1.8183530569076538 0.23533953726291656
Car 0.0 0 -1.7294968366622925 646.94384765625 162.27622985839844 699.281494140625 207.3588409423828 3.5290499 1.7414372 1.5917388 2.870291 0.9998859 29.555374 -1.6326847076416016 0.2851865887641907
Car 0.0 0 -1.6197054386138916 703.8052978515625 180.81019592285156 773.1305541992188 249.48321533203125 3.1320584 1.4590021 1.4268459 3.1108944 1.445577 16.905708 -1.4377267360687256 0.25351205468177795
Car 0.0 0 2.458190441131592 0.0 0.0 290.3479309082031 374.0 3.4511092 1.5369256 1.6028223 -2.4948828 1.0857995 2.045952 1.5742473602294922 0.21083371341228485
Car 0.0 0 1.546522617340088 1103.24609375 152.4089813232422 1238.0 338.1715087890625 4.022039 1.6226889 1.6567749 6.9492517 1.3699534 8.363526 2.2398228645324707 0.19287452101707458
Car 0.0 0 -3.1806318759918213 718.1947631835938 162.10572814941406 800.2421875 191.5644073486328 4.492665 1.6344706 1.7052752 8.966226 0.5592213 41.085552 -2.9657676219940186 0.18995405733585358
