Car 0.0 0 -1.6599388122558594 675.7098999023438 180.98338317871094 741.704345703125 238.9306640625 3.7658205 1.5282016 1.5931402 2.80414 1.7921231 21.476551 -1.530105710029602 0.9784753322601318
Car 0.0 0 1.9635063409805298 219.3686981201172 196.6045684814453 375.208984375 283.2237243652344 3.786452 1.4325948 1.5973246 -6.292088 1.9850771 14.871478 1.5632480382919312 0.9763228893280029
Car 0.0 0 2.203939914703369 0.0 210.48822021484375 321.9974670410156 375.0 3.6080525 1.3487213 1.6197588 -3.801596 1.7290531 5.4586935 1.5956143140792847 0.9278017282485962
Car 0.0 0 2.603087902069092 888.1783447265625 162.1122589111328 1165.0595703125 244.07373046875 4.5640106 1.5342367 1.7254466 8.124957 1.3335198 14.424401 3.1160686016082764 0.9171197414398193
Car 0.0 0 -0.33217042684555054 783.2337036132812 161.7991180419922 942.1494750976562 216.79005432128906 4.624182 1.7461691 1.7541054 8.189785 1.3954929 23.787197 -0.0005880594253540039 0.7993649840354919
Car 0.0 0 -1.3241190910339355 396.6022033691406 182.9764862060547 471.6865234375 232.7320556640625 4.0363727 1.6007569 1.6956772 -6.2918916 1.9952037 26.061768 -1.5610084533691406 0.7676501870155334
Car 0.0 0 1.792496681213379 465.9552001953125 182.94485473632812 512.5922241210938 215.71522521972656 3.8718486 1.5436035 1.5571933 -6.1972017 2.0915968 37.178562 1.6273276805877686 0.7000797986984253
Car 0.0 0 2.6812591552734375 844.9550170898438 151.74478149414062 1050.8328857421875 229.23812866210938 4.2212677 1.7883855 1.7108128 8.065748 1.3015867 17.566973 3.111690044403076 0.6378578543663025
Car 0.0 0 -1.3807796239852905 363.52508544921875 201.6865997314453 439.61956787109375 253.70901489257812 3.4981258 1.3244939 1.6129051 -6.3620286 2.284248 22.192272 -1.659969687461853 0.6199907660484314
Car 0.0 0 -0.8833667039871216 1146.0565185546875 149.096435546875 1242.0 190.5452423095703 4.1124744 1.4900624 1.6333746 22.592838 0.6363488 27.124363 -0.1888633668422699 0.5980252623558044
