Pedestrian 0.0 0 -2.7484405040740967 964.502685546875 143.17330932617188 1043.06591796875 282.1173095703125 0.7379261 1.8396028 0.7378074 5.440274 1.4469917 10.069314 -2.2530884742736816 0.15177381038665771
Pedestrian 0.0 0 2.98775053024292 535.7869262695312 160.946533203125 555.0658569335938 193.4947509765625 1.0370647 1.8540108 0.5120878 -3.74785 1.1760957 41.471188 2.897623062133789 0.14871422946453094
Pedestrian 0.0 0 0.958431601524353 981.1768798828125 122.30244445800781 1046.7034912109375 250.53298950195312 0.6854802 1.8270512 0.548065 5.8950443 1.1071416 10.647831 1.4640636444091797 0.1425628811120987
Pedestrian 0.0 0 3.3560619354248047 433.2135925292969 167.82579040527344 446.88262939453125 192.9269256591797 0.9274698 1.88156 0.45006678 -12.818802 1.5050071 54.31613 3.1242990493774414 0.12464877218008041
Pedestrian 0.0 0 3.2790162563323975 260.40789794921875 137.35585021972656 306.067626953125 224.73477172851562 0.76633656 1.6873716 0.47243807 -6.5027585 1.0022258 14.266837 2.851353406906128 0.12292428314685822
Pedestrian 0.0 0 3.3908395767211914 199.563232421875 144.0741424560547 251.58035278320312 242.53799438476562 0.69662505 1.6187248 0.3978409 -6.5099096 1.1459478 12.136096 2.8984909057617188 0.11112580448389053
Pedestrian 0.0 0 0.9940832853317261 50.29978942871094 156.2793731689453 88.17831420898438 236.30947875976562 0.47721657 1.5491177 0.40270928 -10.718589 1.2286457 14.234592 0.34866762161254883 0.1104719266295433
Cyclist 0.0 0 0.3551067113876343 452.7288513183594 166.15138244628906 491.44500732421875 207.75611877441406 1.5505667 1.7952553 0.60315317 -6.068216 1.506394 31.556717 0.1651301383972168 0.10851801931858063
Car 0.0 0 -3.4119791984558105 781.7610473632812 165.55865478515625 881.6461181640625 204.57107543945312 3.5291219 1.5181066 1.5799392 8.783375 1.2345779 28.90787 -3.1170029640197754 0.8358027935028076
Car 0.0 0 1.5678268671035767 659.6495361328125 166.0234832763672 683.69189453125 189.6929473876953 3.6053298 1.6184592 1.6401377 4.338704 1.1517631 51.197735 1.6523689031600952 0.3001019060611725
Car 0.0 0 0.3639926612377167 303.332763671875 172.7761688232422 408.5288391113281 212.31198120117188 3.6342037 1.5264498 1.538948 -10.086415 1.5238028 28.671265 0.025719404220581055 0.1374267339706421
Car 0.0 0 1.638530969619751 685.88720703125 173.78021240234375 709.795654296875 194.40830993652344 3.576322 1.4830102 1.537798 6.567146 1.5550547 53.94201 1.7596793174743652 0.1002570241689682
