Pedestrian 0.0 0 -2.123185396194458 832.8543090820312 141.16908264160156 894.3018188476562 261.4801940917969 0.6261069 1.6744193 0.5904511 3.727123 1.114437 10.361816 -1.7778973579406738 0.8640338182449341
Pedestrian 0.0 0 -1.6728242635726929 590.4188232421875 163.82594299316406 609.6099243164062 209.86793518066406 0.89146566 1.6828058 0.6245813 -0.07919529 1.0378736 26.728086 -1.6757872104644775 0.7929098010063171
Pedestrian 0.0 0 1.860586404800415 561.2399291992188 161.12002563476562 605.9228515625 254.0362091064453 0.8224276 1.7967265 0.68989724 -0.38660637 1.403891 14.374608 1.83369779586792 0.7720891237258911
Pedestrian 0.0 0 1.8227802515029907 505.3910827636719 158.30140686035156 546.1288452148438 241.70733642578125 0.9428835 1.8231002 0.70420766 -1.7330099 1.3172445 16.216385 1.7163164615631104 0.7494778633117676
Pedestrian 0.0 0 1.5553362369537354 726.6817626953125 142.69461059570312 765.4379272460938 230.009521484375 0.6435947 1.7962141 0.7852499 3.0070193 0.99916077 15.161739 1.7511249780654907 0.6381300687789917
Pedestrian 0.0 0 1.8121498823165894 551.2843627929688 161.6190948486328 573.7911987304688 211.49868774414062 0.97851723 1.8611583 0.6418103 -1.4939884 1.1203758 27.340977 1.7575613260269165 0.5505608916282654
Pedestrian 0.0 0 2.174146890640259 403.5639953613281 158.2920379638672 452.48974609375 245.6790771484375 0.7752294 1.6354508 0.5859374 -3.388704 1.2023743 13.90761 1.9351458549499512 0.48375388979911804
Pedestrian 0.0 0 -1.611840009689331 604.130615234375 161.25003051757812 623.3516845703125 208.4161376953125 0.900084 1.660163 0.65007627 0.41280437 0.94846034 25.739527 -1.5958036184310913 0.42894837260246277
Pedestrian 0.0 0 -1.542220950126648 585.875 159.7737579345703 599.0729370117188 193.72744750976562 0.8538761 1.8712717 0.7123332 -0.49688923 0.6747018 40.019238 -1.5546365976333618 0.3752061426639557
Pedestrian 0.0 0 -1.4097185134887695 380.2335205078125 194.1749267578125 447.70745849609375 309.5458068847656 0.7215546 1.5572903 0.822949 -2.683554 1.7453064 10.179911 -1.6674675941467285 0.3739466369152069
Pedestrian 0.0 0 2.513308048248291 796.8048706054688 153.18719482421875 837.9682006835938 217.5189971923828 0.88882476 1.7074864 0.59618366 5.8253736 0.9571774 19.491894 2.8037197589874268 0.33142951130867004
Pedestrian 0.0 0 2.5278708934783936 771.84423828125 151.81787109375 823.0023193359375 212.81195068359375 1.3123313 1.6651468 0.5340329 5.4486837 0.8559773 20.08322 2.7927989959716797 0.30754193663597107
Pedestrian 0.0 0 -1.2955071926116943 571.572998046875 157.3279266357422 595.146484375 210.10870361328125 1.0036074 1.8518625 0.5965481 -0.6637611 1.0048243 25.760763 -1.32126784324646 0.2995971739292145
Pedestrian 0.0 0 2.1049551963806152 656.0715942382812 160.5703887939453 673.9949340820312 202.7871551513672 0.48781648 1.7067101 0.56068057 2.5865953 0.8615784 29.399307 2.1927106380462646 0.2874838411808014
Pedestrian 0.0 0 -2.472318410873413 625.9695434570312 167.5770721435547 682.6350708007812 227.3408966064453 1.767133 1.7202452 0.48183277 1.5336629 1.3206257 21.44799 -2.4009337425231934 0.12772031128406525
Cyclist 0.0 0 1.5772819519042969 536.1621704101562 166.00352478027344 556.6478271484375 226.1709747314453 1.7069399 1.6402738 0.5574752 -1.5934557 1.218969 20.451649 1.4995256662368774 0.9005466103553772
Cyclist 0.0 0 1.7283047437667847 182.51792907714844 150.8752899169922 310.0220642089844 374.0 1.6918821 1.6616069 0.545105 -2.483522 1.4844818 5.073989 1.2731235027313232 0.8428384065628052
Cyclist 0.0 0 -2.460111379623413 621.6853637695312 168.50772094726562 684.8731689453125 227.7481689453125 1.8669288 1.6913766 0.6737981 1.4981478 1.3215747 21.390028 -2.390186071395874 0.40436282753944397
Cyclist 0.0 0 2.5278708934783936 771.84423828125 151.81787109375 823.0023193359375 212.81195068359375 1.3123313 1.6651468 0.5340329 5.4486837 0.8559773 20.08322 2.7927989959716797 0.20174720883369446
Cyclist 0.0 0 2.513308048248291 796.8048706054688 153.18719482421875 837.9682006835938 217.5189971923828 0.88882476 1.7074864 0.59618366 5.8253736 0.9571774 19.491894 2.8037197589874268 0.10683458298444748
Car 0.0 0 -1.1664272546768188 1144.0745849609375 142.62722778320312 1238.0 345.34619140625 3.661259 1.5642135 1.6163567 7.279286 1.26566 6.9370885 -0.3569631278514862 0.2731081247329712
