Pedestrian 0.0 0 0.44526228308677673 186.83094787597656 198.09954833984375 299.90789794921875 361.0761413574219 0.9499608 1.665595 0.51867914 -3.8481174 1.8502852 7.662243 -0.020158257335424423 0.7942588925361633
Pedestrian 0.0 0 2.234768867492676 1018.9153442382812 162.60174560546875 1108.3135986328125 320.04241943359375 0.58283997 1.7109891 0.6338224 5.2171555 1.506969 8.199885 2.80141544342041 0.29961031675338745
Pedestrian 0.0 0 -2.017292022705078 905.0999145507812 138.5537567138672 1084.3111572265625 374.0 1.2244762 1.8226056 0.54502875 2.4716675 1.5770072 4.7500663 -1.5375022888183594 0.28250402212142944
Pedestrian 0.0 0 -0.21228522062301636 0.0 175.96678161621094 16.771610260009766 223.54347229003906 0.52468663 1.7350363 0.7289622 -22.127363 1.5342942 26.62513 -0.905686616897583 0.248917818069458
Pedestrian 0.0 0 1.6170285940170288 598.1388549804688 138.19183349609375 620.9993896484375 205.95550537109375 0.66369826 1.8669938 0.6125906 0.20260829 0.67494035 20.137182 1.6270896196365356 0.15034154057502747
Pedestrian 0.0 0 -2.175415515899658 1089.0902099609375 175.11460876464844 1231.7735595703125 368.6479797363281 0.8015685 1.661192 0.69660133 5.0311055 1.6077679 6.580288 -1.522653341293335 0.13661949336528778
Cyclist 0.0 0 -2.076639413833618 894.734619140625 133.78070068359375 1099.7247314453125 374.0 1.5323061 1.8529392 0.47789055 2.4643567 1.5891411 4.762442 -1.5991243124008179 0.3469332456588745
Cyclist 0.0 0 0.9731271862983704 1022.6349487304688 114.58851623535156 1161.2169189453125 309.3035583496094 1.1128134 1.8822843 0.68105984 5.0209694 1.2368314 7.5004663 1.563034176826477 0.24421541392803192
Car 0.0 0 3.5608701705932617 0.0 166.9761199951172 89.04679870605469 213.0248565673828 3.9897568 1.673684 1.7125298 -22.263237 1.1468462 27.449953 2.8794286251068115 0.46318119764328003
Car 0.0 0 -0.8088096976280212 961.5414428710938 148.7519073486328 1072.2830810546875 190.5706024169922 3.9235332 1.6355575 1.6910099 17.001387 0.3557697 29.455465 -0.2853314280509949 0.1904192864894867
Car 0.0 0 -1.3653299808502197 0.0 192.73797607421875 18.213029861450195 263.1044921875 4.1540694 1.5702164 1.7139405 -16.940617 1.9029251 18.96479 -2.0944125652313232 0.15918874740600586
Car 0.0 0 -1.849387526512146 525.80517578125 167.28463745117188 604.0532836914062 215.68507385253906 3.7763157 1.4688828 1.598537 -1.3198054 1.0385864 23.843632 -1.9046835899353027 0.15559838712215424
Car 0.0 0 1.6847059726715088 132.65423583984375 176.00608825683594 212.08297729492188 235.46444702148438 3.3583367 1.4565657 1.4686092 -11.535734 1.3231709 19.427227 1.1488635540008545 0.14055781066417694
Car 0.0 0 -0.728251576423645 1061.5433349609375 140.9379119873047 1238.0 320.69073486328125 3.9755657 1.5748332 1.6745385 7.125273 1.2208471 7.226538 0.050090789794921875 0.13376079499721527
Car 0.0 0 0.32741156220436096 0.0 137.24632263183594 140.40846252441406 191.01768493652344 3.9603221 1.6443337 1.6608781 -17.54949 0.29216862 23.369947 -0.3166925609111786 0.12491314113140106
