Pedestrian 0.0 0 1.9647196531295776 383.0144958496094 162.0209197998047 404.2756652832031 203.4131622314453 0.97509634 1.7124355 0.5241469 -9.138761 1.264619 30.359543 1.6723294258117676 0.2894267439842224
Pedestrian 0.0 0 1.8938605785369873 5.573680877685547 134.76097106933594 56.956886291503906 216.16241455078125 0.9577097 1.8862516 0.6935661 -13.896273 1.00391 17.28626 1.2167514562606812 0.18891941010951996
Pedestrian 0.0 0 -1.5276967287063599 312.3487854003906 177.03271484375 329.51641845703125 222.0323486328125 0.71489716 1.6252663 0.5579248 -10.6830635 1.7819898 26.567005 -1.9100273847579956 0.18623867630958557
Pedestrian 0.0 0 1.6376274824142456 297.54107666015625 160.7998046875 317.4214782714844 206.8759765625 0.6737733 1.9319781 0.7376639 -12.903553 1.4269027 30.689903 1.2396174669265747 0.1859218031167984
Cyclist 0.0 0 1.7766234874725342 384.8835144042969 163.79335021972656 403.24737548828125 205.55296325683594 1.0731063 1.7275684 0.5350231 -9.134115 1.3530933 30.404358 1.4847803115844727 0.11637288331985474
Car 0.0 0 1.8837162256240845 243.38595581054688 190.47669982910156 457.8253173828125 330.75018310546875 3.8630648 1.5148116 1.6898144 -3.4396021 1.8122209 10.218271 1.5590169429779053 0.9768878221511841
Car 0.0 0 1.727734088897705 461.6750793457031 186.06198120117188 527.2032470703125 233.61012268066406 4.4186587 1.547608 1.7392582 -4.2548566 2.0812232 26.919022 1.5709697008132935 0.9444951415061951
Car 0.0 0 -0.7664121389389038 0.0 193.7000732421875 225.29945373535156 375.0 3.97568 1.520872 1.6346253 -3.6767442 1.6761125 3.3484244 -1.5985110998153687 0.829595685005188
Car 0.0 0 1.7135149240493774 486.69818115234375 178.7449951171875 532.7625732421875 215.15904235839844 4.029085 1.6504395 1.6807314 -4.890084 1.9561043 35.372684 1.5761409997940063 0.6148207187652588
Car 0.0 0 1.6028964519500732 529.049560546875 175.3684539794922 553.0449829101562 198.76473999023438 4.004508 1.6194378 1.610142 -5.004405 1.809656 52.42987 1.507735252380371 0.4516780972480774
