Pedestrian 0.0 0 2.4024178981781006 723.6980590820312 161.85440063476562 819.4437866210938 311.24334716796875 0.9462107 1.7256598 0.6605876 2.037741 1.5000731 8.814923 2.629596710205078 0.8572331070899963
Pedestrian 0.0 0 0.4332883954048157 531.2178955078125 165.73837280273438 582.1494140625 252.9869842529297 0.9134965 1.7734554 0.55936176 -0.97062314 1.4543188 15.024115 0.3687736988067627 0.805192768573761
Pedestrian 0.0 0 -1.628345012664795 562.565185546875 161.80130004882812 590.0993041992188 241.30642700195312 0.6986393 1.8149866 0.60083675 -0.62766826 1.3665051 16.77216 -1.6657507419586182 0.7914671301841736
Pedestrian 0.0 0 -2.0503249168395996 620.5471801757812 164.42041015625 674.8665161132812 253.8432159423828 1.0263398 1.7928073 0.7407578 0.91765314 1.4516295 15.018445 -1.989298939704895 0.7661877274513245
Pedestrian 0.0 0 1.3863718509674072 603.4907836914062 161.66368103027344 637.4075317382812 235.44525146484375 0.7912929 1.6816529 0.65704745 0.4018407 1.2307488 16.812977 1.410267949104309 0.5855289697647095
Pedestrian 0.0 0 2.787019729614258 653.6281127929688 146.06668090820312 764.1464233398438 327.3702392578125 0.9617109 1.7596576 0.6296212 1.0394158 1.4171276 7.3792534 2.9269556999206543 0.5679569244384766
Pedestrian 0.0 0 2.131073236465454 1136.202880859375 134.52853393554688 1238.0 315.7158203125 0.9850885 1.7785295 0.58347076 6.1721883 1.3188287 7.480654 2.820924997329712 0.4358595907688141
Pedestrian 0.0 0 -0.22277021408081055 177.06834411621094 175.5553741455078 227.85928344726562 241.21055603027344 1.1489906 1.7810482 0.5446577 -11.172764 1.6209452 20.070103 -0.7307328581809998 0.41537731885910034
Pedestrian 0.0 0 -2.997854471206665 578.0792236328125 165.3647003173828 598.5621948242188 202.6077423095703 0.9290625 1.7974614 0.5520937 -0.64472467 1.0196238 34.998344 -3.0162739753723145 0.40877997875213623
Pedestrian 0.0 0 1.687684416770935 335.695068359375 168.39767456054688 365.77105712890625 240.1527557373047 0.67661995 1.7855332 0.64983577 -6.4031425 1.4606848 18.27333 1.3506451845169067 0.360824316740036
Pedestrian 0.0 0 0.15596485137939453 194.14956665039062 165.1526641845703 230.4092559814453 234.8377227783203 0.74636734 1.7644928 0.5726753 -10.090416 1.3517431 18.58111 -0.34152451157569885 0.344896137714386
Pedestrian 0.0 0 -3.4858195781707764 1179.623046875 143.2877197265625 1238.0 278.75579833984375 0.55786055 1.6811694 0.59584224 7.8927865 1.20829 9.289074 -2.781508445739746 0.28105026483535767
Pedestrian 0.0 0 -1.0709596872329712 685.5169677734375 172.272705078125 722.641845703125 246.8455352783203 0.63138133 1.7982455 0.6923859 2.5082111 1.5769347 17.77924 -0.9308092594146729 0.2795858681201935
Pedestrian 0.0 0 1.6961183547973633 711.3016357421875 176.13189697265625 749.7001953125 253.1043701171875 0.6432499 1.7726793 0.8204201 3.0193546 1.6502604 16.969574 1.8722031116485596 0.2791317105293274
Pedestrian 0.0 0 1.3133652210235596 626.6015014648438 158.76368713378906 650.0347290039062 210.17633056640625 0.783445 1.6988548 0.6066773 1.211845 0.9486532 24.179487 1.363442063331604 0.25546374917030334
Cyclist 0.0 0 2.1344802379608154 1130.302001953125 134.19314575195312 1238.0 318.4482421875 1.0874784 1.8016118 0.60398585 6.155732 1.3404244 7.4781613 2.8231852054595947 0.237850159406662
Cyclist 0.0 0 -0.21766287088394165 176.8356170654297 176.35891723632812 229.57394409179688 241.7069091796875 1.1999184 1.7713332 0.54416424 -11.151344 1.6331371 20.070147 -0.724809467792511 0.12877348065376282
Car 0.0 0 1.9215881824493408 296.8420104980469 159.39865112304688 512.6580200195312 295.6566162109375 4.369635 1.6912149 1.7751048 -2.7930212 1.4182341 11.1797 1.6767698526382446 0.6504189968109131
Car 0.0 0 -1.8112905025482178 559.6172485351562 163.9632568359375 604.0750122070312 192.27853393554688 3.9307492 1.5203556 1.6177377 -1.161847 0.57957494 40.677208 -1.8398452997207642 0.3486242890357971
