Pedestrian 0.0 0 3.4590258598327637 296.78460693359375 108.61709594726562 407.63726806640625 293.89556884765625 0.9050183 1.7051375 0.43301043 -2.4927049 1.1143163 6.867949 3.110863447189331 0.25636187195777893
Pedestrian 0.0 0 -1.6841316223144531 279.5955505371094 181.894775390625 296.94842529296875 221.87310791015625 0.7375614 1.6468456 0.5871065 -13.598702 2.0339687 30.397879 -2.104785442352295 0.13021893799304962
Pedestrian 0.0 0 -1.4275784492492676 143.29483032226562 175.13583374023438 174.05250549316406 231.13160705566406 0.49981505 1.7228799 0.754497 -14.18227 1.7959553 22.609913 -1.9878005981445312 0.1252061128616333
Pedestrian 0.0 0 -0.6429082751274109 1119.5189208984375 175.37936401367188 1163.544189453125 252.58482360839844 0.56359774 1.6634363 0.5446589 11.609769 1.7201945 15.836428 -0.01030775811523199 0.11256267130374908
Pedestrian 0.0 0 1.3801681995391846 362.0801696777344 126.8863296508789 425.3017883300781 288.532958984375 0.9254989 1.8548021 0.56944376 -2.7110865 1.3277074 8.818743 1.0819151401519775 0.10843266546726227
Car 0.0 0 -0.05104947090148926 690.5466918945312 175.61880493164062 907.5231323242188 272.6333312988281 3.624016 1.6161488 1.6498965 3.3122358 1.6716995 13.2421665 0.19404959678649902 0.9510195851325989
Car 0.0 0 -1.5796358585357666 764.0459594726562 175.86538696289062 825.8089599609375 231.15939331054688 4.143895 1.5135022 1.6739044 5.6079545 1.6157491 22.199013 -1.3321911096572876 0.14763236045837402
Car 0.0 0 -2.295748710632324 325.28955078125 179.2064208984375 386.4528503417969 204.5462646484375 3.732301 1.539956 1.6351608 -16.340313 1.9620426 46.279087 -2.635166645050049 0.12620316445827484
Car 0.0 0 0.5023590326309204 234.1176300048828 171.51890563964844 289.1510314941406 187.78805541992188 4.3641624 1.4854728 1.5849407 -32.23866 1.3639274 66.78419 0.05262351036071777 0.12464828044176102
Car 0.0 0 1.0355461835861206 786.96533203125 175.3926239013672 856.6320190429688 207.4925537109375 4.2960505 1.6182151 1.6429232 11.327529 1.7639015 39.01789 1.318095326423645 0.11025878041982651
