Pedestrian 0.0 0 1.4980854988098145 730.7745971679688 153.90945434570312 744.8950805664062 192.35311889648438 0.46411845 1.8948613 0.6576603 6.3071446 0.96145606 35.82554 1.672351360321045 0.3318870961666107
Cyclist 0.0 0 1.9563089609146118 185.7390899658203 171.93136596679688 331.8895568847656 375.0 1.6911396 1.7521459 0.57552356 -3.1043003 1.7453681 6.439796 1.507124662399292 0.9508326649665833
Car 0.0 0 -1.7351256608963013 649.049072265625 177.49032592773438 735.7826538085938 238.4827423095703 4.1774206 1.4411008 1.6326039 2.0576575 1.580504 19.503105 -1.6300104856491089 0.9788868427276611
Car 0.0 0 3.598231077194214 100.28910827636719 181.95779418945312 370.5491638183594 261.9287414550781 4.2674212 1.3985676 1.6139218 -6.9809875 1.5817834 13.648684 3.125444173812866 0.9669228792190552
Car 0.0 0 -2.6924538612365723 211.06480407714844 185.9351043701172 420.22943115234375 253.74099731445312 4.1255116 1.4178303 1.5445974 -6.6225305 1.7307575 16.335577 -3.077611207962036 0.9065149426460266
Car 0.0 0 -1.6336207389831543 628.9317016601562 172.75955200195312 665.8027954101562 204.6223602294922 3.5531685 1.4444007 1.5298133 1.7025548 1.4404767 34.492645 -1.5843008756637573 0.8275424242019653
Car 0.0 0 0.3743283748626709 305.34954833984375 174.05331420898438 439.9262390136719 230.42759704589844 3.4645052 1.6031814 1.5718405 -7.036025 1.640646 21.437727 0.05719804763793945 0.7874643206596375
Car 0.0 0 0.4920004904270172 246.55747985839844 180.866455078125 395.1640625 240.34136962890625 3.2768583 1.4510059 1.4839686 -7.512909 1.67001 18.7675 0.11122274398803711 0.4805191457271576
Car 0.0 0 0.33717215061187744 392.6263122558594 172.94937133789062 493.557861328125 211.19509887695312 3.884969 1.5820068 1.6411501 -7.1419907 1.5865825 30.876877 0.1098642349243164 0.41684621572494507
Car 0.0 0 0.789272665977478 987.4989624023438 131.38990783691406 1242.0 375.0 3.6068945 1.5989982 1.6340008 4.591851 1.3992149 5.336892 1.4997724294662476 0.3646678030490875
