Pedestrian 0.0 0 -1.4995073080062866 749.70556640625 135.42169189453125 804.4937744140625 259.8407897949219 0.6566019 1.7403799 0.7342556 2.4712617 1.1114904 10.309045 -1.26422917842865 0.879238486289978
Pedestrian 0.0 0 0.9958075284957886 310.54986572265625 162.0025634765625 436.78472900390625 370.0 0.86652136 1.6736914 0.56705004 -1.8913226 1.541613 5.6003623 0.6701192855834961 0.8766013979911804
Pedestrian 0.0 0 0.8466565608978271 896.6325073242188 156.0784149169922 1040.0096435546875 370.0 0.7611057 1.7057345 0.6692907 2.7888808 1.5301704 5.58145 1.310039758682251 0.8197880387306213
Pedestrian 0.0 0 1.3258776664733887 538.0043334960938 138.52108764648438 597.3231811523438 286.6021728515625 0.82096624 1.9311819 0.6281222 -0.5729003 1.385393 9.701573 1.2668938636779785 0.7860959768295288
Pedestrian 0.0 0 2.0920515060424805 634.8096923828125 141.08935546875 664.944580078125 200.45738220214844 0.81378156 1.8231206 0.62383837 1.3825693 0.61442363 22.219074 2.154195785522461 0.705988347530365
Pedestrian 0.0 0 0.04068934917449951 1065.075439453125 93.32015228271484 1224.0 370.0 0.72197235 1.6954015 0.56243 2.722136 1.3144304 3.5460231 0.6953966617584229 0.5915331244468689
Pedestrian 0.0 0 1.2377129793167114 233.04501342773438 132.12428283691406 289.47723388671875 245.04171752929688 0.69862115 1.790847 0.6444624 -5.72842 1.0252737 11.6834545 0.7818539142608643 0.5774783492088318
Pedestrian 0.0 0 1.041947841644287 634.2507934570312 137.6154022216797 706.43359375 270.8440856933594 0.76297903 1.7830726 0.7246967 0.86350685 1.2107964 9.9577265 1.128448724746704 0.49073171615600586
Pedestrian 0.0 0 0.6825084686279297 628.6166381835938 94.07481384277344 795.7858276367188 370.0 0.65453696 1.6925615 0.6162707 0.5220848 1.2809112 3.8263955 0.8181140422821045 0.4651215076446533
Pedestrian 0.0 0 1.8959507942199707 386.0043640136719 154.84042358398438 405.98138427734375 192.8441162109375 0.9040925 1.7773354 0.65535545 -9.922579 0.57875365 33.5259 1.608197569847107 0.31663960218429565
Pedestrian 0.0 0 1.786607027053833 87.30519104003906 155.0995635986328 128.39981079101562 228.82464599609375 1.0222205 1.8705443 0.680442 -13.05641 1.2276796 18.537199 1.1729772090911865 0.3019612431526184
Pedestrian 0.0 0 0.6555270552635193 801.6622314453125 138.31097412109375 920.1058959960938 370.0 0.6654038 1.8064519 0.6304303 2.0314496 1.4899213 5.7792563 0.9935438632965088 0.274864137172699
Pedestrian 0.0 0 -1.1037143468856812 105.36066436767578 145.92906188964844 175.5979766845703 267.3409118652344 0.8554967 1.957051 0.673326 -7.8143535 1.4014521 11.855772 -1.686472773551941 0.27067622542381287
Pedestrian 0.0 0 0.00794440507888794 284.3137512207031 152.5481414794922 350.5027770996094 217.45477294921875 1.7318001 1.8030691 0.6224855 -8.254242 1.0281587 20.246105 -0.3791781961917877 0.17141981422901154
Pedestrian 0.0 0 2.0985372066497803 285.1736145019531 142.25582885742188 365.7318420410156 243.69593811035156 1.7080249 1.689291 0.55943346 -5.004101 1.0540576 12.655975 1.7220075130462646 0.1251492202281952
Cyclist 0.0 0 1.9528473615646362 286.50091552734375 138.5706787109375 359.8885192871094 242.11529541015625 1.7690935 1.7089632 0.59609884 -5.00225 1.0185875 12.549957 1.5735596418380737 0.5776033401489258
Cyclist 0.0 0 -0.0007764101028442383 281.3489685058594 148.97865295410156 353.5684814453125 212.98439025878906 1.88973 1.7748307 0.68343794 -8.264128 0.90234417 20.274632 -0.38782525062561035 0.26574406027793884
Cyclist 0.0 0 0.7455160021781921 373.4347839355469 170.06675720214844 486.90380859375 289.5859375 1.7334956 1.6979785 0.57599974 -2.7081256 1.5514225 10.706786 0.49777650833129883 0.2656240165233612
Cyclist 0.0 0 1.8959507942199707 386.0043640136719 154.84042358398438 405.98138427734375 192.8441162109375 0.9040925 1.7773354 0.65535545 -9.922579 0.57875365 33.5259 1.608197569847107 0.11621519178152084
Cyclist 0.0 0 1.5058555603027344 238.239990234375 126.09135437011719 286.4942321777344 240.79061889648438 0.76026416 1.8093891 0.66444945 -5.6958632 0.95274484 11.6437235 1.0509023666381836 0.10443568229675293
Car 0.0 0 1.9223012924194336 0.0 95.27235412597656 290.19085693359375 370.0 4.243983 1.5947664 1.6385704 -3.1177177 1.3630896 4.198621 1.2835803031921387 0.25003740191459656
