Pedestrian 0.0 0 -1.6140620708465576 788.5637817382812 158.11009216308594 836.0908203125 267.16339111328125 0.6772777 1.6111478 0.66674113 3.1781669 1.2668955 11.0176115 -1.333223581314087 0.9079377055168152
Pedestrian 0.0 0 -3.315263271331787 757.7438354492188 154.77980041503906 782.7601928710938 197.20648193359375 0.97201735 1.809114 0.51933825 7.2461605 0.6707084 30.914614 -3.085026979446411 0.4658898115158081
Pedestrian 0.0 0 -1.7071070671081543 472.4864807128906 141.2974853515625 494.4891052246094 192.4747772216797 0.8109027 1.9423027 0.7342288 -4.5814147 0.41754588 27.755754 -1.8706938028335571 0.3539445102214813
Pedestrian 0.0 0 1.1458868980407715 688.0645141601562 157.66790771484375 717.2259521484375 223.8408660888672 0.6077643 1.7779027 0.59186316 2.7367873 1.1387554 19.67242 1.2841176986694336 0.34127044677734375
Pedestrian 0.0 0 2.1533432006835938 509.1669006347656 156.19029235839844 525.7444458007812 189.85861206054688 0.9116064 1.8801228 0.5158287 -4.7480083 0.46757397 40.63409 2.037022829055786 0.26730895042419434
Pedestrian 0.0 0 -2.547098159790039 73.24815368652344 143.8351287841797 190.83616638183594 306.7422790527344 0.883634 1.7149664 0.6221476 -5.1718874 1.3198195 7.8764844 -3.1281158924102783 0.22874809801578522
Pedestrian 0.0 0 0.7881098389625549 622.4476928710938 165.6050567626953 662.8355712890625 238.48724365234375 0.8855627 1.8179628 0.57798386 1.0210348 1.4226669 18.43831 0.8434290885925293 0.21904361248016357
Cyclist 0.0 0 1.8860695362091064 426.6845703125 160.4550018310547 487.2912902832031 269.695068359375 1.7113163 1.7639871 0.5310314 -2.5166376 1.4254489 12.477595 1.6870471239089966 0.9596219062805176
Cyclist 0.0 0 1.849216341972351 323.7501220703125 145.1728973388672 405.6424560546875 280.9971923828125 1.8574996 1.6627082 0.56664723 -3.1996412 1.219346 9.730122 1.5315163135528564 0.8405550122261047
Car 0.0 0 2.048865795135498 0.0 168.14083862304688 92.07615661621094 374.0 3.4823403 1.457065 1.5141176 -5.2982354 1.3959883 5.2480693 1.2587108612060547 0.3972865343093872
Car 0.0 0 -1.6825950145721436 555.17138671875 160.36669921875 586.8499755859375 183.87527465820312 4.065669 1.4875977 1.6454922 -2.0476294 0.1510209 47.588318 -1.7255964279174805 0.3567418158054352
Car 0.0 0 -0.4036490321159363 849.6979370117188 171.93362426757812 1071.8775634765625 250.0254364013672 3.7268193 1.4898189 1.5245568 7.112925 1.3085703 14.557618 0.05084109306335449 0.31682369112968445
Car 0.0 0 1.3469867706298828 734.7634887695312 182.69644165039062 804.66357421875 230.56680297851562 3.6512923 1.4403491 1.4347628 5.398004 1.4836429 23.528288 1.572510004043579 0.242813378572464
Car 0.0 0 0.9801498651504517 906.2085571289062 182.67898559570312 1238.0 344.6585388183594 4.034444 1.4367876 1.5957389 5.248782 1.4553127 8.442046 1.5364035367965698 0.22640162706375122
Car 0.0 0 0.9529484510421753 1032.538818359375 184.6912841796875 1238.0 275.71002197265625 4.0004077 1.3840923 1.5511686 9.753522 1.4524056 13.079249 1.5937079191207886 0.211975559592247
