Car 0.0 0 -2.0456433296203613 807.2362060546875 185.5625457763672 1230.1387939453125 375.0 4.0375757 1.4510614 1.624901 3.240293 1.6080619 6.8464255 -1.6035971641540527 0.9824764728546143
Car 0.0 0 -1.8142096996307373 734.8050537109375 175.89950561523438 897.0772094726562 287.5495300292969 4.133201 1.5825528 1.6592982 3.2584717 1.6440939 12.415242 -1.5575412511825562 0.9747613668441772
Car 0.0 0 1.3902032375335693 689.1456298828125 181.72682189941406 758.4360961914062 234.7238006591797 3.4715915 1.4570527 1.4850657 3.369826 1.7518036 22.18012 1.5409802198410034 0.9635520577430725
Car 0.0 0 2.047647714614868 153.56993103027344 197.7969207763672 378.0106201171875 308.0523986816406 4.338843 1.4563105 1.7259325 -5.799201 1.97345 12.736946 1.62039053440094 0.9581822752952576
Car 0.0 0 1.8888428211212158 333.0660095214844 190.62509155273438 437.167724609375 260.5334777832031 3.5575552 1.5369301 1.5119007 -5.7084355 2.0387788 18.565311 1.5905390977859497 0.9548251628875732
Car 0.0 0 1.8798850774765015 425.8730163574219 186.0126953125 500.86492919921875 229.33627319335938 4.141136 1.455283 1.6333226 -5.5678744 1.9998009 27.687387 1.681434154510498 0.9184761643409729
Car 0.0 0 -1.700157642364502 653.1026611328125 177.6766815185547 693.5445556640625 210.15304565429688 3.6690931 1.5367107 1.5709825 3.1209943 1.7939389 36.56094 -1.6149998903274536 0.8705407381057739
Car 0.0 0 2.378751754760742 0.0 206.6141815185547 117.27782440185547 375.0 4.1131086 1.4939963 1.6516289 -5.9423842 1.8446213 5.407098 1.546224594116211 0.7171005010604858
Car 0.0 0 -3.8527350425720215 1093.310791015625 146.91973876953125 1242.0 294.5498046875 4.206634 1.5503212 1.6686842 8.362144 1.2783332 8.540904 -3.0779120922088623 0.6062251925468445
Car 0.0 0 0.8402808904647827 0.0 181.62298583984375 127.54481506347656 240.9470977783203 3.9806013 1.4547204 1.5481294 -15.207492 1.7006912 19.11078 0.16813397407531738 0.5902146100997925
