Pedestrian 0.0 0 -1.9261517524719238 996.8773803710938 141.9644317626953 1122.4459228515625 347.3105163574219 0.9348783 1.751153 0.69066864 4.1478643 1.4153866 6.6505027 -1.368493676185608 0.8034824132919312
Pedestrian 0.0 0 1.7576428651809692 553.6177978515625 164.8408203125 570.080810546875 204.14404296875 0.71805656 1.7941535 0.6382617 -1.8368138 1.0346106 33.18647 1.7023509740829468 0.7383021712303162
Pedestrian 0.0 0 -1.2889628410339355 501.3931579589844 172.5011749267578 519.4088745117188 210.66403198242188 0.67326623 1.8252041 0.705913 -4.4086294 1.3957261 34.740253 -1.4151906967163086 0.6438976526260376
Pedestrian 0.0 0 1.5524719953536987 782.5957641601562 155.1764373779297 821.0787963867188 246.36956787109375 0.78603834 1.7811766 0.7285775 3.9952586 1.2682781 14.498916 1.8213547468185425 0.5177490711212158
Pedestrian 0.0 0 0.7212139964103699 461.2141418457031 169.77362060546875 484.4649353027344 216.89234924316406 0.64147836 1.7557256 0.582357 -4.8848367 1.3198154 27.17887 0.5433833599090576 0.40766894817352295
Pedestrian 0.0 0 0.23421505093574524 624.249267578125 165.6728057861328 640.9165649414062 194.7157745361328 0.93138313 1.7955103 0.57408166 1.9503509 0.81776726 44.810413 0.2777121067047119 0.3270951509475708
Pedestrian 0.0 0 1.6244893074035645 811.4005126953125 132.48448181152344 844.5449829101562 207.43800354003906 0.8880006 1.8385026 0.7547796 5.702717 0.63741255 18.165178 1.928682565689087 0.25925564765930176
Pedestrian 0.0 0 1.0217037200927734 641.8121337890625 161.9777374267578 655.8280029296875 191.97439575195312 0.89429045 1.8683639 0.48472232 2.9883146 0.65313417 45.247974 1.087651014328003 0.22584077715873718
Pedestrian 0.0 0 3.3412201404571533 293.9064636230469 146.42359924316406 330.4715576171875 237.83035278320312 0.586235 1.8192416 0.5985976 -5.926531 1.122373 14.642299 2.9566221237182617 0.2250995934009552
Pedestrian 0.0 0 0.15701071918010712 632.3326416015625 164.2109832763672 648.2906494140625 193.318359375 0.97279865 1.8842692 0.5037734 2.5455859 0.76576155 46.847218 0.21129536628723145 0.21635308861732483
Car 0.0 0 1.6648826599121094 558.3198852539062 170.011962890625 624.60986328125 224.84951782226562 4.3180194 1.6175168 1.7561684 -0.25472897 1.2797897 23.410286 1.654002070426941 0.8842136859893799
Car 0.0 0 0.6357244849205017 1131.328857421875 188.6648406982422 1238.0 374.0 3.3384607 1.4308856 1.5192748 6.597766 1.5110534 6.153711 1.455932378768921 0.5151729583740234
Car 0.0 0 0.8958209156990051 923.5953369140625 199.25567626953125 1167.3648681640625 298.60272216796875 3.8799703 1.4064302 1.6198708 7.6455603 1.7775681 12.927897 1.4298930168151855 0.2660796642303467
