Pedestrian 0.0 0 1.8915891647338867 0.0 148.36399841308594 36.11326217651367 213.75486755371094 0.89910746 1.9036423 0.6989811 -17.784458 1.1910536 21.547857 1.201582670211792 0.6912926435470581
Pedestrian 0.0 0 -2.3368701934814453 450.91595458984375 159.61123657226562 471.4662780761719 198.9221649169922 0.7812058 1.9238017 0.6337704 -7.4192634 1.2760841 35.79006 -2.5412745475769043 0.4299537241458893
Car 0.0 0 1.2023513317108154 406.2476806640625 162.5869140625 465.5526123046875 195.2205810546875 4.1899233 1.6652352 1.7160717 -9.503826 1.1416826 39.02596 0.963475227355957 0.7951487898826599
Car 0.0 0 -2.039060354232788 453.1529541015625 160.2625274658203 508.43524169921875 190.37535095214844 3.6355908 1.6341484 1.628472 -7.4307895 0.95119846 41.094486 -2.217949390411377 0.7201840281486511
Car 0.0 0 0.955821692943573 653.8820190429688 157.85586547851562 714.6123657226562 184.15646362304688 4.2659435 1.6023489 1.7184244 4.6660857 0.688954 46.23622 1.0563995838165283 0.6128754019737244
Car 0.0 0 -2.2365100383758545 496.92230224609375 164.81698608398438 566.7456665039062 191.66783142089844 4.399285 1.4892461 1.6981478 -4.6512437 1.0438423 42.181473 -2.3463337421417236 0.592852771282196
Car 0.0 0 -1.9805278778076172 160.03187561035156 183.58726501464844 255.93601989746094 231.0874786376953 3.6421103 1.4754462 1.5648024 -13.9595785 1.8721262 24.914537 -2.491243362426758 0.326137900352478
Car 0.0 0 -2.4622223377227783 718.1096801757812 155.8589324951172 779.2158813476562 179.53616333007812 4.063654 1.5953308 1.6758175 9.673277 0.4505907 50.70505 -2.273712158203125 0.32296499609947205
Car 0.0 0 1.8392804861068726 611.57666015625 162.5054473876953 650.2089233398438 187.32301330566406 3.6921177 1.5790349 1.6450598 1.3976136 0.9209586 47.911747 1.8684427738189697 0.32181960344314575
Car 0.0 0 1.2467411756515503 915.4771728515625 161.13327026367188 954.0016479492188 180.31088256835938 4.241843 1.5683753 1.712101 27.464254 0.6101921 61.200096 1.668564796447754 0.3084011375904083
