Pedestrian 0.0 0 1.1809619665145874 877.0184936523438 161.21630859375 916.728515625 229.05027770996094 0.9737443 1.8328377 0.70265985 7.885775 1.5187516 19.984556 1.5567988157272339 0.39445894956588745
Pedestrian 0.0 0 -0.5294109582901001 925.5780639648438 119.42111206054688 1011.26904296875 261.1514892578125 0.8757262 1.8521208 0.5531832 4.768568 1.154222 9.734415 -0.07390259206295013 0.2432328313589096
Pedestrian 0.0 0 1.2155232429504395 838.8656616210938 171.42843627929688 859.3576049804688 212.630615234375 0.6167904 1.8789792 0.7257948 10.967183 1.8143257 33.223576 1.5343631505966187 0.1703638732433319
Pedestrian 0.0 0 -0.47202378511428833 988.5452880859375 127.2479019165039 1119.5068359375 309.9049987792969 0.9920985 1.8223114 0.61829805 4.555016 1.367672 7.5395722 0.07143998146057129 0.15331213176250458
Pedestrian 0.0 0 1.9192832708358765 348.0576171875 157.03207397460938 376.3845520019531 209.98414611816406 0.8757242 1.8521523 0.697716 -8.854783 1.2990927 25.678669 1.587221384048462 0.13262684643268585
Cyclist 0.0 0 -2.2970476150512695 18.447620391845703 221.2751922607422 90.59256744384766 291.2877197265625 1.664896 1.8859676 0.7067039 -15.922207 3.304681 20.63043 -2.9543445110321045 0.21377281844615936
Car 0.0 0 1.7206265926361084 410.2544250488281 194.46446228027344 523.5155639648438 278.57318115234375 4.5801034 1.4630182 1.7792065 -3.0544755 2.0141234 16.063541 1.5327203273773193 0.9543224573135376
Car 0.0 0 -1.2021453380584717 177.11654663085938 212.60733032226562 263.6889953613281 257.0245056152344 3.860275 1.4506519 1.8118927 -15.69903 3.1727297 29.219496 -1.6951698064804077 0.32581809163093567
Car 0.0 0 0.6455699801445007 672.22607421875 193.15126037597656 726.3226928710938 213.35401916503906 4.160215 1.4797786 1.7865092 7.262443 3.2022629 59.128944 0.7677817344665527 0.3142698407173157
Car 0.0 0 1.6966795921325684 643.5210571289062 188.05584716796875 691.9112548828125 227.04087829589844 4.2267466 1.5676326 1.6884546 2.663836 2.3105576 33.00078 1.777225375175476 0.16480278968811035
