Pedestrian 0.0 0 1.247926950454712 1162.684326171875 169.1118927001953 1203.4835205078125 233.06922912597656 0.93008053 1.863835 0.694752 17.079485 1.7551414 21.5796 1.9174416065216064 0.5589632391929626
Car 0.0 0 -1.322509765625 853.1134033203125 176.62136840820312 949.124267578125 234.66046142578125 4.2598987 1.5412328 1.6733702 8.773755 1.6662331 21.657045 -0.9375953674316406 0.9585646390914917
Car 0.0 0 -1.601607084274292 1012.8484497070312 191.80941772460938 1242.0 375.0 3.530158 1.3657358 1.5621032 4.5267367 1.5819442 6.3128157 -0.979515790939331 0.8800048828125
Car 0.0 0 -1.2298791408538818 895.302490234375 177.9967803955078 986.267333984375 225.6201934814453 4.1600666 1.5227435 1.6336159 11.73945 1.7200899 25.574081 -0.7995355129241943 0.8541526794433594
Car 0.0 0 -1.3855443000793457 1044.3634033203125 171.16522216796875 1165.955810546875 239.69021606445312 3.7403324 1.3802494 1.6199315 11.28625 1.3465912 16.424366 -0.7834844589233398 0.7212507724761963
Car 0.0 0 -1.494977355003357 1022.6345825195312 176.39585876464844 1056.758056640625 200.7384033203125 4.252205 1.5076814 1.6152906 28.307272 1.7521904 47.531418 -0.9578373432159424 0.6310611367225647
Car 0.0 0 -1.4413374662399292 1021.8412475585938 170.81178283691406 1055.826904296875 193.55404663085938 3.6781466 1.5759685 1.6437588 30.872234 1.4348072 51.95165 -0.9051570892333984 0.4289567470550537
Car 0.0 0 -1.4585578441619873 1122.337646484375 170.04161071777344 1165.28466796875 196.78062438964844 4.0609508 1.5331125 1.6338898 32.11266 1.3722188 43.410664 -0.8216547966003418 0.30447837710380554
Car 0.0 0 -1.5280969142913818 1050.9141845703125 173.20059204101562 1075.73583984375 192.658447265625 3.6033468 1.521845 1.5507412 36.70087 1.5511905 58.422333 -0.9672002792358398 0.25404757261276245
Car 0.0 0 -0.4708091914653778 878.5809326171875 173.67477416992188 985.7015991210938 212.0062713623047 3.6862822 1.5232344 1.6071503 13.126883 1.5583024 29.609646 -0.05351477116346359 0.2531158924102783
