Pedestrian 0.0 0 2.288806915283203 510.1983642578125 164.73805236816406 521.6412963867188 187.1819610595703 0.9120777 1.915071 0.50125957 -7.6457114 0.5713486 60.84362 2.1638004779815674 0.3826789855957031
Pedestrian 0.0 0 0.1728854477405548 723.971435546875 162.58836364746094 737.7504272460938 186.54977416992188 1.0161256 1.880648 0.4115325 9.956054 0.4760679 55.85607 0.3492777347564697 0.2224009484052658
Pedestrian 0.0 0 -1.458776831626892 789.493896484375 162.4309539794922 804.9812622070312 195.56076049804688 0.8857937 1.7416478 0.70333487 10.244806 0.7931637 37.706196 -1.193480372428894 0.19851475954055786
Pedestrian 0.0 0 1.7939008474349976 273.8978271484375 177.4429931640625 316.8399658203125 265.6849670410156 0.7650417 1.7419895 0.64981055 -6.3324504 1.6832709 14.390275 1.3793514966964722 0.18530191481113434
Pedestrian 0.0 0 0.004370927810668945 996.5717163085938 107.88632202148438 1064.1895751953125 250.93399047851562 0.78231126 1.8917334 0.5096169 5.8205295 0.9331268 9.765431 0.5418691635131836 0.16327176988124847
Pedestrian 0.0 0 2.869187831878662 771.9100341796875 158.20343017578125 796.1094970703125 190.50770568847656 1.2332635 1.8397398 0.5861054 10.260196 0.5713267 40.569912 3.1168954372406006 0.1547849476337433
Pedestrian 0.0 0 -2.0180768966674805 1017.4097900390625 144.18360900878906 1041.547119140625 185.73666381835938 0.8302609 1.9296333 0.68067884 19.954145 0.24463278 33.273766 -1.4778810739517212 0.14376279711723328
Pedestrian 0.0 0 3.678678035736084 125.18242645263672 159.55465698242188 206.92422485351562 294.840576171875 0.7787965 1.8242167 0.581591 -6.1347923 1.5434575 9.827875 3.1206371784210205 0.13308705389499664
Pedestrian 0.0 0 1.1266722679138184 877.4619140625 156.75692749023438 905.9354248046875 193.23239135742188 1.8386583 1.6823432 0.50768423 13.566497 0.5887065 33.538834 1.5110528469085693 0.13178402185440063
Cyclist 0.0 0 -2.0865445137023926 976.8985595703125 148.45449829101562 1030.1702880859375 215.66207885742188 1.6854466 1.6823127 0.43744713 10.3835125 0.8817573 18.53743 -1.5759514570236206 0.3206678628921509
Cyclist 0.0 0 1.125594973564148 876.9732666015625 156.5152587890625 906.3112182617188 193.58502197265625 1.910728 1.7080418 0.51368177 13.564044 0.60436654 33.542545 1.5098743438720703 0.23122601211071014
Cyclist 0.0 0 -0.1445886492729187 768.7908325195312 157.6918487548828 799.2732543945312 190.1833953857422 1.6282911 1.8473094 0.57756364 10.257073 0.55193496 40.565365 0.1030733585357666 0.16982623934745789
Car 0.0 0 2.4720723628997803 1038.7265625 154.5521240234375 1199.8519287109375 201.42234802246094 4.0643783 1.447031 1.6171051 16.417181 0.6474945 22.720634 3.0977840423583984 0.9185203909873962
Car 0.0 0 -0.8104289174079895 0.0 208.70262145996094 293.1838073730469 370.0 3.7006447 1.4686272 1.5439565 -3.197214 1.6831915 3.4691029 -1.5550642013549805 0.8801560401916504
Car 0.0 0 1.5317363739013672 94.76203918457031 178.29261779785156 125.2664794921875 202.07923889160156 3.9400196 1.5602906 1.5548962 -33.91718 1.4168239 48.41279 0.9206192493438721 0.1941063106060028
