Car 0.0 0 -1.86110520362854 744.9280395507812 175.29400634765625 932.5538940429688 292.8589172363281 4.061459 1.496938 1.6196321 3.2693338 1.5424327 11.306891 -1.5796364545822144 0.9785593152046204
Car 0.0 0 2.079390048980713 106.74239349365234 198.12400817871094 361.28643798828125 319.0421142578125 4.3273673 1.4395311 1.71398 -5.7834926 1.9273486 11.712008 1.620707631111145 0.9704344272613525
Car 0.0 0 1.350860595703125 690.9375610351562 181.50946044921875 770.7769165039062 237.7930908203125 3.613863 1.4551982 1.5248437 3.3856592 1.7305453 21.07115 1.510176420211792 0.9631964564323425
Car 0.0 0 -2.0750904083251953 844.1351318359375 190.41854858398438 1242.0 375.0 4.026844 1.4298887 1.5811753 3.2346802 1.6191264 5.735674 -1.561594009399414 0.9518806338310242
Car 0.0 0 1.8916881084442139 311.9399719238281 191.75430297851562 426.4936828613281 263.3700256347656 3.6111283 1.4594655 1.5591651 -5.7350154 1.9647362 17.46442 1.5743995904922485 0.9475839138031006
Car 0.0 0 1.9112404584884644 416.4381408691406 186.60888671875 496.49798583984375 231.2227325439453 4.1088314 1.4247398 1.5905365 -5.5763264 1.9711938 26.50193 1.7038536071777344 0.9089457988739014
Car 0.0 0 -1.738122820854187 654.102783203125 177.96841430664062 698.687255859375 209.9274444580078 3.7965822 1.4557704 1.5590225 3.1668572 1.7212191 35.442707 -1.64900803565979 0.8362884521484375
Car 0.0 0 -1.7262812852859497 675.296630859375 180.17483520507812 736.8035278320312 222.79766845703125 4.1865745 1.4168973 1.6168865 3.4395502 1.7109113 26.824738 -1.5987540483474731 0.6160018444061279
Car 0.0 0 1.6192806959152222 491.5777282714844 179.82293701171875 523.1709594726562 207.57159423828125 4.0437675 1.4808986 1.6126626 -5.9117675 1.9036351 41.64095 1.4782531261444092 0.5089988112449646
Car 0.0 0 -2.4043116569519043 543.6553344726562 174.5863037109375 590.9944458007812 193.05734252929688 4.237365 1.6137043 1.7026911 -3.9098635 1.7758617 65.39872 -2.4640254974365234 0.43800726532936096
