Pedestrian 0.0 0 -1.574366807937622 239.90704345703125 162.5948944091797 251.8314971923828 195.13758850097656 0.6987118 1.9108406 0.6273547 -21.644375 1.3088049 42.818237 -2.0424001216888428 0.27148404717445374
Pedestrian 0.0 0 1.2739131450653076 961.8895874023438 152.56605529785156 1005.7744750976562 232.68614196777344 0.9095575 1.7027669 0.6132256 8.139517 1.2719516 15.83374 1.748746633529663 0.25152587890625
Pedestrian 0.0 0 -0.16927649080753326 739.9408569335938 172.0902557373047 754.6763916015625 197.70860290527344 0.98986405 1.8641169 0.48800117 10.009184 1.8089007 52.75286 0.018231868743896484 0.12085959315299988
Pedestrian 0.0 0 2.749885320663452 823.3935546875 173.5391845703125 834.783203125 197.46009826660156 0.62049574 1.7470874 0.5951654 16.076553 1.7981255 53.04051 3.0441832542419434 0.11682485789060593
Pedestrian 0.0 0 -1.8574312925338745 765.4411010742188 165.0852508544922 787.4968872070312 211.7783660888672 0.8708083 1.7601959 0.60033655 6.3306036 1.4676942 27.650183 -1.632357120513916 0.11023660749197006
Cyclist 0.0 0 0.33748161792755127 48.82961654663086 190.6470489501953 135.03585815429688 256.7583923339844 1.8755075 1.7928975 0.65265936 -14.700239 2.3119328 20.453083 -0.2857043743133545 0.8967418074607849
Cyclist 0.0 0 2.402477264404297 9.285609245300293 198.28846740722656 51.185367584228516 234.9698028564453 1.6672485 1.6991305 0.557187 -28.53291 2.981104 35.48819 1.725295066833496 0.10738231986761093
Cyclist 0.0 0 1.1618499755859375 961.7711181640625 146.43313598632812 1012.8557739257812 229.14549255371094 1.0720276 1.7395605 0.60761905 8.156177 1.1842494 15.728039 1.6402473449707031 0.1053881123661995
Car 0.0 0 -1.6022335290908813 592.8296508789062 178.78480529785156 624.0503540039062 209.20733642578125 4.328009 1.6228557 1.651132 -0.17043662 1.9826458 41.53352 -1.606337070465088 0.8948677182197571
Car 0.0 0 2.773041009902954 137.1885986328125 190.9809112548828 207.9515380859375 216.07508850097656 3.9093063 1.5797127 1.615509 -30.53885 2.8977933 50.408154 2.228344678878784 0.11819861829280853
Car 0.0 0 1.9606939554214478 323.8736877441406 196.62315368652344 370.8699035644531 218.826904296875 4.4137764 1.4483502 1.7666668 -19.650238 3.304961 54.10416 1.6123148202896118 0.11773128062486649
