Car 0.0 0 0.36750003695487976 212.3006591796875 183.10321044921875 439.782958984375 253.6653594970703 4.4672856 1.4841975 1.6891549 -6.320802 1.7278334 16.272572 -0.002995103597640991 0.9670965671539307
Car 0.0 0 -1.704073190689087 657.8479614257812 183.39315795898438 726.5025634765625 233.4880828857422 4.0161896 1.372002 1.5956972 2.4382584 1.7327201 22.64029 -1.59679114818573 0.954207181930542
Car 0.0 0 -0.6918205618858337 931.3543701171875 184.44036865234375 1242.0 338.5824279785156 4.150608 1.4828575 1.6792625 5.9641294 1.6274211 8.0293455 -0.052948884665966034 0.9524055123329163
Car 0.0 0 -2.45035719871521 0.0 194.0465087890625 256.897216796875 343.2715148925781 4.0516686 1.4325117 1.5512241 -6.3553605 1.6907567 7.9658985 -3.1237680912017822 0.9504595994949341
Car 0.0 0 -2.2770543098449707 0.0 205.23062133789062 105.44837188720703 375.0 3.8218503 1.430288 1.5828866 -6.4615874 1.7204771 5.6428084 -3.129992723464966 0.8257079124450684
Car 0.0 0 -1.6562904119491577 647.9675903320312 179.04344177246094 692.3291015625 214.8602294921875 4.045503 1.4427015 1.593314 2.5476866 1.7331581 31.788544 -1.5763165950775146 0.8004729151725769
Car 0.0 0 0.31864112615585327 335.332275390625 177.5998992919922 474.27740478515625 224.43319702148438 4.081932 1.4634337 1.5821737 -6.689476 1.6247953 23.598312 0.04241514205932617 0.7403562664985657
Car 0.0 0 0.6083765029907227 0.0 193.77294921875 286.3301086425781 304.4210510253906 4.0046396 1.4003946 1.5118053 -6.967922 1.7188458 10.195353 0.008850574493408203 0.6691827178001404
Car 0.0 0 1.6726224422454834 551.519287109375 177.7256317138672 581.4302978515625 201.28439331054688 3.6747737 1.4359652 1.5654624 -2.8062937 1.7637082 46.617935 1.612497329711914 0.668707013130188
Car 0.0 0 -1.6406282186508179 633.234619140625 176.9136962890625 658.9557495117188 199.2333526611328 3.3929498 1.4767363 1.5439185 2.445781 1.7684685 50.071613 -1.591821312904358 0.6168851256370544
