Pedestrian 0.0 0 1.347771406173706 749.7343139648438 160.73941040039062 809.9947509765625 268.93359375 0.5878465 1.6531217 0.80528206 2.7448988 1.3372192 11.273229 1.5866119861602783 0.7918456196784973
Pedestrian 0.0 0 3.6107802391052246 25.04209327697754 133.00244140625 110.0405502319336 281.7641296386719 0.6647758 1.8283358 0.62221664 -6.856703 1.2336224 9.189352 2.969743013381958 0.7252364158630371
Pedestrian 0.0 0 1.699510097503662 475.7825012207031 167.04293823242188 495.0090026855469 216.24449157714844 0.74234056 1.7428132 0.59353346 -4.188874 1.2317742 25.8227 1.538694143295288 0.7091087102890015
Pedestrian 0.0 0 1.7245579957962036 418.60906982421875 172.00094604492188 443.942138671875 229.69200134277344 0.9974653 1.8025335 0.64512074 -5.457508 1.506848 22.964258 1.4912340641021729 0.5748889446258545
Pedestrian 0.0 0 -1.399501085281372 595.8528442382812 166.4003143310547 607.1360473632812 196.6240234375 0.7201858 1.7602124 0.5495524 0.0076446747 0.88159305 42.234543 -1.399320125579834 0.5406979918479919
Pedestrian 0.0 0 -2.787827491760254 361.44317626953125 147.2770233154297 425.0098876953125 240.8270721435547 1.0611167 1.8463906 0.70423347 -4.2466283 1.1721827 14.563494 -3.071554660797119 0.45346131920814514
Pedestrian 0.0 0 -1.4452840089797974 577.6491088867188 165.08802795410156 590.5223388671875 195.7298583984375 0.6558519 1.776926 0.67678314 -1.0107691 0.8259745 42.01429 -1.4693371057510376 0.414739727973938
Pedestrian 0.0 0 -1.2954342365264893 516.044189453125 166.8219451904297 535.07177734375 206.55538940429688 0.7540385 1.7718993 0.6766555 -3.437338 1.1182816 32.46008 -1.400935411453247 0.29894357919692993
Pedestrian 0.0 0 0.9366598725318909 273.4718933105469 170.52932739257812 322.9740905761719 247.94215393066406 0.9111706 1.7545642 0.6528291 -7.1225815 1.5071268 16.791662 0.5354893207550049 0.28196829557418823
Pedestrian 0.0 0 1.9011437892913818 171.71719360351562 153.45736694335938 273.6333312988281 357.3963623046875 0.9486498 1.8265457 0.599252 -3.6770656 1.5767667 6.946262 1.4142858982086182 0.24702513217926025
Pedestrian 0.0 0 1.6938832998275757 552.4612426757812 168.43568420410156 560.614990234375 192.92591857910156 0.8506176 1.8420247 0.51743007 -3.3825598 0.8599674 54.466965 1.6318600177764893 0.20880751311779022
Pedestrian 0.0 0 0.9992265701293945 431.4986572265625 175.21896362304688 453.69940185546875 218.5827178955078 0.74923486 1.7440088 0.57097965 -6.5091987 1.4923962 29.353954 0.7810089588165283 0.1951536387205124
Cyclist 0.0 0 -2.5783767700195312 357.78399658203125 145.25537109375 425.2526550292969 242.21832275390625 1.084832 1.8983495 0.74337333 -4.286329 1.1899993 14.566883 -2.864551544189453 0.10215943306684494
Car 0.0 0 1.7406575679779053 375.48406982421875 179.96575927734375 554.897705078125 319.2938537597656 4.291094 1.5146357 1.6635599 -1.666425 1.4993138 9.955266 1.5748039484024048 0.9598208665847778
Car 0.0 0 -1.143690824508667 1180.62841796875 202.77767944335938 1238.0 374.0 3.9070268 1.4537903 1.5618093 5.331935 1.5979911 3.7007236 -0.17962786555290222 0.3576779365539551
Car 0.0 0 -1.5806005001068115 614.2750244140625 116.73912811279297 688.5252075195312 204.21327209472656 4.67048 2.1615384 1.835679 1.3332094 0.5624469 20.131077 -1.5144705772399902 0.26139023900032043
