Pedestrian 0.0 0 1.4061932563781738 1167.55908203125 177.74929809570312 1215.0416259765625 269.6484069824219 0.8117062 1.6454 0.5619184 10.7781105 1.7404281 13.45971 2.081402540206909 0.5544289946556091
Pedestrian 0.0 0 -1.9263579845428467 1120.636962890625 203.0711669921875 1242.0 375.0 0.84543973 1.7025715 0.67171705 4.7464323 1.9758987 6.0097437 -1.2578740119934082 0.3981838524341583
Pedestrian 0.0 0 -0.0413430780172348 505.1453552246094 203.90859985351562 525.922607421875 246.52272033691406 0.8725053 1.8052931 0.730476 -4.1864705 3.18595 31.632933 -0.1729237288236618 0.3802623152732849
Cyclist 0.0 0 -1.1244220733642578 489.53778076171875 212.161376953125 521.7166748046875 269.31439208984375 1.5941483 1.6381735 0.34634945 -3.3010566 2.914615 22.60887 -1.2694047689437866 0.6965519189834595
Cyclist 0.0 0 -1.6596083641052246 1191.6820068359375 174.49923706054688 1241.1524658203125 289.59320068359375 1.7173431 1.6698011 0.4360077 9.434074 1.6978672 11.319103 -0.9647924900054932 0.5193189978599548
Cyclist 0.0 0 1.1893361806869507 862.0343017578125 145.9081268310547 909.3696899414062 220.1412811279297 1.6531969 1.8050047 0.54415923 6.946098 1.1501646 18.373571 1.550776720046997 0.23869872093200684
Cyclist 0.0 0 0.30741697549819946 1061.789794921875 188.26068115234375 1145.9024658203125 256.4806823730469 1.800207 1.7312324 0.554725 13.326791 2.1685927 19.584118 0.90492844581604 0.1997130960226059
Cyclist 0.0 0 -0.2135024070739746 505.4787292480469 201.59132385253906 529.5967407226562 242.96971130371094 0.9089613 1.7512293 0.77432954 -4.1155615 3.0376356 31.770138 -0.342326819896698 0.11114266514778137
Car 0.0 0 -1.228113055229187 410.8363952636719 158.91256713867188 489.6109924316406 212.7674560546875 3.5827556 1.7560252 1.5938133 -5.578354 1.3018005 25.401756 -1.444286584854126 0.6538811326026917
Car 0.0 0 -2.840454578399658 987.2505493164062 174.23834228515625 1163.4893798828125 241.8790740966797 3.9600961 1.746468 1.6089985 13.211062 1.7905225 20.741358 -2.273313045501709 0.25906383991241455
