Pedestrian 0.0 0 -1.3498947620391846 690.24951171875 178.38226318359375 734.574951171875 284.3675231933594 0.8454094 1.6859146 0.5580852 1.8084384 1.6376158 11.919148 -1.1993176937103271 0.8929072022438049
Pedestrian 0.0 0 1.3093373775482178 969.4210205078125 159.67132568359375 1066.7200927734375 348.75390625 0.86175776 1.7645206 0.63564485 4.093487 1.5621909 7.198131 1.8264145851135254 0.8497141003608704
Pedestrian 0.0 0 1.225843906402588 772.6959838867188 170.35137939453125 854.3648681640625 334.6716003417969 0.646889 1.7073995 0.66831946 2.2400675 1.5929204 7.8059974 1.505301833152771 0.8463185429573059
Pedestrian 0.0 0 -0.8795114755630493 287.4978942871094 166.14002990722656 386.1690979003906 324.54583740234375 0.7511224 1.7115709 0.75843227 -3.067538 1.5469644 8.238296 -1.2359577417373657 0.8197447061538696
Pedestrian 0.0 0 1.2891292572021484 667.5753784179688 179.44857788085938 687.7747802734375 223.45863342285156 0.8868689 1.6465428 0.5379473 2.878308 1.570826 27.356203 1.3939595222473145 0.7987587451934814
Pedestrian 0.0 0 -1.5949372053146362 718.3067626953125 176.86338806152344 762.4657592773438 293.3521423339844 0.7462723 1.6277844 0.60815746 1.9650054 1.5643125 10.452438 -1.4091111421585083 0.7451980710029602
Pedestrian 0.0 0 1.2117077112197876 174.9314727783203 175.99766540527344 262.6400451660156 332.19342041015625 0.88322765 1.7511338 0.6541754 -4.6258397 1.6907989 8.5875635 0.717606782913208 0.6805287599563599
Pedestrian 0.0 0 1.2045092582702637 688.7974853515625 178.26036071777344 710.6573486328125 222.60633850097656 0.8457905 1.6679559 0.5617901 3.7371233 1.5471364 27.491655 1.3396177291870117 0.652759850025177
Pedestrian 0.0 0 -2.476578712463379 790.30078125 168.2692108154297 833.111328125 247.7410125732422 0.61003274 1.7284559 0.71289784 4.669105 1.4419198 16.076376 -2.193922281265259 0.48761337995529175
Pedestrian 0.0 0 -2.031536340713501 1045.931396484375 175.7288818359375 1156.42236328125 360.9106750488281 0.70484906 1.6519234 0.60437083 4.650031 1.6018225 6.796297 -1.431492805480957 0.43461713194847107
Pedestrian 0.0 0 1.7154501676559448 736.19775390625 183.68310546875 778.3060302734375 288.8257141113281 0.6701121 1.6346259 0.5762416 2.4794285 1.6724223 11.59663 1.9260847568511963 0.3942224085330963
Pedestrian 0.0 0 3.557562828063965 110.2891616821289 188.7909393310547 156.89889526367188 265.25830078125 0.6828171 1.6193571 0.5567602 -10.189673 1.7823126 15.602426 2.9790236949920654 0.33117997646331787
Pedestrian 0.0 0 -1.5269378423690796 637.0699462890625 175.75503540039062 664.96728515625 255.30001831054688 1.8660413 1.8502455 0.60767233 1.2029805 1.7178215 17.667225 -1.458951711654663 0.3268868029117584
Pedestrian 0.0 0 -0.3994598686695099 739.1957397460938 180.8966827392578 781.9066772460938 265.8800048828125 0.6955516 1.762748 0.6279905 3.338107 1.7514703 15.269687 -0.18423572182655334 0.31128454208374023
Pedestrian 0.0 0 -0.4839749038219452 778.419677734375 172.55160522460938 829.0126953125 265.5534362792969 0.6804873 1.6381363 0.59925497 3.6171021 1.4817935 13.014906 -0.21289607882499695 0.28426051139831543
Cyclist 0.0 0 -1.5515727996826172 636.7843017578125 174.53887939453125 663.6420288085938 252.93824768066406 1.6244015 1.835471 0.6283713 1.1777093 1.6737027 17.65106 -1.4849498271942139 0.6607230305671692
Car 0.0 0 1.7006704807281494 542.1843872070312 184.81741333007812 596.2282104492188 224.7051239013672 4.202258 1.5191224 1.7143446 -1.2811176 1.6680917 29.882072 1.6578242778778076 0.9528882503509521
Car 0.0 0 -2.7207491397857666 651.5020141601562 165.50978088378906 721.6040649414062 195.5967254638672 3.5439706 1.6178783 1.6247311 4.755905 0.7588629 40.230885 -2.6030800342559814 0.4394552409648895
