Pedestrian 0.0 0 2.4426631927490234 1126.239501953125 111.40542602539062 1242.0 305.5411376953125 1.0373882 1.7989843 0.68136823 5.7394366 1.2299209 7.0315795 3.1272265911102295 0.5028015971183777
Car 0.0 0 1.970461130142212 248.57704162597656 195.16830444335938 407.5732727050781 283.7489318847656 4.0330424 1.4836619 1.6450119 -5.755776 2.0161505 15.158403 1.6075688600540161 0.9304312467575073
Car 0.0 0 -3.449723720550537 798.8787841796875 157.8739013671875 926.2877197265625 200.8282470703125 4.218543 1.5650339 1.6728772 9.392065 1.0195946 27.17449 -3.116955518722534 0.9281690120697021
Car 0.0 0 1.7695907354354858 452.6129455566406 184.76971435546875 507.06744384765625 220.4864501953125 4.090907 1.3852923 1.5549043 -5.6324825 1.9386172 31.41969 1.5922088623046875 0.9060928225517273
Car 0.0 0 1.8696098327636719 356.06939697265625 188.53045654296875 452.5241394042969 249.5582733154297 3.8153024 1.4885691 1.5750799 -5.769959 1.976515 20.512918 1.595410704612732 0.9029455780982971
Car 0.0 0 1.7899677753448486 412.7113952636719 188.12364196777344 479.145263671875 234.9677276611328 3.660976 1.4494016 1.5138066 -5.724963 2.0250726 25.34985 1.567855715751648 0.8721773028373718
Car 0.0 0 -1.7194801568984985 661.6057739257812 173.91629028320312 708.0043334960938 206.73367309570312 3.880074 1.4153289 1.5541883 3.343542 1.4675057 33.218525 -1.619165062904358 0.8284664750099182
Car 0.0 0 1.74644935131073 487.78466796875 181.96456909179688 531.2554321289062 211.41676330566406 4.1752644 1.4486506 1.6174825 -5.3935757 1.9671178 38.91358 1.6087229251861572 0.6356377601623535
Car 0.0 0 -0.5707401037216187 799.806884765625 156.07070922851562 899.5662231445312 193.8013153076172 3.663655 1.5042702 1.5779966 9.898678 0.8355005 29.984665 -0.25188007950782776 0.4939168691635132
Car 0.0 0 -0.388343870639801 1119.1121826171875 132.7960205078125 1242.0 173.00579833984375 4.3499017 1.5201553 1.6019394 23.019606 0.0060972124 28.661753 0.2883131504058838 0.42666518688201904
