Pedestrian 0.0 0 2.8636603355407715 176.61622619628906 161.7005615234375 272.90966796875 319.0487976074219 0.8467831 1.7610153 0.7469608 -4.5563254 1.5407761 8.599514 2.3764305114746094 0.7803581357002258
Pedestrian 0.0 0 -1.2347155809402466 412.9368896484375 185.14471435546875 472.52056884765625 297.74163818359375 0.6825958 1.7663424 0.7652851 -2.610373 1.8288181 11.674182 -1.454699158668518 0.565872073173523
Pedestrian 0.0 0 2.2631819248199463 183.1722869873047 169.14541625976562 267.36236572265625 316.57928466796875 0.7842464 1.8393346 0.6205143 -4.954687 1.6865401 9.406735 1.778389811515808 0.49943807721138
Pedestrian 0.0 0 -1.1471673250198364 329.9347839355469 193.0556182861328 414.2742004394531 340.93817138671875 0.75995225 1.6391711 0.6956817 -2.7232082 1.783036 8.440939 -1.4592442512512207 0.4359899163246155
Pedestrian 0.0 0 -0.3481338322162628 372.079833984375 192.32594299316406 433.0077819824219 320.1670227050781 0.5719306 1.6039017 0.7023916 -2.6925375 1.7558233 9.538215 -0.6232643127441406 0.434249609708786
Pedestrian 0.0 0 1.2695600986480713 507.55413818359375 169.7119140625 536.008544921875 224.66493225097656 0.7306683 1.6931316 0.7037697 -2.537616 1.3310483 22.605524 1.1577715873718262 0.283441424369812
Pedestrian 0.0 0 -1.2155050039291382 394.02435302734375 189.30413818359375 456.5684814453125 315.4490051269531 0.62633747 1.8247356 0.74240345 -2.6773946 1.9470623 10.784633 -1.4588454961776733 0.2786305248737335
Pedestrian 0.0 0 1.4645661115646362 659.720947265625 178.5401153564453 677.3952026367188 221.97698974609375 1.161017 1.5996232 0.53953904 2.4989994 1.4916617 27.035316 1.5567388534545898 0.18263639509677887
Cyclist 0.0 0 -1.8281517028808594 644.2675170898438 171.01722717285156 663.6582641601562 209.80349731445312 1.7145087 1.6811011 0.43649283 2.3172722 1.2277104 32.014736 -1.7558963298797607 0.43726831674575806
Cyclist 0.0 0 -1.3433328866958618 384.86639404296875 185.08306884765625 461.1818542480469 333.5811462402344 0.85922146 1.6567664 0.7008703 -2.128289 1.7025354 8.468799 -1.5895435810089111 0.12023501098155975
Car 0.0 0 -2.1133873462677 837.7044677734375 120.22518157958984 1238.0 374.0 3.8201792 1.8834717 1.5790812 3.137912 1.5939771 5.3259835 -1.5809688568115234 0.9286622405052185
Car 0.0 0 -1.6472222805023193 522.609619140625 178.18804931640625 566.3406372070312 214.1172637939453 3.8282084 1.4762626 1.6130221 -2.5678496 1.341169 31.529394 -1.7284859418869019 0.35697662830352783
