Pedestrian 0.0 0 0.8220508694648743 1072.876708984375 164.21920776367188 1184.2740478515625 323.9178771972656 0.75511277 1.6903039 0.67574126 5.7093434 1.5992682 8.052996 1.4387725591659546 0.6359784603118896
Pedestrian 0.0 0 2.8490071296691895 747.6690673828125 170.720703125 769.6437377929688 214.4580841064453 0.68892163 1.7175065 0.67765075 5.866516 1.6340929 28.699757 3.0506393909454346 0.6014800071716309
Pedestrian 0.0 0 2.302511692047119 883.3949584960938 166.4530487060547 916.9384155273438 222.848876953125 0.6294539 1.6057419 0.6505447 8.384585 1.4238478 20.972397 2.682838201522827 0.595920741558075
Pedestrian 0.0 0 0.711597740650177 673.4510498046875 174.88710021972656 686.9844360351562 199.16030883789062 0.9844533 1.8337457 0.43281758 5.3339643 1.9907827 55.096626 0.8081080913543701 0.3819347620010376
Pedestrian 0.0 0 -0.3447211980819702 681.9686889648438 171.89898681640625 701.3348388671875 204.99819946289062 0.9153327 1.8235183 0.6185628 4.5064673 1.7712623 40.15516 -0.2329624742269516 0.23197224736213684
Pedestrian 0.0 0 -0.02441444993019104 730.727783203125 174.25143432617188 743.2745971679688 198.28074645996094 0.9567407 1.8715792 0.45361888 9.921941 1.9819891 56.5257 0.14934515953063965 0.22470323741436005
Pedestrian 0.0 0 -1.5557509660720825 746.3333740234375 173.11766052246094 757.1510620117188 200.8058319091797 0.6529862 1.7072453 0.6512686 8.78668 1.7241455 44.881268 -1.3624200820922852 0.2176021933555603
Cyclist 0.0 0 1.1322165727615356 886.3438720703125 171.69895935058594 921.7911987304688 227.4884796142578 0.9617459 1.5741669 0.5946804 8.441177 1.5419339 20.852486 1.5168577432632446 0.17935951054096222
Cyclist 0.0 0 -1.701804757118225 683.1918334960938 171.5882110595703 697.0385131835938 204.6445770263672 1.5219153 1.8106308 0.57212347 4.430902 1.741656 40.2857 -1.592258095741272 0.12209627777338028
Car 0.0 0 -2.1228606700897217 1052.755126953125 160.79762268066406 1106.5032958984375 185.3257598876953 3.8797958 1.8822494 1.8083428 37.216934 0.9574199 57.32766 -1.5470502376556396 0.211675226688385
Car 0.0 0 1.8740298748016357 297.8437805175781 179.62294006347656 338.9169616699219 200.4728240966797 4.4973383 1.5069957 1.6878098 -22.57694 2.0539896 55.957176 1.4905372858047485 0.12066105008125305
Car 0.0 0 1.7287156581878662 489.19708251953125 179.63821411132812 520.8104248046875 204.5510711669922 4.204606 1.727844 1.6720666 -7.7386465 2.249295 53.304665 1.5845452547073364 0.1076422929763794
