Car 0.0 0 -1.965710163116455 811.1083374023438 183.97030639648438 1088.054931640625 344.4294738769531 3.617563 1.4621445 1.6293821 3.6636157 1.623558 8.637242 -1.564547061920166 0.9653288125991821
Car 0.0 0 -1.8437049388885498 737.3593139648438 181.16696166992188 887.5845336914062 274.54742431640625 4.2824287 1.4707985 1.6236725 3.6287465 1.6561714 13.900765 -1.588356852531433 0.9629022479057312
Car 0.0 0 2.0899901390075684 0.0 195.20709228515625 330.51031494140625 375.0 4.0342455 1.5193831 1.6684188 -4.7327147 1.8298694 7.9775133 1.5545434951782227 0.9538710117340088
Car 0.0 0 1.8327140808105469 374.560302734375 186.7768096923828 480.9295654296875 252.86631774902344 4.314724 1.4518433 1.6276172 -4.6744313 1.8595887 18.936619 1.5907059907913208 0.9304469227790833
Car 0.0 0 1.8734886646270752 279.6479187011719 188.26158142089844 431.3861999511719 284.91790771484375 3.9060483 1.4846178 1.5915754 -4.670638 1.8193389 13.682248 1.544527292251587 0.9205705523490906
Car 0.0 0 -1.7564889192581177 711.4437255859375 179.53189086914062 802.147216796875 243.42066955566406 4.004775 1.4724559 1.6013415 3.7026033 1.6677603 19.05363 -1.5645556449890137 0.9128376245498657
Car 0.0 0 1.7205983400344849 502.8197021484375 177.84170532226562 546.1354370117188 211.19464111328125 3.5111792 1.5099196 1.5797563 -4.132361 1.7643661 34.97447 1.602989912033081 0.8740662932395935
Car 0.0 0 -2.321479558944702 1037.175048828125 214.00123596191406 1242.0 375.0 3.6117814 1.4560494 1.5410812 3.687608 1.7562444 3.3959522 -1.4949309825897217 0.7641361355781555
Car 0.0 0 -1.70132577419281 701.0049438476562 178.52476501464844 763.7926635742188 226.42742919921875 3.805867 1.4631114 1.5929393 4.0141053 1.6705618 24.419619 -1.5384024381637573 0.7248620986938477
Car 0.0 0 1.757322072982788 519.4583129882812 175.77774047851562 560.3978881835938 206.37472534179688 3.8481653 1.5742909 1.5441206 -3.8184144 1.7427138 39.48745 1.6609224081039429 0.7212278842926025
