Cyclist 0.0 0 1.6516855955123901 476.80615234375 174.69622802734375 501.8620910644531 240.93309020996094 1.7235031 1.7593344 0.5545735 -3.3930774 1.813256 20.093752 1.4844013452529907 0.9362390041351318
Car 0.0 0 3.6737895011901855 0.0 184.98583984375 261.3166809082031 320.61376953125 4.0548496 1.5372239 1.6723738 -7.0379953 1.713663 9.416638 3.031954526901245 0.9656409621238708
Car 0.0 0 -1.7060095071792603 629.1276245117188 180.12332153320312 683.5625610351562 219.1276397705078 4.1949844 1.4179295 1.6282889 1.7559797 1.7340093 29.182482 -1.6459095478057861 0.9614923000335693
Car 0.0 0 -0.471601665019989 788.110107421875 188.65975952148438 1016.7341918945312 270.1987609863281 3.700482 1.3895341 1.545069 5.369813 1.7087117 13.605685 -0.09569490700960159 0.9533446431159973
Car 0.0 0 -0.6795493960380554 972.30517578125 185.9878387451172 1242.0 334.97796630859375 3.56992 1.4860349 1.5980005 6.2434454 1.6510359 8.192979 -0.02838187664747238 0.907606840133667
Car 0.0 0 2.5747718811035156 846.0281982421875 187.46258544921875 1186.3092041015625 298.7623291015625 4.2120743 1.4715129 1.6374257 5.84219 1.7090858 10.751503 3.072521209716797 0.906211793422699
Car 0.0 0 3.421884775161743 317.9481201171875 179.5165252685547 459.6545715332031 227.66900634765625 4.0763 1.4785827 1.6013647 -7.08202 1.7010288 23.216188 3.1258044242858887 0.9027712345123291
Car 0.0 0 -0.8633486032485962 1080.78173828125 182.1077423095703 1242.0 375.0 3.9185884 1.5239941 1.6726449 6.0984607 1.6080885 5.618202 -0.036984048783779144 0.789625883102417
Car 0.0 0 -0.3398066759109497 780.9668579101562 173.33116149902344 967.9054565429688 247.0306396484375 3.5369842 1.5409075 1.5846641 5.671468 1.5523039 15.891115 0.002997875213623047 0.7843970060348511
Car 0.0 0 -2.8345770835876465 357.8468017578125 179.7980499267578 481.7406311035156 221.55972290039062 4.012098 1.4294533 1.5590234 -6.804846 1.6872147 25.865051 -3.0918376445770264 0.6800974607467651
