Pedestrian 0.0 0 1.7773973941802979 407.46258544921875 162.45843505859375 441.1075439453125 222.49569702148438 1.0808768 1.8423268 0.8227697 -5.875764 1.5236826 22.697693 1.5240875482559204 0.252853661775589
Pedestrian 0.0 0 -1.4145407676696777 412.6824951171875 155.59864807128906 429.6276550292969 195.0366668701172 0.61827993 1.8593149 0.6937575 -9.027607 1.046165 34.35676 -1.6714930534362793 0.23558031022548676
Pedestrian 0.0 0 0.8003323078155518 0.0 176.3667449951172 79.68597412109375 355.892333984375 0.788301 1.7713163 0.58576167 -6.149278 1.8096572 7.464341 0.11123442649841309 0.1874607801437378
Pedestrian 0.0 0 -1.4467734098434448 388.3438720703125 144.15087890625 406.00439453125 186.81187438964844 0.51822156 1.9796134 0.73576653 -10.004279 0.6480502 33.79466 -1.7345852851867676 0.1651710718870163
Pedestrian 0.0 0 -0.25987741351127625 946.5810546875 92.37718963623047 1074.2392578125 296.0215759277344 0.9468999 1.8472899 0.60952544 3.766585 1.1176302 6.949754 0.23678278923034668 0.14819063246250153
Pedestrian 0.0 0 -2.0860540866851807 997.7118530273438 85.42311096191406 1094.2386474609375 257.998291015625 0.7075532 1.9242653 0.70300764 5.0006576 0.9497423 8.4038725 -1.549288034439087 0.14120756089687347
Pedestrian 0.0 0 1.4767768383026123 372.6377258300781 177.0039825439453 407.2496643066406 247.52305603027344 1.0965968 1.80611 0.7788199 -5.9161744 1.9207414 19.209787 1.1780178546905518 0.13864433765411377
Pedestrian 0.0 0 2.4568357467651367 687.7750244140625 162.54759216308594 702.12939453125 200.52976989746094 0.4201301 1.9266144 0.6400687 4.315379 1.404188 36.979443 2.573007106781006 0.12811754643917084
Car 0.0 0 1.805544137954712 428.32037353515625 178.45098876953125 532.6972045898438 251.84573364257812 3.9756753 1.6113666 1.6971616 -3.1732357 1.7686106 18.185673 1.6327924728393555 0.9566774368286133
Car 0.0 0 -1.595547080039978 538.4723510742188 173.74659729003906 562.6302490234375 197.53192138671875 3.3380442 1.5416391 1.5351094 -4.063993 1.6043216 48.636368 -1.6789121627807617 0.7530139088630676
Car 0.0 0 -0.07406328618526459 439.8588562011719 168.53640747070312 505.9753723144531 195.07470703125 3.7117481 1.5156808 1.6295241 -8.118177 1.2694488 42.47552 -0.2629117965698242 0.3712894916534424
Car 0.0 0 1.5611200332641602 546.5882568359375 168.50550842285156 569.31884765625 191.36172485351562 4.2774973 1.6871264 1.6758562 -4.0493555 1.3665013 55.458015 1.4882327318191528 0.21620894968509674
Car 0.0 0 2.53886079788208 179.02142333984375 178.5865020751953 305.82733154296875 232.10214233398438 3.1039896 1.4515038 1.4709992 -10.988192 1.6375104 21.649649 2.069194793701172 0.14119145274162292
