Pedestrian 0.0 0 -1.2785013914108276 1214.107666015625 158.31216430664062 1242.0 215.4097137451172 0.5655011 1.9835299 0.7512741 21.912579 1.4787145 25.531782 -0.5692389011383057 0.2288588285446167
Pedestrian 0.0 0 -1.7260793447494507 999.8789672851562 140.0487060546875 1016.962158203125 182.47134399414062 0.7107951 1.8482535 0.5560792 17.549625 0.4193628 31.861877 -1.222619652748108 0.19713345170021057
Pedestrian 0.0 0 2.6063504219055176 146.45680236816406 150.2433624267578 205.3121337890625 255.6175994873047 0.71306 1.7677103 0.5159158 -7.58921 1.3887624 12.5374975 2.0620276927948 0.17124566435813904
Pedestrian 0.0 0 -1.1620186567306519 318.6802978515625 134.2690887451172 366.3639831542969 237.24542236328125 0.7406165 1.9405174 0.6250683 -5.2230797 1.2137693 13.979955 -1.5195719003677368 0.16096745431423187
Pedestrian 0.0 0 2.7257907390594482 493.3195495605469 173.5172882080078 511.7123718261719 202.75230407714844 1.0528446 1.8666751 0.52420604 -6.97189 1.9103303 46.593796 2.577261447906494 0.15959365665912628
Pedestrian 0.0 0 0.7248443365097046 234.9620819091797 165.75975036621094 272.8251953125 235.8084259033203 0.61088216 1.6858217 0.5682132 -8.788868 1.5154467 17.716133 0.2643263339996338 0.14777347445487976
Cyclist 0.0 0 -1.961789846420288 1189.494873046875 187.8419952392578 1242.0 299.8352966308594 1.4544063 1.6370537 0.33209455 9.707593 1.8915032 11.486338 -1.260122537612915 0.23121538758277893
Cyclist 0.0 0 -1.139531135559082 494.595458984375 172.83396911621094 511.57012939453125 200.68704223632812 1.5327606 1.7740701 0.49415362 -6.9526944 1.7731522 46.759724 -1.2871394157409668 0.1667707860469818
Car 0.0 0 2.9900002479553223 666.9125366210938 180.1356964111328 755.25244140625 211.85214233398438 3.9233418 1.4422848 1.6256936 4.6817565 1.7946701 34.037323 3.126690149307251 0.9618287682533264
Car 0.0 0 0.012265659868717194 646.3246459960938 178.89013671875 694.8466796875 198.56097412109375 3.7119353 1.488486 1.6584971 4.698276 1.9675202 56.213882 0.09565043449401855 0.3207686245441437
Car 0.0 0 -2.3090970516204834 1172.3387451171875 159.98228454589844 1242.0 314.6357116699219 4.523065 1.6744006 1.8121061 10.40721 1.5353991 10.121755 -1.5097947120666504 0.2628183960914612
Car 0.0 0 1.7809127569198608 643.6809692382812 174.48831176757812 670.9415893554688 192.9059295654297 3.7904491 1.5106938 1.5670452 4.0461283 1.6551503 61.579365 1.8465243577957153 0.25590264797210693
