Pedestrian 0.0 0 0.4907190501689911 171.88609313964844 140.47752380371094 321.88677978515625 356.99395751953125 0.9919454 1.8155233 0.6638632 -3.1938932 1.4816334 6.2651634 0.01927328109741211 0.8885603547096252
Pedestrian 0.0 0 -3.7042155265808105 1030.6641845703125 160.10850524902344 1093.256591796875 267.5982360839844 0.66148883 1.7392547 0.5847253 7.526267 1.4109602 11.730483 -3.1337687969207764 0.213113933801651
Pedestrian 0.0 0 2.9575302600860596 629.53076171875 172.1750030517578 686.1296997070312 270.2680969238281 0.9420039 1.7479298 0.5702094 0.91367984 1.6012286 12.930619 3.0280730724334717 0.1821940839290619
Pedestrian 0.0 0 1.4973926544189453 840.7433471679688 171.9923553466797 869.0604248046875 242.7617645263672 0.6670701 1.7384742 0.62148964 6.235949 1.5310785 17.767021 1.834944248199463 0.17584452033042908
Pedestrian 0.0 0 1.5096182823181152 265.1064453125 167.71331787109375 306.4119567871094 262.23516845703125 1.1218578 1.7428862 0.65697813 -6.2323666 1.5087513 13.681768 1.0821805000305176 0.16586966812610626
Pedestrian 0.0 0 0.7266886234283447 202.48561096191406 157.66835021972656 257.5985107421875 246.5393524169922 0.6895723 1.7009112 0.67001927 -7.424813 1.2655675 13.933929 0.23710107803344727 0.15510885417461395
Pedestrian 0.0 0 1.1802599430084229 837.3189086914062 139.91409301757812 899.1324462890625 248.27581787109375 1.1858287 1.8338045 0.61961365 4.6101136 1.148618 12.5649185 1.5319135189056396 0.13291135430335999
Pedestrian 0.0 0 1.1467024087905884 966.13525390625 156.0853271484375 1017.5089721679688 266.255859375 0.5624309 1.737971 0.5452727 6.2100406 1.3544787 11.4492445 1.6436899900436401 0.10574505478143692
Pedestrian 0.0 0 -2.0518834590911865 1159.8311767578125 157.79542541503906 1224.0 272.0274658203125 0.58082724 1.7148794 0.5811773 9.047985 1.3756938 10.953875 -1.361484169960022 0.10047689825296402
Cyclist 0.0 0 -3.507838249206543 1067.171875 162.85562133789062 1224.0 280.18194580078125 1.9136575 1.5706835 0.85401344 7.8286057 1.3361444 10.144104 -2.8505682945251465 0.7597260475158691
Cyclist 0.0 0 -1.8499059677124023 845.6582641601562 146.20140075683594 895.4315185546875 252.57589721679688 1.65408 1.7506814 0.371228 4.611454 1.1878563 12.470071 -1.495700478553772 0.20615088939666748
Cyclist 0.0 0 1.3754411935806274 259.59576416015625 164.9591064453125 313.3372802734375 260.06707763671875 1.6697168 1.7264776 0.6300468 -6.2320566 1.446007 13.691896 0.9483013153076172 0.13151128590106964
Car 0.0 0 1.0479400157928467 0.0 146.9780731201172 152.9202117919922 276.1963806152344 4.1201344 1.7325064 1.7167428 -9.370283 1.2847296 10.973013 0.34116363525390625 0.1772570163011551
Car 0.0 0 -1.1543141603469849 481.6480712890625 136.38339233398438 579.5624389648438 195.9226531982422 3.4922392 1.608234 1.6146132 -2.1459956 0.4181678 21.003601 -1.2561335563659668 0.12025418877601624
