Pedestrian 0.0 0 -0.6196544170379639 1205.534912109375 171.35621643066406 1242.0 270.9696960449219 0.5584799 1.6669514 0.5599135 10.668536 1.642245 12.375978 0.09178566932678223 0.21821925044059753
Cyclist 0.0 0 2.1680281162261963 891.2239990234375 168.81382751464844 928.71484375 209.22874450683594 1.9522802 1.7942936 0.57771564 13.608458 1.6152807 32.80805 2.5612192153930664 0.2748272120952606
Car 0.0 0 1.9164495468139648 361.8847961425781 185.16749572753906 413.0157470703125 214.2160186767578 4.096535 1.5688931 1.6064504 -13.1700115 2.3355725 42.81772 1.618050217628479 0.8062406182289124
Car 0.0 0 1.3581944704055786 646.56982421875 169.4073028564453 702.3262329101562 208.0194549560547 3.9427226 1.5800551 1.6209601 2.708979 1.4393704 31.581583 1.443762183189392 0.21224640309810638
Car 0.0 0 1.7822191715240479 203.83651733398438 180.24078369140625 240.79983520507812 206.57566833496094 4.09299 1.8631636 1.6365598 -29.237936 2.4436293 54.4688 1.2895797491073608 0.13872763514518738
Car 0.0 0 1.631276249885559 702.427734375 179.2904815673828 726.9865112304688 198.10520935058594 4.519428 1.4204496 1.7018172 8.498665 1.9638608 58.4887 1.7755707502365112 0.13606643676757812
Car 0.0 0 1.7192597389221191 126.71166229248047 186.32843017578125 163.66424560546875 212.48666381835938 3.9324782 1.6854595 1.6246213 -32.704693 2.6743443 50.805237 1.1473071575164795 0.11824173480272293
Car 0.0 0 1.2857352495193481 639.8629150390625 178.5531463623047 674.8770751953125 199.55238342285156 4.241819 1.5826559 1.6693665 3.7279766 2.0577757 57.852264 1.3500858545303345 0.11518645286560059
Car 0.0 0 0.8950365781784058 807.8525390625 173.2015380859375 861.30517578125 193.8565216064453 4.388571 1.5805033 1.7009209 17.853016 1.6097598 57.64129 1.195392370223999 0.11015850305557251
Car 0.0 0 1.82537043094635 227.8988800048828 191.95025634765625 273.2399597167969 217.27699279785156 4.332369 1.5253168 1.7332247 -24.475534 2.8891132 49.21573 1.3638761043548584 0.10451962798833847
