Pedestrian 0.0 0 -1.8888477087020874 762.9867553710938 165.2557830810547 792.5198974609375 225.32501220703125 0.7541877 1.7211438 0.6318293 5.113948 1.2568436 20.980442 -1.6497615575790405 0.7057853937149048
Pedestrian 0.0 0 -2.9922287464141846 502.88055419921875 173.2732391357422 519.0515747070312 207.9556121826172 0.7981499 1.8564694 0.512073 -4.876667 1.4169458 38.713806 -3.1175358295440674 0.5947635173797607
Pedestrian 0.0 0 -3.0310516357421875 538.286376953125 180.62754821777344 558.4038696289062 213.45297241210938 1.022049 1.750273 0.57339686 -2.8531568 1.7045925 38.60478 -3.1048243045806885 0.5644277930259705
Pedestrian 0.0 0 -1.0241836309432983 680.47412109375 171.99095153808594 719.3826293945312 243.69712829589844 0.8193698 1.7173209 0.6154424 2.398462 1.4907824 17.713112 -0.8895962238311768 0.4137115776538849
Pedestrian 0.0 0 0.32544440031051636 509.1978454589844 174.7758331298828 527.0543212890625 206.2722930908203 0.8745859 1.7537102 0.52549666 -4.6779466 1.3801211 40.34214 0.21000313758850098 0.41201359033584595
Pedestrian 0.0 0 -1.8305139541625977 705.3469848632812 188.7809600830078 752.2089233398438 279.4166259765625 0.7048545 1.668616 0.71842164 2.3728101 1.8122878 13.665972 -1.658598780632019 0.30892547965049744
Pedestrian 0.0 0 -1.0498089790344238 92.74555206298828 175.337890625 184.1345672607422 328.03631591796875 0.62614995 1.6494659 0.63962364 -5.2409577 1.5842597 8.086815 -1.62483811378479 0.2708713710308075
Pedestrian 0.0 0 0.65976881980896 487.31341552734375 157.9194793701172 507.22607421875 191.80136108398438 0.9541895 1.9353647 0.62942755 -6.0225873 0.5892161 41.538425 0.5157837867736816 0.24206210672855377
Pedestrian 0.0 0 1.796191692352295 468.59368896484375 187.8946533203125 506.8269958496094 258.08978271484375 0.9436548 1.7123743 0.76260537 -2.8886807 1.879183 18.10743 1.637994647026062 0.2328084409236908
Pedestrian 0.0 0 0.5876253247261047 494.4103088378906 172.6732177734375 513.69140625 206.70541381835938 0.8621972 1.8512383 0.6028502 -5.3607883 1.3719168 39.532093 0.45284152030944824 0.21176305413246155
Car 0.0 0 -1.673897385597229 645.3359375 170.65188598632812 685.6683959960938 205.3555145263672 3.72108 1.6342694 1.6109711 3.124461 1.1243231 35.69838 -1.5865960121154785 0.5080024600028992
Car 0.0 0 -1.2512798309326172 0.0 0.0 53.21026611328125 374.0 3.8543074 1.6245626 1.6915274 -3.6286144 1.2751571 3.0033276 -2.1306841373443604 0.4924447238445282
Car 0.0 0 1.9428391456604004 49.84960174560547 137.2906036376953 453.24908447265625 374.0 4.218248 1.8148211 1.7094663 -2.676987 1.5395743 6.6124372 1.5581663846969604 0.3173280656337738
Car 0.0 0 -0.37904107570648193 726.5695190429688 167.79078674316406 815.1210327148438 201.00784301757812 3.7217371 1.5144132 1.6197169 7.9346294 0.8903236 33.823772 -0.14862018823623657 0.3022725582122803
Car 0.0 0 -1.2860620021820068 742.8317260742188 154.77310180664062 777.0298461914062 182.2559356689453 4.632818 2.3732986 1.7681341 14.301137 0.06571421 64.485374 -1.0678207874298096 0.28946754336357117
