Pedestrian 0.0 0 -2.752828359603882 604.2949829101562 165.9408416748047 620.6494750976562 194.04832458496094 0.93614745 1.789294 0.48561737 0.12773064 1.3495667 46.33268 -2.7500715255737305 0.24717026948928833
Car 0.0 0 2.8731799125671387 751.936279296875 170.30641174316406 821.1506958007812 194.5093231201172 3.8369334 1.4553614 1.5867674 10.755801 1.302528 44.23488 3.1117031574249268 0.949447512626648
Car 0.0 0 2.5994088649749756 0.0 177.95089721679688 118.22501373291016 230.73165893554688 4.1728883 1.5573316 1.6414473 -19.012907 1.7428069 23.961412 1.9286561012268066 0.6932243704795837
Car 0.0 0 1.124415636062622 1005.8363037109375 164.4522247314453 1055.7728271484375 185.40235900878906 4.3332734 1.5545294 1.614584 32.41879 0.9314629 55.76073 1.651039719581604 0.6552264094352722
Car 0.0 0 2.958860397338867 271.2403259277344 172.6310577392578 362.3479309082031 203.24942016601562 4.34775 1.5826616 1.6978678 -15.929454 1.5714958 39.179794 2.5727005004882812 0.48623499274253845
Car 0.0 0 -2.0895497798919678 864.5691528320312 165.52740478515625 913.7059936523438 186.77865600585938 4.2751856 1.6172055 1.7318941 22.017654 1.0600133 57.149303 -1.7218097448349 0.37489625811576843
Car 0.0 0 0.8725029230117798 1069.649658203125 159.99481201171875 1125.80712890625 179.41920471191406 3.854071 1.488924 1.5841098 38.640827 0.5035948 57.304195 1.4657788276672363 0.37438511848449707
Car 0.0 0 1.0590916872024536 1027.59228515625 167.5236358642578 1075.424560546875 186.6830596923828 3.753944 1.4612867 1.5788082 34.750893 1.0550977 56.93324 1.6071083545684814 0.3021504580974579
Car 0.0 0 0.5910351276397705 715.4202270507812 164.1529083251953 767.2761840820312 188.7718048095703 3.7441976 1.8901081 1.6895233 10.381985 1.2224419 57.302963 0.7702679634094238 0.2899397611618042
Car 0.0 0 1.301696538925171 804.8433227539062 165.45399475097656 838.8018188476562 187.90415954589844 3.81357 1.7071154 1.6021626 16.600023 1.144774 56.78196 1.5861172676086426 0.23956896364688873
