Pedestrian 0.0 0 1.6378093957901 345.69659423828125 169.38246154785156 386.4693908691406 246.6308135986328 1.1182308 1.8261254 0.87865436 -5.8877196 1.5649143 17.362679 1.3108760118484497 0.8935868144035339
Pedestrian 0.0 0 1.415322184562683 152.4140625 151.54844665527344 266.2800598144531 370.0 0.5892255 1.7926576 0.6818935 -3.115663 1.5885301 5.464971 0.8971667289733887 0.5344060659408569
Pedestrian 0.0 0 1.334780216217041 401.2353210449219 170.2288055419922 423.5576477050781 217.79025268554688 0.8791873 1.7668545 0.6268857 -7.3304186 1.386805 26.797361 1.0677626132965088 0.26377183198928833
Pedestrian 0.0 0 -2.1485166549682617 914.0394897460938 85.48912811279297 1041.0223388671875 326.39886474609375 0.81035435 1.8660542 0.58698905 3.0277107 1.1318219 5.90517 -1.6747431755065918 0.22367559373378754
Pedestrian 0.0 0 -3.1383845806121826 630.6058349609375 150.9508056640625 643.4328002929688 184.68423461914062 0.7008021 1.8442198 0.5782212 1.7548374 0.23015302 38.955345 -3.093367576599121 0.21337175369262695
Pedestrian 0.0 0 3.130870819091797 425.52386474609375 158.7877197265625 444.7691650390625 191.66868591308594 1.0974514 1.9214212 0.57328093 -10.032472 0.6540234 41.723873 2.8949012756347656 0.20297226309776306
Cyclist 0.0 0 1.827497959136963 518.9382934570312 168.36505126953125 536.1284790039062 198.42755126953125 1.847318 1.713488 0.5480911 -4.5161695 1.0232097 41.249012 1.7184467315673828 0.5210896134376526
Cyclist 0.0 0 -2.1485166549682617 914.0394897460938 85.48912811279297 1041.0223388671875 326.39886474609375 0.81035435 1.8660542 0.58698905 3.0277107 1.1318219 5.90517 -1.6747431755065918 0.12595529854297638
Car 0.0 0 -1.5928152799606323 593.0172119140625 163.35557556152344 642.1488647460938 212.1913299560547 3.438699 1.5913961 1.601701 0.36747673 1.0342604 24.76048 -1.5779751539230347 0.651222288608551
Car 0.0 0 0.7792348861694336 436.4775085449219 176.21307373046875 494.0819396972656 199.2613983154297 4.2027764 1.6532774 1.7249745 -10.40341 1.34706 52.590435 0.5839369297027588 0.40477535128593445
Car 0.0 0 -1.78904128074646 564.2720947265625 169.13937377929688 625.1376953125 208.4573974609375 4.3357544 1.5563223 1.6906246 -0.5443886 1.1081334 30.2876 -1.8070132732391357 0.3349997401237488
Car 0.0 0 1.5728706121444702 463.8514404296875 173.53472900390625 499.3350524902344 205.80015563964844 4.35821 1.5352087 1.670584 -6.2803698 1.205243 35.926315 1.3998068571090698 0.21272629499435425
Car 0.0 0 -2.297694683074951 282.8310852050781 153.108642578125 353.914306640625 180.89854431152344 4.0532413 1.5777874 1.6003332 -16.94309 0.02401242 41.75251 -2.6831893920898438 0.19282065331935883
