Pedestrian 0.0 0 -3.008082151412964 723.65087890625 170.50341796875 735.586669921875 196.70004272460938 0.7433793 1.8071729 0.62098634 8.291514 1.6453749 50.178234 -2.844320774078369 0.23237985372543335
Pedestrian 0.0 0 1.0170166492462158 986.2683715820312 152.43997192382812 1041.8135986328125 245.6087188720703 0.79377925 1.8174121 0.65140444 8.046335 1.4195604 14.483713 1.5241061449050903 0.20095276832580566
Pedestrian 0.0 0 0.5192984342575073 286.2939147949219 179.85240173339844 326.6972351074219 235.9685821533203 0.94762534 1.6950295 0.6598767 -9.408098 1.9151597 22.271742 0.11961245536804199 0.1878415048122406
Pedestrian 0.0 0 1.2423430681228638 894.9262084960938 162.03439331054688 922.2374267578125 212.10470581054688 0.78208137 1.8910196 0.7543807 11.397069 1.4827504 27.661558 1.6331669092178345 0.17177429795265198
Pedestrian 0.0 0 1.9957321882247925 128.72561645507812 159.4402313232422 169.56240844726562 226.70175170898438 0.8277524 1.8453219 0.68701327 -12.9713125 1.4776726 20.251755 1.4260621070861816 0.1476154327392578
Cyclist 0.0 0 0.4279519021511078 239.69113159179688 188.7803497314453 290.6737976074219 236.31861877441406 1.6690373 1.8476009 0.75009096 -13.741771 2.4899642 28.692501 -0.01870008371770382 0.36183756589889526
Cyclist 0.0 0 0.47230762243270874 678.271728515625 189.6135711669922 702.7318115234375 215.22039794921875 1.7033272 1.8732872 0.7046454 6.056218 3.158342 54.5435 0.5828893184661865 0.22343097627162933
Car 0.0 0 1.754415512084961 283.3324279785156 195.81997680664062 480.4577331542969 347.2870178222656 4.605627 1.49953 1.7585032 -2.9667656 1.9015878 10.23969 1.4724053144454956 0.951802134513855
Car 0.0 0 0.602683424949646 676.9246826171875 184.3963165283203 739.3397827148438 210.1763458251953 3.6183205 1.5201824 1.7012961 6.205312 2.2866397 46.042507 0.736649751663208 0.25919225811958313
Car 0.0 0 -1.2685375213623047 57.81147766113281 209.2316131591797 162.5816192626953 267.5629577636719 3.9351268 1.4946239 1.6738795 -16.008873 2.7753296 23.26541 -1.8712304830551147 0.2243751585483551
Car 0.0 0 -2.4637882709503174 1085.674560546875 212.59384155273438 1242.0 375.0 3.885083 1.4200088 1.6079787 3.7399418 1.6787827 2.7081335 -1.5197172164916992 0.18381012976169586
