Car 0.0 0 -1.7757285833358765 708.0806884765625 187.42103576660156 846.3042602539062 282.1372375488281 3.945441 1.3732573 1.6011896 2.7818015 1.6769142 13.043492 -1.5656054019927979 0.9751925468444824
Car 0.0 0 -1.7165749073028564 677.2537841796875 179.8325958251953 748.1099853515625 230.3558349609375 4.11513 1.3762023 1.558677 3.0253277 1.6121327 22.287844 -1.5816606283187866 0.9587723612785339
Car 0.0 0 0.4415058493614197 170.65892028808594 166.37808227539062 424.4914245605469 253.46226501464844 4.2911696 1.6093738 1.7053465 -6.0934024 1.4900525 14.2649145 0.03780698776245117 0.9236214756965637
Car 0.0 0 0.7978557348251343 0.0 194.10191345214844 250.87730407714844 375.0 4.075019 1.5248126 1.6589867 -5.9262056 1.7588347 6.9230094 0.08987951278686523 0.8977970480918884
Car 0.0 0 -1.7066991329193115 650.1270141601562 172.83335876464844 689.2452392578125 203.63092041015625 4.047643 1.6575327 1.6663309 3.294909 1.6567801 40.897537 -1.6263078451156616 0.8910142779350281
Car 0.0 0 0.24319127202033997 297.1704406738281 182.35693359375 481.96453857421875 243.0210723876953 4.4497237 1.5175047 1.7065785 -5.825178 1.7849154 19.311039 -0.049778759479522705 0.8749019503593445
Car 0.0 0 1.640978455543518 554.0435791015625 177.52117919921875 587.5528564453125 207.02357482910156 3.4939551 1.4241521 1.4830334 -2.0150175 1.6761559 37.142635 1.5867807865142822 0.8438414335250854
Car 0.0 0 3.254987955093384 401.8527526855469 174.9566192626953 513.988037109375 216.695068359375 4.173049 1.5839764 1.6775464 -5.9726562 1.670429 28.512444 3.0484981536865234 0.8245206475257874
Car 0.0 0 -2.740355968475342 211.11898803710938 170.94419860839844 411.9828796386719 236.481201171875 4.032663 1.4539396 1.5759753 -6.9001384 1.4119287 16.816437 -3.129728078842163 0.6192875504493713
Car 0.0 0 0.4044967591762543 360.9819641113281 180.84994506835938 494.3030090332031 230.8355255126953 3.6909592 1.4463583 1.5017257 -5.624477 1.7045563 22.234478 0.15673232078552246 0.5879097580909729
