Pedestrian 0.0 0 1.8135085105895996 1056.671142578125 163.8229522705078 1105.9814453125 262.1195373535156 0.72558856 1.6958483 0.5828252 8.381636 1.5403993 12.906141 2.3894829750061035 0.3259372413158417
Pedestrian 0.0 0 -0.9592236280441284 256.3336486816406 153.68443298339844 279.5137634277344 190.0658721923828 0.8618977 1.8273212 0.6984009 -17.442047 0.86485416 36.721054 -1.402661919593811 0.30183735489845276
Pedestrian 0.0 0 -0.8872604370117188 0.0 26.917360305786133 164.30416870117188 375.0 0.6804044 1.6563733 0.6071087 -2.3935933 1.1290828 2.9466522 -1.5694621801376343 0.2845718264579773
Pedestrian 0.0 0 -1.8155187368392944 407.6735534667969 156.58619689941406 426.2165832519531 198.0731964111328 0.5739269 1.996173 0.7556615 -9.444428 1.2137954 35.148876 -2.078016519546509 0.18747831881046295
Pedestrian 0.0 0 2.5494027137756348 954.299072265625 144.77093505859375 1007.8779907226562 194.2322998046875 1.6909765 1.804202 0.6508366 13.702064 0.78017426 26.740005 3.022935390472412 0.13492637872695923
Cyclist 0.0 0 2.5494027137756348 954.299072265625 144.77093505859375 1007.8779907226562 194.2322998046875 1.6909765 1.804202 0.6508366 13.702064 0.78017426 26.740005 3.022935390472412 0.3213629126548767
Car 0.0 0 -1.890454649925232 759.8696899414062 179.3934783935547 988.4185180664062 323.6681213378906 3.7133298 1.4890751 1.6346577 3.1200988 1.5921295 9.470552 -1.5722007751464844 0.9734974503517151
Car 0.0 0 -1.440589427947998 440.0426025390625 178.158935546875 522.0617065429688 243.40185546875 3.8439791 1.5449576 1.672604 -3.3968372 1.7020462 19.358038 -1.614295244216919 0.9557522535324097
Car 0.0 0 -1.7820980548858643 670.4730834960938 177.76211547851562 754.7190551757812 239.26048278808594 3.6425555 1.5530083 1.6044562 2.7506735 1.7048948 20.3956 -1.6480408906936646 0.9417034983634949
Car 0.0 0 -1.7952673435211182 706.7222900390625 171.15020751953125 813.6265258789062 249.9394073486328 3.3306808 1.5289946 1.5408292 3.0936496 1.4962885 15.687048 -1.6005555391311646 0.9357582926750183
Car 0.0 0 -1.6023460626602173 647.6085205078125 175.76170349121094 683.8846435546875 209.3979949951172 3.4607487 1.4609698 1.5555462 2.4972627 1.6030535 33.403717 -1.5277248620986938 0.916662335395813
Car 0.0 0 -1.624263882637024 618.6818237304688 171.54052734375 641.2401733398438 191.9556884765625 3.436468 1.6029478 1.6386312 1.5647206 1.500175 58.390102 -1.5974725484848022 0.3040275275707245
