Pedestrian 0.0 0 -1.6003228425979614 552.9725952148438 168.388671875 577.5712890625 234.16680908203125 0.6963667 1.7701466 0.6514505 -1.0285512 1.418471 19.701998 -1.652480959892273 0.8697360754013062
Pedestrian 0.0 0 2.126837730407715 690.7671508789062 156.59178161621094 803.7138671875 347.3584289550781 0.98030275 1.7689934 0.7115571 1.4339556 1.539394 7.2596297 2.321851968765259 0.8129795789718628
Pedestrian 0.0 0 -1.5570847988128662 602.0115356445312 171.9252471923828 621.4979248046875 234.82989501953125 0.82861775 1.6726238 0.5182917 0.25351894 1.419198 19.518864 -1.5440970659255981 0.7783706784248352
Pedestrian 0.0 0 -0.746795654296875 288.94378662109375 196.3809356689453 354.3373718261719 313.6172180175781 0.61348933 1.580284 0.6108141 -4.009551 1.8012724 10.192832 -1.1215732097625732 0.6526990532875061
Pedestrian 0.0 0 -3.553196430206299 1018.5949096679688 148.50877380371094 1087.162109375 282.33831787109375 0.55873144 1.693975 0.62087977 5.8700256 1.2777166 9.437367 -2.9967586994171143 0.6366739273071289
Pedestrian 0.0 0 -0.2431878298521042 589.08984375 170.4842529296875 613.788818359375 229.9790496826172 0.595606 1.6838653 0.5455761 -0.03285988 1.3732342 20.665056 -0.24477794766426086 0.6067646741867065
Pedestrian 0.0 0 3.3024239540100098 395.72906494140625 197.60867309570312 440.698974609375 303.5323181152344 0.59839225 1.6818548 0.88109463 -3.0918388 1.9629791 12.010662 3.0504698753356934 0.5896257758140564
Pedestrian 0.0 0 1.5354728698730469 632.2283935546875 167.26116943359375 648.4601440429688 209.82659912109375 0.775358 1.6757745 0.61824656 1.5306706 1.1162096 28.670975 1.5888097286224365 0.5818876028060913
Pedestrian 0.0 0 1.2289570569992065 483.5201416015625 173.5348358154297 516.5927124023438 240.2167510986328 0.7773182 1.708037 0.63591695 -2.702987 1.5051888 18.889284 1.0868256092071533 0.4865330457687378
Pedestrian 0.0 0 -0.4015246033668518 925.6844482421875 131.98822021484375 1024.87451171875 278.8717346191406 0.953059 1.8208036 0.653263 4.7505975 1.2083817 9.26228 0.0723874568939209 0.4713670313358307
Pedestrian 0.0 0 -0.30921849608421326 578.5347290039062 167.25186157226562 598.6530151367188 213.98318481445312 0.5846718 1.7714691 0.71148837 -0.5173689 1.2323847 27.658636 -0.3279218375682831 0.4560434818267822
Pedestrian 0.0 0 1.2566097974777222 639.2901611328125 167.78585815429688 658.5205078125 209.25833129882812 0.7929675 1.6917795 0.5767824 1.945906 1.1333324 29.75561 1.3219131231307983 0.45109355449676514
Pedestrian 0.0 0 -0.32016313076019287 647.109130859375 164.84449768066406 671.830810546875 219.42385864257812 0.6360232 1.7604715 0.6458661 1.873841 1.2243401 23.556917 -0.24078501760959625 0.44102686643600464
Pedestrian 0.0 0 0.36688560247421265 623.0744018554688 168.4512481689453 641.5760498046875 202.20999145507812 0.82688713 1.7475591 0.54633987 1.6130106 1.072934 37.59808 0.4097607135772705 0.41834691166877747
Pedestrian 0.0 0 -0.15427786111831665 752.1113891601562 139.228515625 802.858642578125 217.9467010498047 1.0867745 1.8382679 0.6525492 4.1541104 0.8523271 17.142756 0.08346390724182129 0.41787219047546387
Pedestrian 0.0 0 2.7683181762695312 656.3026733398438 164.8244171142578 684.5150146484375 213.29396057128906 0.8940423 1.7796054 0.58627594 2.5474012 1.1683874 26.776447 2.863168716430664 0.37430253624916077
Pedestrian 0.0 0 -0.13567911088466644 668.1766967773438 162.38246154785156 688.0416259765625 216.73655700683594 0.5743518 1.7670187 0.5914423 2.4958298 1.146612 23.654385 -0.030555710196495056 0.3555753529071808
Pedestrian 0.0 0 -1.1389973163604736 328.8579406738281 193.97540283203125 393.0563049316406 309.6168212890625 0.60785836 1.7383363 0.7678584 -3.786178 1.9403551 11.212289 -1.4646557569503784 0.32139453291893005
Pedestrian 0.0 0 1.9453827142715454 394.3118591308594 174.86485290527344 445.64947509765625 276.54107666015625 0.78455734 1.8179219 0.6820471 -3.3814352 1.70056 13.272641 1.6959222555160522 0.3155566453933716
Pedestrian 0.0 0 0.8845833539962769 425.78485107421875 188.80247497558594 461.70159912109375 265.0546875 0.3330983 1.7036592 0.77215743 -3.660175 1.8770692 16.530844 0.6666839122772217 0.30615949630737305
Pedestrian 0.0 0 0.5533782243728638 489.1632080078125 171.09945678710938 526.1063842773438 234.14927673339844 0.9146449 1.8140322 0.56856215 -2.7842748 1.5159326 21.111626 0.42225146293640137 0.3043445944786072
Pedestrian 0.0 0 3.1421687602996826 511.2992858886719 175.7933807373047 525.1502685546875 202.8470916748047 0.8750089 1.7183211 0.48427293 -5.311379 1.3565785 45.913174 3.0269975662231445 0.26066431403160095
Pedestrian 0.0 0 -3.5815563201904297 949.4853515625 136.70492553710938 1068.959716796875 265.2712707519531 1.3730725 1.7891858 0.59376806 5.797348 1.1671176 10.338942 -3.0705130100250244 0.1299520879983902
Cyclist 0.0 0 -3.5815563201904297 949.4853515625 136.70492553710938 1068.959716796875 265.2712707519531 1.3730725 1.7891858 0.59376806 5.797348 1.1671176 10.338942 -3.0705130100250244 0.2918817400932312
Cyclist 0.0 0 -2.2591404914855957 931.1967163085938 127.87004089355469 1018.1304321289062 276.0035705566406 0.9265613 1.8143891 0.5278843 4.7656565 1.1588514 9.304718 -1.785799264907837 0.14879895746707916
Cyclist 0.0 0 1.289766550064087 465.1479187011719 174.0331573486328 497.0798645019531 240.8897247314453 0.8504613 1.7158598 0.6173018 -3.2123299 1.5254014 18.95035 1.121849775314331 0.13119612634181976
Cyclist 0.0 0 -3.3542473316192627 756.5765380859375 142.91854858398438 806.46142578125 221.67861938476562 1.0429869 1.8410743 0.62444395 4.245587 0.94040906 17.116959 -3.1111199855804443 0.11780203878879547
Cyclist 0.0 0 1.936541199684143 658.98876953125 164.7084503173828 681.8474731445312 212.85694885253906 0.8680431 1.7601653 0.577033 2.5548344 1.1473598 26.774616 2.0316731929779053 0.10418955981731415
Car 0.0 0 1.3318570852279663 594.4111938476562 169.04171752929688 630.2835693359375 192.27561950683594 4.3438196 1.6755838 1.7150135 0.7929577 0.7777255 54.110542 1.346510410308838 0.2985614240169525
Car 0.0 0 1.7083814144134521 521.8088989257812 176.11141967773438 549.6434936523438 196.805908203125 3.6856968 1.4503425 1.5258815 -4.7255588 1.0733255 52.217728 1.618130087852478 0.28536081314086914
