Pedestrian 0.0 0 2.2160048484802246 749.3466186523438 170.21319580078125 786.6614990234375 237.02552795410156 0.87087774 1.8145096 0.61726516 4.358344 1.7431481 20.111162 2.429417371749878 0.2816942632198334
Pedestrian 0.0 0 1.6473186016082764 936.2593994140625 154.52276611328125 961.3424682617188 207.1134490966797 0.91205555 1.9173177 0.7800685 12.588455 1.2493672 26.891525 2.0851383209228516 0.2531087398529053
Car 0.0 0 1.4139914512634277 421.4000244140625 186.00424194335938 496.9290771484375 235.28993225097656 3.9463248 1.3222729 1.7043209 -4.8615723 1.7746058 22.648897 1.2025504112243652 0.9378010630607605
Car 0.0 0 1.5797666311264038 347.7156982421875 183.56773376464844 402.1263427734375 232.29855346679688 3.5470643 1.3544015 1.515118 -7.4574304 1.722069 22.814903 1.2638473510742188 0.9143936634063721
Car 0.0 0 -2.1105258464813232 0.0 202.33851623535156 64.88711547851562 277.3620910644531 3.5405924 1.4510549 1.5498288 -14.386199 2.166458 16.223974 -2.8359580039978027 0.6948392391204834
Car 0.0 0 -2.1990320682525635 89.63316345214844 177.621826171875 339.0783996582031 296.3053283691406 4.4543304 1.8840636 1.7415841 -7.3839407 1.9838991 13.321073 -2.705174684524536 0.5167094469070435
Car 0.0 0 1.7445780038833618 798.9301147460938 155.24441528320312 863.258544921875 199.77508544921875 4.1619296 1.5659425 1.6570412 8.481103 0.9470509 27.600636 2.0426995754241943 0.3509346842765808
Car 0.0 0 1.4686274528503418 978.5001831054688 181.21942138671875 1039.827880859375 227.2628936767578 3.4431107 1.4254255 1.493832 13.64836 1.7361801 24.893185 1.970146894454956 0.34973737597465515
Car 0.0 0 3.3945024013519287 0.0 190.91006469726562 73.32048797607422 231.32603454589844 3.8283691 1.4864403 1.5512998 -24.446735 2.2607872 29.408627 2.7009785175323486 0.33898982405662537
Car 0.0 0 -2.6986982822418213 359.211669921875 174.9243621826172 457.81097412109375 207.796142578125 4.30754 1.5227659 1.5800959 -9.703808 1.6260089 34.70972 -2.971308469772339 0.26053348183631897
