Pedestrian 0.0 0 1.7914403676986694 1024.587646484375 172.37896728515625 1052.3206787109375 227.67453002929688 0.6495594 1.5719876 0.56449425 12.389528 1.5588412 20.939674 2.3257176876068115 0.1894759088754654
Pedestrian 0.0 0 3.7260074615478516 27.597427368164062 207.14486694335938 146.40689086914062 375.0 0.8462268 1.7359523 0.55209595 -5.522602 2.1103997 7.57367 3.0959620475769043 0.1587199717760086
Cyclist 0.0 0 -1.6656031608581543 676.66552734375 174.93984985351562 685.6646728515625 205.00877380371094 1.5655948 1.7249752 0.3759884 4.1316195 1.8498353 42.281933 -1.568196415901184 0.19847413897514343
Car 0.0 0 -3.196773052215576 990.097412109375 181.3354034423828 1203.592041015625 253.69285583496094 4.1253915 1.5376225 1.6979808 11.551144 1.7647617 17.51793 -2.6138253211975098 0.9207417368888855
Car 0.0 0 -0.7818537950515747 704.2313842773438 197.74497985839844 776.6580200195312 235.7675323486328 3.1391857 1.5872594 1.5589265 6.058588 2.8016798 33.657616 -0.6037545800209045 0.857312023639679
Car 0.0 0 -0.068585105240345 520.4745483398438 185.97079467773438 569.249267578125 206.4363250732422 3.77957 1.564491 1.7744715 -5.2657213 2.6377199 57.83857 -0.15937650203704834 0.475124716758728
Car 0.0 0 0.7763733863830566 280.8578796386719 204.5134735107422 369.1807861328125 241.60684204101562 4.1443443 1.6256813 1.5924386 -14.177592 3.263895 35.785954 0.3991665840148926 0.28602850437164307
Car 0.0 0 2.2581026554107666 650.92431640625 177.58120727539062 699.66748046875 197.52938842773438 4.3241534 1.5796908 1.6992482 5.4646335 1.9890251 60.28493 2.3485023975372314 0.2840425670146942
Car 0.0 0 2.5541951656341553 622.7398681640625 186.7219696044922 680.7285766601562 209.1202392578125 4.0888305 1.5511957 1.6613944 3.1026673 2.6209059 53.884666 2.6117115020751953 0.24290017783641815
Car 0.0 0 1.9842727184295654 911.2975463867188 185.99046325683594 1005.484619140625 229.69235229492188 4.157647 1.4797078 1.7247266 13.349809 2.0198715 27.640444 2.4342126846313477 0.18115410208702087
