Pedestrian 0.0 0 -3.615208625793457 1190.587646484375 138.0869598388672 1242.0 279.3168029785156 0.70924735 1.7101734 0.4600788 7.7606263 1.2895317 9.040962 -2.9058666229248047 0.3794938921928406
Pedestrian 0.0 0 0.6613801121711731 315.2522888183594 164.11929321289062 356.0249938964844 231.91830444335938 0.8090256 1.6338028 0.48567638 -6.7904243 1.4236742 17.734858 0.2957139015197754 0.1998208910226822
Pedestrian 0.0 0 -0.2100253701210022 1129.6524658203125 123.1541748046875 1242.0 316.0788879394531 0.99561584 1.8100859 0.71796864 5.887804 1.344143 7.311886 0.46790099143981934 0.16721360385417938
Pedestrian 0.0 0 0.6172288060188293 1186.224365234375 168.98739624023438 1242.0 275.3565673828125 0.68676275 1.6480867 0.5500228 9.75865 1.5885351 11.578108 1.3175593614578247 0.16057492792606354
Car 0.0 0 -3.1651358604431152 958.1564331054688 188.27503967285156 1135.4063720703125 248.02529907226562 4.0457 1.4387727 1.6285772 11.881124 1.9020467 19.953732 -2.6280806064605713 0.8858664035797119
Car 0.0 0 -0.8006101846694946 710.33447265625 196.61524963378906 781.7784423828125 230.2439422607422 3.4699953 1.5075965 1.5557429 6.8243876 2.7570853 36.292454 -0.614741861820221 0.8439885377883911
Car 0.0 0 1.5708574056625366 549.033935546875 192.9420623779297 570.7180786132812 213.07650756835938 4.024059 1.5408003 1.7811196 -4.2896028 3.3085685 61.41126 1.5011202096939087 0.2503491938114166
Car 0.0 0 2.329007625579834 660.5797119140625 179.3565673828125 709.4354248046875 198.9097137451172 4.333342 1.60564 1.7112039 6.5201597 2.1894445 62.67771 2.432661533355713 0.22795499861240387
Car 0.0 0 0.5733312368392944 353.85693359375 202.13539123535156 439.34417724609375 235.96812438964844 4.109046 1.5973204 1.5171943 -11.157713 3.1778257 37.628704 0.28506898880004883 0.22259187698364258
Car 0.0 0 2.528552293777466 635.439453125 185.9766082763672 690.8657836914062 207.6917724609375 4.1090703 1.5880177 1.7120236 4.1654243 2.6524885 56.716656 2.601863384246826 0.1680803745985031
Car 0.0 0 -1.6150025129318237 629.1847534179688 178.240234375 663.3261108398438 216.8710174560547 4.6597004 2.1025639 1.7802391 2.0339706 2.4357722 42.25246 -1.5669010877609253 0.16378620266914368
