Pedestrian 0.0 0 -3.5607268810272217 1153.9547119140625 152.11691284179688 1176.850341796875 187.4786834716797 0.8271387 1.908477 0.5715041 30.221693 0.7896529 39.31331 -2.9053399562835693 0.21884077787399292
Cyclist 0.0 0 1.3149068355560303 688.2711181640625 158.7589874267578 717.872802734375 216.53158569335938 1.7403257 1.8037406 0.5246465 2.9589796 1.3640329 23.42152 1.4405770301818848 0.9056243300437927
Cyclist 0.0 0 0.2322770357131958 1108.445068359375 151.9337158203125 1151.3336181640625 187.14463806152344 1.7352986 1.8119577 0.62165296 27.322392 0.73575586 37.986603 0.8558151721954346 0.1853550225496292
Car 0.0 0 -1.5153679847717285 585.6536254882812 174.7642822265625 612.7453002929688 198.87217712402344 3.8430736 1.5336039 1.5996047 -0.71592325 1.6666402 48.159096 -1.5302326679229736 0.6544972658157349
Car 0.0 0 2.147050142288208 0.0 204.2577667236328 126.40888214111328 255.782470703125 3.9672976 1.430455 1.6848325 -18.566511 2.5882635 24.552454 1.4995942115783691 0.4256967306137085
Car 0.0 0 1.9782843589782715 169.69798278808594 192.65443420410156 243.53640747070312 228.8076629638672 3.9326985 1.4927611 1.6140679 -18.977331 2.483757 34.05898 1.4699375629425049 0.20349903404712677
Car 0.0 0 1.739558219909668 420.2181396484375 174.57369995117188 472.4122009277344 210.51058959960938 4.143472 1.4705706 1.570902 -7.1868277 1.5518421 31.83585 1.5175334215164185 0.16184040904045105
Car 0.0 0 0.07299059629440308 1025.94873046875 154.53184509277344 1103.5142822265625 179.88885498046875 4.0198755 1.5301666 1.6463546 28.54884 0.42487615 45.392677 0.6344113349914551 0.15873219072818756
Car 0.0 0 1.8326278924942017 377.144775390625 175.43328857421875 450.01861572265625 218.6585235595703 4.0737615 1.4506937 1.5766034 -7.153884 1.5530584 26.494593 1.568903923034668 0.14082783460617065
Car 0.0 0 -1.2063133716583252 271.0457763671875 175.3185577392578 397.7514343261719 239.08901977539062 4.044872 1.4249116 1.6526718 -6.8637886 1.4947218 18.303373 -1.5650851726531982 0.13219323754310608
Car 0.0 0 -3.1293511390686035 1133.635986328125 154.49014282226562 1210.1529541015625 182.68870544433594 3.55029 1.6154778 1.6123301 33.461758 0.5637819 43.070354 -2.4688491821289062 0.1278446465730667
