Pedestrian 0.0 0 1.5783661603927612 695.1271362304688 131.375732421875 719.58154296875 196.08001708984375 0.7346792 1.8509028 0.6948252 2.7944624 0.66475135 21.049343 1.7103520631790161 0.41187161207199097
Pedestrian 0.0 0 1.904297947883606 375.7402038574219 176.05035400390625 412.2426452636719 246.38430786132812 0.7939922 1.8616964 0.7290027 -5.890263 1.9504714 19.54484 1.6115831136703491 0.37254661321640015
Pedestrian 0.0 0 -2.7824959754943848 347.7462158203125 178.858642578125 383.9323425292969 247.7785186767578 0.7096098 1.8155951 0.7432455 -6.6229506 1.9810567 19.454197 -3.1106271743774414 0.347135990858078
Pedestrian 0.0 0 1.1982436180114746 800.263671875 102.0849609375 852.7111206054688 221.8380584716797 0.6248469 1.6767406 0.53331214 3.0675395 0.6862154 10.434292 1.4841742515563965 0.3447493016719818
Pedestrian 0.0 0 -1.710895299911499 690.8106079101562 159.3941650390625 705.011474609375 188.35299682617188 1.0954335 1.6618035 0.6718103 5.0727644 0.88976836 41.95699 -1.5905753374099731 0.25935783982276917
Car 0.0 0 -1.918844223022461 773.8798828125 179.06085205078125 1053.6666259765625 366.2781066894531 3.4377282 1.5314323 1.5718932 2.869521 1.6132123 7.73812 -1.5637351274490356 0.9805911183357239
Car 0.0 0 -1.30355703830719 318.52923583984375 202.1436767578125 453.16912841796875 292.7854919433594 3.610798 1.388209 1.5862417 -4.247544 2.0332577 14.053299 -1.5970724821090698 0.9779150485992432
Car 0.0 0 -1.719267725944519 677.313720703125 179.9403839111328 760.4672241210938 245.52342224121094 3.4127944 1.4535338 1.5446955 2.5806284 1.6481991 18.070206 -1.5774157047271729 0.9703168869018555
Car 0.0 0 -1.3709967136383057 425.51812744140625 180.3592987060547 502.79656982421875 239.77679443359375 4.0242934 1.6964244 1.654951 -4.61211 1.9582696 23.121304 -1.5678869485855103 0.9409823417663574
Car 0.0 0 -1.7036200761795044 647.7429809570312 177.651123046875 690.40869140625 210.8957977294922 3.4128642 1.4430368 1.5294799 2.6598742 1.6781731 33.56536 -1.6245406866073608 0.834233283996582
Car 0.0 0 1.6793073415756226 492.2710266113281 182.15476989746094 531.4010620117188 213.02554321289062 3.8187566 1.4526218 1.5873164 -5.024703 1.9553604 37.041454 1.544479489326477 0.8340204954147339
Car 0.0 0 -1.6727880239486694 566.816650390625 176.5947265625 587.7777099609375 193.57627868652344 3.6332293 1.4897089 1.5506045 -3.0375793 1.8424013 66.04721 -1.7187466621398926 0.26597854495048523
