Pedestrian 0.0 0 3.048691749572754 617.3052978515625 161.16990661621094 735.31884765625 337.7873840332031 1.1852931 1.7919499 0.59791684 0.6782354 1.5975212 7.469044 3.139249563217163 0.862194836139679
Pedestrian 0.0 0 -1.439335584640503 668.0623779296875 176.98011779785156 710.2434692382812 267.4069519042969 0.7012514 1.6392696 0.70088756 1.5405321 1.5771013 13.238247 -1.3234868049621582 0.3721177279949188
Pedestrian 0.0 0 1.604105830192566 840.4373168945312 173.19622802734375 868.0918579101562 244.37571716308594 0.71587145 1.7464195 0.63459617 6.2408886 1.5688162 17.791351 1.9414772987365723 0.2023947387933731
Pedestrian 0.0 0 -1.7842211723327637 1014.5704345703125 174.27255249023438 1066.39599609375 278.1202087402344 0.60446495 1.6772696 0.6204952 7.212918 1.5783421 11.802209 -1.2356436252593994 0.1941356211900711
Pedestrian 0.0 0 1.9754276275634766 676.585205078125 167.87110900878906 719.5565185546875 255.87709045410156 0.76646894 1.7448682 0.62437236 1.8732121 1.4961082 14.502183 2.103883981704712 0.12399958819150925
Pedestrian 0.0 0 -3.0849313735961914 868.4608154296875 137.7118682861328 916.8775634765625 254.441162109375 0.7147159 1.8692242 0.574193 4.7326264 1.1856984 11.729227 -2.7014198303222656 0.1024739146232605
Pedestrian 0.0 0 1.6355586051940918 555.6241455078125 160.39041137695312 584.2014770507812 232.73020935058594 0.8196296 1.7566876 0.660536 -0.90203464 1.2699491 17.57912 1.5842907428741455 0.10154028236865997
Pedestrian 0.0 0 0.9679652452468872 958.2408447265625 147.02914428710938 1015.99072265625 256.1234436035156 0.5425376 1.7410038 0.63642806 6.2078238 1.208507 11.583419 1.4599368572235107 0.10012856125831604
Cyclist 0.0 0 -2.0604076385498047 841.97509765625 151.98175048828125 907.0148315429688 259.51385498046875 1.4428443 1.7661313 0.42629662 4.633433 1.2993928 12.350804 -1.7015033960342407 0.10780138522386551
Car 0.0 0 -2.1995151042938232 1138.3714599609375 125.64644622802734 1224.0 252.11856079101562 4.089807 1.8314558 1.7954451 11.551097 1.0387805 12.373043 -1.4484597444534302 0.1296665370464325
Car 0.0 0 -1.2198566198349 486.08258056640625 138.87738037109375 576.9820556640625 197.5039520263672 3.5001037 1.6042659 1.6068754 -2.143907 0.46687758 21.237356 -1.3204655647277832 0.11222616583108902
