Pedestrian 0.0 0 0.9065204858779907 833.3531494140625 154.61798095703125 906.7376098632812 286.8655700683594 0.72300076 1.8267637 0.69283384 3.8218937 1.4567577 10.370102 1.2596237659454346 0.8480908870697021
Pedestrian 0.0 0 1.461588740348816 623.8281860351562 174.5087127685547 645.3870239257812 228.70448303222656 0.95772 1.8784379 0.658592 1.1431717 1.6371852 25.394056 1.5065757036209106 0.6529914736747742
Pedestrian 0.0 0 -2.735595941543579 472.17059326171875 176.54556274414062 504.8179016113281 228.08795166015625 0.8874821 1.6870381 0.65921795 -3.7842407 1.5259645 23.938143 -2.8923826217651367 0.6324582695960999
Pedestrian 0.0 0 -1.8131102323532104 601.7478637695312 179.5023956298828 624.0692749023438 228.3776092529297 0.8481472 1.689365 0.59857976 0.37597343 1.6213863 25.307175 -1.7982549667358398 0.6058387160301208
Pedestrian 0.0 0 -0.8564307689666748 50.07284164428711 196.82693481445312 157.0015106201172 371.5888671875 0.59805787 1.7415888 0.7050476 -5.263671 1.9112092 7.549052 -1.4653171300888062 0.43958520889282227
Pedestrian 0.0 0 -2.291511058807373 816.5947265625 168.2235870361328 865.4840087890625 250.9331817626953 0.799748 1.6775489 0.5893492 4.9744787 1.4095135 15.050176 -1.9722888469696045 0.4378677308559418
Pedestrian 0.0 0 -0.09512455016374588 657.4256591796875 175.88552856445312 696.785888671875 257.1148986816406 0.7974291 1.7556762 0.72972524 1.6275616 1.6355517 15.890964 0.006940126419067383 0.4217279851436615
Pedestrian 0.0 0 -2.684037446975708 432.20257568359375 174.87989807128906 463.0746765136719 229.20750427246094 0.8110639 1.7824756 0.6354083 -5.153482 1.566361 23.972612 -2.8957884311676025 0.3822217583656311
Pedestrian 0.0 0 0.13309112191200256 634.2579345703125 176.869384765625 675.638916015625 247.41253662109375 1.0206347 1.827581 0.61892533 1.3903718 1.7087879 19.014824 0.20608162879943848 0.3530425727367401
Pedestrian 0.0 0 -0.04300812631845474 558.14697265625 175.2812042236328 573.0795288085938 206.61502075195312 0.840984 1.7995992 0.5059656 -2.0733492 1.4432222 41.544525 -0.09287343174219131 0.3299923837184906
Pedestrian 0.0 0 -0.9610430002212524 753.5729370117188 218.6375732421875 883.9960327148438 374.0 0.7601025 1.5946416 0.7279502 1.7386984 1.9295324 5.926635 -0.675679624080658 0.32650747895240784
Pedestrian 0.0 0 2.4961915016174316 723.0045166015625 154.03192138671875 807.4061279296875 289.90985107421875 0.8063218 1.6314946 0.6597383 2.0185487 1.3030267 9.089664 2.7147161960601807 0.2727874219417572
Pedestrian 0.0 0 1.484296202659607 868.2672119140625 139.00511169433594 912.3953857421875 248.8029327392578 0.60827327 1.7807193 0.63247615 4.785134 1.0928216 12.029777 1.8628822565078735 0.2612265646457672
Pedestrian 0.0 0 1.4942283630371094 0.0 173.43165588378906 22.883108139038086 245.87173461914062 0.66032153 1.9002291 0.6322766 -16.019173 1.689752 19.297657 0.8013956546783447 0.2604316473007202
Pedestrian 0.0 0 -1.7224233150482178 742.2392578125 154.2417449951172 760.1597900390625 198.91799926757812 0.709451 1.7209209 0.58278424 5.8224287 0.6719579 28.037218 -1.5176658630371094 0.2581762969493866
Pedestrian 0.0 0 1.730363368988037 383.6971130371094 171.2106170654297 416.5393981933594 240.10354614257812 1.7885481 1.778355 0.5835913 -5.4653215 1.5139267 19.461697 1.4565902948379517 0.11542290449142456
Cyclist 0.0 0 1.7229413986206055 384.405517578125 174.63059997558594 417.4369812011719 243.52200317382812 1.8376641 1.7893279 0.60024863 -5.4820905 1.6120806 19.60308 1.4502530097961426 0.5268973708152771
Cyclist 0.0 0 2.52093505859375 657.9270629882812 169.6694793701172 686.6354370117188 199.53782653808594 1.6829457 1.8156868 0.68160987 4.3845844 1.0972613 44.37984 2.6194121837615967 0.46980464458465576
Cyclist 0.0 0 2.490463972091675 718.3316650390625 153.65106201171875 808.6349487304688 292.13421630859375 0.87958246 1.6568958 0.6842411 1.996249 1.3250378 9.087541 2.706698417663574 0.15582260489463806
Cyclist 0.0 0 -1.7224233150482178 742.2392578125 154.2417449951172 760.1597900390625 198.91799926757812 0.709451 1.7209209 0.58278424 5.8224287 0.6719579 28.037218 -1.5176658630371094 0.12311890721321106
Cyclist 0.0 0 -2.8033618927001953 471.40667724609375 179.42877197265625 503.19744873046875 231.8820343017578 0.87054133 1.7177913 0.68132365 -3.8225834 1.651051 23.935167 -2.9617302417755127 0.12298090010881424
Car 0.0 0 2.1236727237701416 0.0 200.91563415527344 395.4788513183594 374.0 4.083283 1.503363 1.6830968 -3.280888 1.7227228 5.9811687 1.6219539642333984 0.9486296772956848
Car 0.0 0 -1.5163977146148682 490.2189636230469 185.98866271972656 523.4964599609375 216.3735809326172 3.4308732 1.436899 1.4829699 -4.739723 1.6753404 36.25441 -1.6463955640792847 0.25775662064552307
Car 0.0 0 1.7669087648391724 538.7605590820312 183.27943420410156 569.564208984375 204.3788299560547 3.6763422 1.4937909 1.5880822 -3.440408 1.6306682 53.102985 1.7022117376327515 0.25730282068252563
