Pedestrian 0.0 0 -1.209796667098999 117.87712097167969 155.28091430664062 141.30674743652344 195.58580017089844 0.68937284 1.9546559 0.7611196 -23.348331 0.7330524 34.707325 -1.8019787073135376 0.24613335728645325
Pedestrian 0.0 0 -1.4735769033432007 789.1581420898438 161.1231689453125 805.6911010742188 195.2373046875 1.018864 1.787763 0.75544906 10.242651 0.77372676 37.6585 -1.2080132961273193 0.24152278900146484
Pedestrian 0.0 0 -1.5545971393585205 280.15081787109375 178.8935089111328 317.1072082519531 269.02984619140625 1.0282973 1.7647332 0.6704607 -6.2907343 1.7349113 14.441489 -1.965412974357605 0.21696683764457703
Pedestrian 0.0 0 -1.658444881439209 1019.22998046875 140.80929565429688 1038.91162109375 184.45233154296875 0.5418988 2.025577 0.7474053 19.903284 0.18489055 33.21786 -1.1186329126358032 0.2071661800146103
Pedestrian 0.0 0 -1.7237095832824707 986.2108764648438 144.4872589111328 1005.861572265625 187.47508239746094 0.5258893 2.0273364 0.7477058 18.62745 0.33039814 33.71565 -1.2189592123031616 0.190640389919281
Pedestrian 0.0 0 0.6103280782699585 122.31118774414062 148.7144317626953 203.91514587402344 285.5613708496094 0.76039374 1.8433516 0.5943834 -6.1811204 1.4168657 9.834629 0.049211740493774414 0.16259251534938812
Pedestrian 0.0 0 -2.1680660247802734 979.6148681640625 147.879150390625 1031.1712646484375 215.03932189941406 1.3992584 1.6764054 0.45307574 10.338606 0.86374146 18.36013 -1.6552202701568604 0.1377841830253601
Pedestrian 0.0 0 -0.10185122489929199 768.9984130859375 158.2171173095703 801.3309936523438 190.96548461914062 1.7485449 1.8600382 0.55917585 10.31912 0.5958023 40.55879 0.14728665351867676 0.1182655543088913
Cyclist 0.0 0 1.119363784790039 877.8895263671875 157.21304321289062 908.537353515625 194.0091552734375 1.9580687 1.6882606 0.53802717 13.591236 0.6212768 33.43 1.5055108070373535 0.47354570031166077
Cyclist 0.0 0 -2.0521702766418457 978.9642333984375 144.45147705078125 1030.05810546875 214.44155883789062 1.6729698 1.7437161 0.43030345 10.362512 0.8472074 18.452898 -1.5404908657073975 0.29514721035957336
Cyclist 0.0 0 -0.10185122489929199 768.9984130859375 158.2171173095703 801.3309936523438 190.96548461914062 1.7485449 1.8600382 0.55917585 10.31912 0.5958023 40.55879 0.14728665351867676 0.16917537152767181
Car 0.0 0 -0.8211564421653748 0.0 202.43673706054688 285.3257141113281 370.0 3.670472 1.4719292 1.5433577 -3.1963174 1.6367106 3.4135103 -1.5737073421478271 0.8844998478889465
Car 0.0 0 0.3124452829360962 648.2391967773438 168.09202575683594 767.4109497070312 211.13296508789062 3.8905635 1.4332517 1.581464 3.6116498 1.0216095 25.105198 0.4553256034851074 0.8769758343696594
Car 0.0 0 1.6017502546310425 90.1468734741211 182.31724548339844 120.46026611328125 205.17825317382812 3.8977902 1.4885547 1.5776867 -34.177532 1.6196045 48.420765 0.9871125221252441 0.34588295221328735
