Pedestrian 0.0 0 1.37884521484375 668.6986694335938 156.248046875 720.51513671875 263.4608459472656 0.95938617 1.7570975 0.70291823 1.5338385 1.3445357 12.272429 1.5031828880310059 0.9300956726074219
Pedestrian 0.0 0 2.0092787742614746 260.43206787109375 169.88131713867188 310.74029541015625 255.2124481201172 0.9309832 1.6980848 0.61129993 -6.515289 1.4681203 14.764582 1.5937016010284424 0.929090142250061
Pedestrian 0.0 0 -2.2813124656677246 767.2351684570312 146.7333984375 830.0570068359375 256.31036376953125 0.7430482 1.7013311 0.65303254 3.1413608 1.1628324 11.626624 -2.0174264907836914 0.7444811463356018
Pedestrian 0.0 0 1.0241931676864624 635.39697265625 162.27005004882812 693.1907348632812 260.3840026855469 0.9204678 1.7418985 0.6866968 1.1146681 1.4017663 13.315722 1.1077091693878174 0.712576687335968
Pedestrian 0.0 0 1.5530208349227905 600.497802734375 160.2894287109375 625.0785522460938 227.30328369140625 0.829436 1.8647983 0.680833 0.28536972 1.2757207 20.402542 1.5670069456100464 0.686178982257843
Pedestrian 0.0 0 2.201627254486084 1139.46435546875 133.28294372558594 1238.0 310.5502624511719 0.81786007 1.7576959 0.58617747 6.1804695 1.2809677 7.5055423 2.8905067443847656 0.677424967288971
Pedestrian 0.0 0 -1.6836390495300293 607.0161743164062 162.58921813964844 649.4125366210938 262.1239013671875 0.84008664 1.6163596 0.61897033 0.39764154 1.3105556 12.105976 -1.6508041620254517 0.6620726585388184
Pedestrian 0.0 0 -3.2681894302368164 854.0682373046875 137.28179931640625 985.450439453125 336.3993225097656 1.0462687 1.7396632 0.6317592 2.8886912 1.3547177 6.721247 -2.8622727394104004 0.6323153376579285
Pedestrian 0.0 0 -2.925154685974121 1019.2384033203125 164.46788024902344 1114.041259765625 342.58685302734375 0.6605975 1.6284826 0.6292945 4.4982634 1.4741416 7.020936 -2.3553502559661865 0.629202663898468
Pedestrian 0.0 0 1.8935574293136597 80.855224609375 164.0488739013672 202.31582641601562 374.0 0.7643236 1.7600658 0.6732203 -3.9636095 1.6225228 6.1694965 1.3225061893463135 0.4822831153869629
Pedestrian 0.0 0 2.1345598697662354 354.7802429199219 166.96713256835938 379.1220397949219 210.6570281982422 0.708811 1.7585632 0.67103094 -9.589856 1.1745989 29.336987 1.8186229467391968 0.47166791558265686
Pedestrian 0.0 0 3.3316421508789062 186.57852172851562 168.4636688232422 224.2798309326172 237.012451171875 0.75968355 1.735625 0.57936907 -10.265774 1.4067316 18.578362 2.8268308639526367 0.4706345498561859
Pedestrian 0.0 0 -3.680750846862793 1176.7318115234375 139.12551879882812 1238.0 277.2508544921875 0.588818 1.7137764 0.63289917 7.9081187 1.1893573 9.271055 -2.9745233058929443 0.36656665802001953
Pedestrian 0.0 0 -3.108145236968994 577.8317260742188 166.46868896484375 597.1535034179688 203.0729217529297 0.9224829 1.7685586 0.6276197 -0.68448424 1.0432106 35.024433 -3.127685785293579 0.3095245957374573
Pedestrian 0.0 0 2.4606282711029053 695.8015747070312 170.56353759765625 755.5905151367188 252.1300811767578 1.173524 1.8577303 0.76417106 2.9005103 1.6098571 16.978401 2.6298301219940186 0.12345980852842331
Cyclist 0.0 0 2.4606282711029053 695.8015747070312 170.56353759765625 755.5905151367188 252.1300811767578 1.173524 1.8577303 0.76417106 2.9005103 1.6098571 16.978401 2.6298301219940186 0.36351320147514343
Cyclist 0.0 0 1.8935574293136597 80.855224609375 164.0488739013672 202.31582641601562 374.0 0.7643236 1.7600658 0.6732203 -3.9636095 1.6225228 6.1694965 1.3225061893463135 0.20390921831130981
Car 0.0 0 1.728700876235962 465.0674743652344 162.21229553222656 561.8607788085938 240.01332092285156 4.3155804 1.7262707 1.7506846 -2.1110349 1.2995286 18.128628 1.612775444984436 0.7114372849464417
Car 0.0 0 1.9153316020965576 257.8131408691406 170.30018615722656 336.25860595703125 212.21717834472656 3.7301855 1.4516634 1.5194635 -11.2652445 1.0648605 26.77783 1.5171147584915161 0.5317164063453674
Car 0.0 0 -1.512709140777588 571.7725830078125 165.66505432128906 604.2872924804688 196.330078125 2.4975305 1.4889793 1.4960617 -0.65430117 0.72099066 36.15474 -1.5308043956756592 0.2993142604827881
