Cyclist 0.0 0 0.3694668412208557 157.22161865234375 156.42416381835938 213.9490966796875 203.71023559570312 1.7709686 1.7890112 0.6367062 -16.351381 1.1677662 27.753532 -0.1629468947649002 0.43648356199264526
Car 0.0 0 3.6486058235168457 0.0 191.64796447753906 347.9711608886719 303.97698974609375 4.1761827 1.488155 1.6792727 -6.347669 1.7918882 10.75002 3.115216016769409 0.9553775787353516
Car 0.0 0 1.4870885610580444 660.75634765625 176.2371063232422 700.5637817382812 209.08517456054688 4.100536 1.5345742 1.6374094 3.4497159 1.7142832 36.18919 1.5821259021759033 0.904021680355072
Car 0.0 0 3.525452136993408 99.12346649169922 184.57533264160156 360.2617492675781 272.454833984375 3.8831906 1.4422406 1.540947 -6.755449 1.669926 13.04156 3.047513246536255 0.8318541646003723
Car 0.0 0 -2.296006441116333 903.7568969726562 192.56942749023438 1242.0 375.0 3.8150368 1.5062124 1.6203581 2.5825646 1.6337926 2.7189884 -1.5363354682922363 0.79103684425354
Car 0.0 0 -2.291534662246704 0.0 202.13284301757812 155.18484497070312 375.0 4.196082 1.4627979 1.6157877 -6.4440618 1.7430619 6.022864 -3.1107051372528076 0.7841311097145081
Car 0.0 0 0.4932604730129242 294.22021484375 183.52828979492188 461.39349365234375 245.7543182373047 3.79108 1.4597355 1.5125415 -5.9186606 1.7481585 18.38275 0.18177318572998047 0.7817044258117676
Car 0.0 0 0.3165016770362854 333.5382995605469 179.1444091796875 494.42071533203125 235.18667602539062 4.1842713 1.5270687 1.5777556 -5.611413 1.7162371 20.757097 0.052475690841674805 0.7145753502845764
Car 0.0 0 0.25257521867752075 435.54608154296875 176.7247772216797 542.3140869140625 214.55926513671875 4.198393 1.543121 1.613829 -5.1321898 1.7130048 30.612738 0.0864710807800293 0.5929318070411682
Car 0.0 0 0.32272833585739136 361.0442810058594 182.95101928710938 508.9492492675781 231.74208068847656 4.345752 1.4749627 1.5644112 -5.6059856 1.8131406 23.173363 0.0853734016418457 0.5562130808830261
