Pedestrian 0.0 0 -1.3347773551940918 517.871826171875 173.69102478027344 535.8731689453125 210.86996459960938 1.0523454 1.8919176 0.6992408 -4.329115 1.9362078 37.303806 -1.4503108263015747 0.31623461842536926
Pedestrian 0.0 0 1.158897042274475 710.7279663085938 155.90167236328125 733.67333984375 199.3236541748047 0.91932124 1.9166064 0.70750535 4.9899206 1.1687044 32.380188 1.311798334121704 0.31072089076042175
Cyclist 0.0 0 -1.3347773551940918 517.871826171875 173.69102478027344 535.8731689453125 210.86996459960938 1.0523454 1.8919176 0.6992408 -4.329115 1.9362078 37.303806 -1.4503108263015747 0.15769237279891968
Car 0.0 0 -1.3853421211242676 357.4428405761719 186.8516845703125 492.79681396484375 284.3158264160156 4.1411366 1.4063386 1.6132557 -3.2179656 1.7023754 13.126852 -1.6257449388504028 0.9845169186592102
Car 0.0 0 -1.694901466369629 669.4674682617188 179.10546875 756.0980224609375 247.76219177246094 4.067485 1.4955311 1.6260246 2.4111962 1.6706369 18.126163 -1.5626548528671265 0.974765419960022
Car 0.0 0 -2.031184434890747 781.540771484375 181.47901916503906 1242.0 375.0 3.5792677 1.4809707 1.5606064 2.5633445 1.5711296 5.6922145 -1.6080604791641235 0.9656565189361572
Car 0.0 0 1.4232375621795654 628.7198486328125 177.97152709960938 670.9920043945312 210.9690399169922 3.3260267 1.5016258 1.5721562 1.8542039 1.7632132 35.098972 1.4760164022445679 0.838787317276001
Car 0.0 0 2.1341781616210938 0.0 191.38287353515625 371.68402099609375 375.0 4.19283 1.4642007 1.6518519 -2.89126 1.6272038 4.2037687 1.5317020416259766 0.7240113615989685
Car 0.0 0 -1.480847954750061 637.2007446289062 174.16009521484375 668.685302734375 200.17086791992188 3.8901834 1.5623308 1.6446314 2.720639 1.6489171 45.58759 -1.4212392568588257 0.29055285453796387
Car 0.0 0 -2.444016218185425 0.0 0.0 1242.0 375.0 3.666703 1.4648024 1.5663742 2.358018 1.1976496 1.5777457 -1.4629040956497192 0.2786523699760437
Car 0.0 0 1.7514588832855225 663.1806640625 174.98179626464844 693.1234741210938 196.20606994628906 4.1200337 1.579328 1.6148024 5.3321176 1.7523068 56.33129 1.8458341360092163 0.25885283946990967
