Pedestrian 0.0 0 1.2004244327545166 727.37646484375 169.5670166015625 798.4436645507812 295.8150634765625 0.99203616 1.8264217 0.7422657 2.3938339 1.655101 10.936822 1.4159046411514282 0.8920649886131287
Pedestrian 0.0 0 1.848222255706787 421.3435363769531 179.36856079101562 450.8702087402344 242.78619384765625 0.81654674 1.8096579 0.6406479 -4.8365335 1.7499776 20.919317 1.6210150718688965 0.8281076550483704
Pedestrian 0.0 0 0.07129019498825073 482.9861755371094 180.19493103027344 506.491943359375 216.9159698486328 1.0397784 1.6933118 0.6803457 -4.981108 1.6340582 33.500675 -0.07631519436836243 0.5788344740867615
Pedestrian 0.0 0 -3.0894088745117188 575.82568359375 177.00833129882812 589.3983764648438 204.68646240234375 0.8225347 1.7153021 0.47356018 -1.1654569 1.437672 44.76235 -3.1154396533966064 0.433017373085022
Pedestrian 0.0 0 -1.6966127157211304 327.7703552246094 166.15023803710938 375.3722229003906 280.358642578125 0.9552399 1.8594049 0.64901406 -4.3183155 1.6107891 12.26483 -2.0351476669311523 0.39810940623283386
Pedestrian 0.0 0 2.1033334732055664 261.0633239746094 185.380615234375 305.4440002441406 270.0323791503906 0.52734053 1.6054783 0.6047647 -6.2101607 1.6836715 13.944409 1.6843520402908325 0.39162319898605347
Pedestrian 0.0 0 1.6062849760055542 520.8253784179688 178.11627197265625 536.0525512695312 221.45376586914062 0.89388776 1.906275 0.6464856 -3.2664726 1.7583888 32.0619 1.5047551393508911 0.36653926968574524
Pedestrian 0.0 0 1.3187789916992188 411.50897216796875 183.05325317382812 435.9768371582031 234.3531494140625 0.7279994 1.6004478 0.5931875 -5.6940494 1.6520537 22.896894 1.0750410556793213 0.3399786651134491
Pedestrian 0.0 0 -3.1600022315979004 1141.6021728515625 131.43234252929688 1238.0 374.0 0.62632614 1.6689594 0.6073049 3.4948006 1.4091201 4.178756 -2.463500738143921 0.3125421702861786
Pedestrian 0.0 0 3.075751543045044 535.5999755859375 177.48928833007812 550.6792602539062 208.61708068847656 0.8567118 1.8384897 0.6036552 -3.4723392 1.6023754 42.785408 2.994771957397461 0.2539721727371216
Pedestrian 0.0 0 0.5955253839492798 566.6522827148438 176.85110473632812 582.9880981445312 206.93235778808594 0.80125266 1.746826 0.525131 -1.5599265 1.4776442 42.14629 0.5585300922393799 0.24511004984378815
Pedestrian 0.0 0 0.04308287054300308 582.4451293945312 176.7618865966797 597.0283203125 207.20718383789062 0.84157485 1.7869873 0.48317382 -0.68642014 1.5096567 42.41289 0.026900053024291992 0.2359718531370163
Pedestrian 0.0 0 -1.5276468992233276 372.61572265625 174.2912139892578 395.2845153808594 229.9164581298828 0.71927756 1.7764474 0.6772977 -7.0954876 1.5473279 23.370754 -1.8224080801010132 0.23201382160186768
Pedestrian 0.0 0 2.066347360610962 14.785594940185547 100.10926055908203 204.80316162109375 366.8328552246094 1.5188507 1.7515903 0.5382162 -3.7122862 1.2185017 5.496929 1.472365379333496 0.12862183153629303
Cyclist 0.0 0 2.135932207107544 0.0 58.28109359741211 203.82481384277344 351.1722106933594 1.7593062 1.7958151 0.54482245 -3.7070575 1.0417328 5.292953 1.524953842163086 0.3033561408519745
Cyclist 0.0 0 -0.9481706619262695 461.3532409667969 170.68533325195312 484.6258239746094 201.5204315185547 1.6703188 1.7068766 0.39696348 -7.249968 1.1090454 40.59992 -1.1248791217803955 0.2911878824234009
Cyclist 0.0 0 -0.08702351152896881 481.7038269042969 181.41668701171875 510.3903503417969 218.5647735595703 1.2708191 1.7087728 0.65923005 -4.93077 1.7058693 33.507545 -0.23312894999980927 0.2652910351753235
Car 0.0 0 0.250690221786499 426.6795959472656 181.19569396972656 518.40087890625 211.82192993164062 4.3777404 1.5382725 1.7010363 -6.6172757 1.5238647 37.08769 0.07412576675415039 0.2659362852573395
Car 0.0 0 -1.6374075412750244 456.95501708984375 186.21026611328125 493.3804931640625 222.4407196044922 2.1051288 1.490537 1.409077 -5.4944453 1.7029012 31.04943 -1.8125524520874023 0.2600499987602234
Car 0.0 0 3.4210610389709473 137.60324096679688 190.397705078125 334.3038635253906 262.298095703125 3.7347996 1.5116336 1.591163 -8.280148 1.7312423 16.50447 2.956061363220215 0.21929875016212463
Car 0.0 0 -1.4271762371063232 589.6851806640625 162.52452087402344 663.8951416015625 221.05467224121094 3.9917448 1.601159 1.6874291 0.8337276 1.0832192 21.76383 -1.3888870477676392 0.2112952619791031
Car 0.0 0 2.3888540267944336 0.0 204.8229217529297 97.5835952758789 374.0 3.8874438 1.4948143 1.5863366 -8.032004 1.8274517 8.224828 1.615316390991211 0.1950586885213852
