Pedestrian 0.0 0 -1.7092329263687134 716.6005249023438 150.0416717529297 731.4139404296875 185.31532287597656 0.80292547 1.9124637 0.6962628 6.2057204 0.6759852 39.52495 -1.5534965991973877 0.13582462072372437
Cyclist 0.0 0 1.2513391971588135 734.8265380859375 152.76785278320312 787.392578125 241.8127899169922 1.7898465 1.7911764 0.558097 3.1510348 1.3874931 15.432849 1.4527479410171509 0.9673066735267639
Cyclist 0.0 0 -0.6038854122161865 824.4794311523438 161.95326232910156 855.8692016601562 193.5499267578125 1.6562787 1.835403 0.7006466 13.518472 1.2025535 42.486855 -0.29583418369293213 0.12757331132888794
Cyclist 0.0 0 1.9885380268096924 41.434749603271484 194.878662109375 81.85031127929688 251.32289123535156 1.5386245 1.7103571 0.45518684 -17.72327 2.4460878 23.28731 1.3379898071289062 0.10859554260969162
Car 0.0 0 -1.556176781654358 585.937744140625 175.0408477783203 611.3072509765625 198.55665588378906 3.8242886 1.5054338 1.6366233 -0.76773155 1.6584647 48.457607 -1.5720188617706299 0.8271687030792236
Car 0.0 0 2.072808265686035 137.7056427001953 198.19482421875 225.89151000976562 235.9420166015625 3.919304 1.4447361 1.7144829 -19.068674 2.6481242 32.265636 1.5390398502349854 0.39090460538864136
Car 0.0 0 1.8089089393615723 390.7213439941406 171.5768585205078 456.10577392578125 212.38412475585938 3.9501808 1.4751661 1.5721234 -7.2111964 1.4293559 28.06598 1.557411789894104 0.22510093450546265
Car 0.0 0 1.732322096824646 474.33575439453125 177.1678466796875 509.54656982421875 202.81680297851562 3.9778516 1.535579 1.5904936 -7.4863286 1.821987 45.853313 1.5704830884933472 0.18328869342803955
Car 0.0 0 1.8477914333343506 234.29046630859375 194.7217559814453 302.02685546875 233.61355590820312 4.1921897 1.4760991 1.6326609 -15.126779 2.5148702 32.05902 1.4069231748580933 0.1475985050201416
Car 0.0 0 2.14099383354187 0.0 204.45277404785156 88.28665161132812 260.9735107421875 3.704149 1.4606214 1.5723454 -18.449091 2.5408592 22.727467 1.459127426147461 0.14739184081554413
Car 0.0 0 1.2043386697769165 408.6553649902344 187.72189331054688 455.9508972167969 214.58828735351562 3.9133182 1.5418923 1.6116108 -11.339365 2.5277739 45.75904 0.9614260196685791 0.12485473603010178
