Car 0.0 0 1.9924769401550293 130.41502380371094 199.92991638183594 329.65777587890625 319.69110107421875 3.5282676 1.4979999 1.4985771 -5.9329286 2.0025969 11.635274 1.520933747291565 0.9632923603057861
Car 0.0 0 -1.763352394104004 687.7803344726562 176.4739227294922 778.203125 237.7793426513672 4.0478983 1.4632206 1.6322606 3.1530652 1.5717542 19.50999 -1.603124976158142 0.958433985710144
Car 0.0 0 1.874037265777588 292.57489013671875 195.98599243164062 417.3904113769531 270.2424011230469 4.316946 1.4451953 1.6301621 -6.075048 2.0792058 17.580711 1.5413306951522827 0.9549493193626404
Car 0.0 0 -0.5998724699020386 968.2384033203125 141.2112274169922 1242.0 225.6653594970703 4.081246 1.4791713 1.6050154 9.066107 0.92532206 13.450991 -0.006803013384342194 0.9322946071624756
Car 0.0 0 1.8442004919052124 398.22564697265625 190.8201446533203 478.3202819824219 237.98965454101562 4.237744 1.3946979 1.6219889 -5.908571 2.074218 25.121704 1.6132010221481323 0.9294750690460205
Car 0.0 0 -1.7185704708099365 671.9786376953125 174.32821655273438 737.7160034179688 226.85623168945312 4.0814786 1.6610694 1.6517395 3.1484494 1.7166946 24.988422 -1.5932345390319824 0.9198724031448364
Car 0.0 0 2.2533581256866455 0.0 216.52967834472656 182.82717895507812 375.0 3.8062742 1.4453794 1.5304432 -5.992101 1.9808087 6.910332 1.539007544517517 0.8724570274353027
Car 0.0 0 1.7994276285171509 484.8329162597656 184.3878936767578 529.0201416015625 213.6671905517578 3.9691155 1.4806741 1.575635 -5.711857 2.1554732 40.143284 1.6580896377563477 0.8522170782089233
Car 0.0 0 2.5588016510009766 937.4337158203125 140.34765625 1134.9306640625 211.3797607421875 3.5117688 1.4862771 1.5086664 9.280258 0.8064715 15.945665 3.0858750343322754 0.837878406047821
Car 0.0 0 2.5742127895355225 867.9841918945312 151.65777587890625 1040.94580078125 211.72488403320312 3.776428 1.4547011 1.5114894 8.704286 0.9417306 18.459812 3.0148229598999023 0.7602730393409729
Car 0.0 0 1.7890793085098267 447.7118835449219 186.9037628173828 499.6449279785156 223.54080200195312 3.4460952 1.4216087 1.4875112 -5.8522744 2.0612085 31.079987 1.6029613018035889 0.7411615252494812
Car 0.0 0 2.7034168243408203 815.9856567382812 157.3894500732422 968.212890625 209.73968505859375 3.8775203 1.4721322 1.5411009 8.172813 1.0376142 21.19194 3.0714974403381348 0.7393096685409546
