Pedestrian 0.0 0 2.599252223968506 698.3916625976562 154.50242614746094 729.4969482421875 204.44114685058594 1.027056 1.8813463 0.5814753 3.9389215 1.1903439 27.647879 2.740767240524292 0.41127023100852966
Pedestrian 0.0 0 2.033682346343994 428.6746826171875 177.03147888183594 457.5028381347656 226.3462371826172 0.8849748 1.7807258 0.7191201 -6.2027097 1.9383845 26.652458 1.8050267696380615 0.24637261033058167
Pedestrian 0.0 0 2.2054505348205566 0.0 193.28652954101562 48.776573181152344 279.2063293457031 0.7344895 1.6265212 0.5676335 -11.674323 2.0404396 14.219703 1.5180373191833496 0.1806395798921585
Pedestrian 0.0 0 2.469892740249634 768.4777221679688 152.4177703857422 820.9745483398438 240.99124145507812 0.8681841 1.8212625 0.6417013 3.8643513 1.4014074 15.304762 2.717216730117798 0.15775051712989807
Pedestrian 0.0 0 -1.5223937034606934 159.24549865722656 145.8074188232422 195.12167358398438 219.79066467285156 0.52783436 1.8501734 0.7635767 -11.110086 1.1741506 18.454758 -2.0642952919006348 0.1402851790189743
Cyclist 0.0 0 2.075054407119751 427.82183837890625 177.42689514160156 457.996337890625 226.70542907714844 0.99299824 1.7725073 0.6925707 -6.202718 1.9452717 26.628475 1.8461997509002686 0.10920087993144989
Car 0.0 0 1.9535325765609741 123.66866302490234 200.22024536132812 421.25189208984375 375.0 4.4745116 1.491127 1.6838245 -3.799814 1.9181701 8.99604 1.5538768768310547 0.970814049243927
Car 0.0 0 1.7931498289108276 457.6009216308594 179.26483154296875 536.0256958007812 231.66436767578125 4.022298 1.5615458 1.734438 -3.7158692 1.7941618 24.071526 1.6399909257888794 0.9390402436256409
Car 0.0 0 -1.6130427122116089 641.08740234375 173.22152709960938 701.7813720703125 229.96414184570312 3.443178 1.5143142 1.5972246 1.6698464 1.5262748 21.025858 -1.5337903499603271 0.916061520576477
Car 0.0 0 0.4054664671421051 378.917724609375 171.743896484375 481.05450439453125 212.15158081054688 3.9444242 1.6809881 1.6590502 -7.776982 1.635165 31.148302 0.16079282760620117 0.2541564106941223
Car 0.0 0 1.6306087970733643 653.1871337890625 159.96743774414062 688.00927734375 191.32485961914062 3.600383 1.4946508 1.5342205 3.0499191 0.8807708 36.280807 1.7144758701324463 0.12433943897485733
