Car 0.0 0 -1.9254149198532104 760.8917236328125 191.9825897216797 1058.11083984375 375.0 3.6874082 1.4304395 1.606724 2.760808 1.6838821 7.692052 -1.5808184146881104 0.9830804467201233
Car 0.0 0 -1.6816707849502563 676.5991821289062 177.48912048339844 760.87744140625 251.02992248535156 3.9469469 1.669329 1.6905317 2.6421895 1.802189 18.625525 -1.5407525300979614 0.9749577045440674
Car 0.0 0 3.4275529384613037 271.1073303222656 185.32752990722656 448.2905578613281 247.4709930419922 4.0272894 1.4945681 1.6009508 -6.39185 1.8318827 18.598278 3.096519708633423 0.8843055963516235
Car 0.0 0 3.6522934436798096 6.314297199249268 164.2850341796875 347.0736083984375 291.0313720703125 4.1895776 1.7880576 1.7104084 -6.4924526 1.6675297 11.072414 3.1219615936279297 0.8499928116798401
Car 0.0 0 0.38583841919898987 225.15306091308594 190.47239685058594 428.2825927734375 261.0164794921875 3.9241347 1.4549469 1.5359502 -6.257473 1.8672904 16.073061 0.014577627182006836 0.8106029629707336
Car 0.0 0 -1.690962314605713 658.1892700195312 182.42376708984375 721.3634033203125 231.40065002441406 4.1650023 1.4758191 1.6343272 2.5906398 1.8309693 24.652878 -1.5862618684768677 0.8099814057350159
Car 0.0 0 -1.7208646535873413 642.1727905273438 178.06752014160156 686.2132568359375 213.59539794921875 3.3434014 1.5486251 1.557974 2.4417174 1.8048568 33.682392 -1.6484988927841187 0.7737035155296326
Car 0.0 0 0.9720383286476135 0.0 208.394287109375 158.45001220703125 375.0 4.112562 1.4489305 1.5946566 -6.4453554 1.8175534 6.3262305 0.17731308937072754 0.6878123879432678
Car 0.0 0 1.478368878364563 631.4380493164062 178.5831756591797 658.0228271484375 201.96185302734375 3.3401613 1.4501189 1.4320835 2.2151442 1.8394754 47.287083 1.5251792669296265 0.611973762512207
Car 0.0 0 0.3838919997215271 126.84874725341797 204.52651977539062 391.781982421875 292.0660705566406 4.1899533 1.4520062 1.576444 -6.4673276 2.0871902 13.543636 -0.06160864979028702 0.609269380569458
Car 0.0 0 -2.8448262214660645 351.2875671386719 179.87872314453125 478.72991943359375 221.703857421875 4.4846 1.5532769 1.6699164 -7.5456386 1.8352062 28.008745 -3.1079814434051514 0.49832963943481445
