Car 0.0 0 2.1998677253723145 159.26040649414062 182.8076934814453 408.281982421875 292.42236328125 4.3827186 1.4911337 1.6366357 -5.391018 1.6966631 12.551838 1.7941914796829224 0.9547796249389648
Car 0.0 0 -1.578513503074646 752.7728271484375 182.04019165039062 807.36181640625 235.82748413085938 4.486081 1.5849062 1.6382776 5.682291 1.9265387 24.435022 -1.3500274419784546 0.9538484811782837
Car 0.0 0 1.8939385414123535 518.5713500976562 178.90579223632812 598.6580810546875 222.76719665527344 4.2518044 1.4204239 1.6356798 -1.810783 1.6599696 26.251621 1.8250696659088135 0.9424959421157837
Car 0.0 0 1.802612543106079 598.8448486328125 180.68154907226562 652.4649047851562 213.42201232910156 4.3801637 1.4502914 1.6674699 0.8009007 1.8600079 35.402184 1.8252315521240234 0.8958110809326172
Car 0.0 0 1.6536521911621094 654.344482421875 173.953857421875 695.4789428710938 207.95289611816406 3.9810197 1.4647949 1.5684499 3.009904 1.5191343 33.31493 1.7437546253204346 0.19050295650959015
Car 0.0 0 1.7739813327789307 647.8543701171875 179.46205139160156 693.116943359375 208.64877319335938 4.459965 1.5007795 1.6691931 3.423996 1.8942757 40.549225 1.8582220077514648 0.18234306573867798
Car 0.0 0 2.0205025672912598 609.5189208984375 183.1567840576172 649.8967895507812 203.74864196777344 3.4749708 1.4136106 1.6393299 1.4632412 2.2035027 53.371113 2.047912120819092 0.16314901411533356
Car 0.0 0 1.760454773902893 659.5253295898438 178.49766540527344 689.4564208984375 201.16488647460938 3.4964433 1.5386086 1.510036 4.632709 1.9589453 51.80278 1.8496472835540771 0.16265881061553955
Car 0.0 0 1.7819597721099854 783.4755859375 175.37930297851562 822.751953125 204.88304138183594 3.959694 1.7848461 1.6342353 12.357874 1.954195 46.14729 2.043612480163574 0.15828387439250946
Car 0.0 0 1.9605627059936523 432.3192443847656 174.58779907226562 566.5572509765625 248.3311309814453 4.1578546 1.5181807 1.6866095 -2.5132506 1.5651588 17.177496 1.8152828216552734 0.15304924547672272
Car 0.0 0 1.6497044563293457 634.63525390625 181.63259887695312 665.7496948242188 208.17059326171875 3.9623208 1.4685719 1.5612987 2.4223092 2.0216928 43.36233 1.7055084705352783 0.1525815725326538
