Car 0.0 0 -1.9422945976257324 682.6446533203125 195.5284423828125 899.9964599609375 334.06756591796875 3.861304 1.4398893 1.594333 2.2395175 1.8244282 10.191851 -1.7259960174560547 0.9841839075088501
Car 0.0 0 -1.7062758207321167 564.9601440429688 189.9330596923828 628.0874633789062 238.43556213378906 3.9030573 1.4628712 1.6790634 -0.59490776 2.1101985 25.269863 -1.7298136949539185 0.9766839742660522
Car 0.0 0 1.9221922159194946 0.0 210.2061767578125 251.0459442138672 367.83538818359375 3.7105823 1.4820021 1.622308 -6.258796 2.0881412 9.711208 1.349698781967163 0.9729937314987183
Car 0.0 0 1.7705724239349365 381.4991455078125 190.5845489501953 429.18792724609375 223.311279296875 3.872487 1.6005317 1.7752329 -11.15941 2.6194122 39.447647 1.4948843717575073 0.9083380103111267
Car 0.0 0 2.1213414669036865 0.0 234.21192932128906 113.0875015258789 375.0 4.095425 1.3890845 1.6879271 -5.2708383 1.9989352 4.9674478 1.306318998336792 0.8301876783370972
Car 0.0 0 -1.6639461517333984 553.410888671875 187.76492309570312 601.0700073242188 227.62130737304688 4.0983515 1.5036972 1.6541857 -1.5103145 2.1884649 30.970234 -1.7126741409301758 0.8067052364349365
Car 0.0 0 1.6308432817459106 1072.013671875 170.5888214111328 1190.1900634765625 254.82608032226562 4.2293234 1.4087849 1.6300844 10.309088 1.3712599 14.215793 2.258273124694824 0.7899641394615173
Car 0.0 0 -2.900819778442383 770.739990234375 172.70008850097656 889.08935546875 220.73020935058594 3.7137277 1.5857898 1.6429685 7.7006593 1.581066 25.47258 -2.607243537902832 0.7068019509315491
Car 0.0 0 -2.5457026958465576 991.50244140625 171.95657348632812 1242.0 375.0 3.8400617 1.4798168 1.604414 3.3917627 1.4791355 2.8221276 -1.6688886880874634 0.699857771396637
Car 0.0 0 -2.855729818344116 700.9867553710938 180.58006286621094 793.7052001953125 217.69729614257812 3.717317 1.5232495 1.5972929 6.0072203 1.880962 31.813587 -2.6691014766693115 0.5984325408935547
