Pedestrian 0.0 0 -3.7434611320495605 1120.4600830078125 176.23361206054688 1163.4490966796875 251.78050231933594 0.57709783 1.6292884 0.5009917 11.622867 1.7050716 15.840923 -3.1104583740234375 0.24841108918190002
Pedestrian 0.0 0 0.3899167478084564 297.2364196777344 111.86839294433594 407.95574951171875 298.19036865234375 0.8971214 1.7139963 0.43124512 -2.4920075 1.1533409 6.868978 0.041892051696777344 0.173444926738739
Pedestrian 0.0 0 1.6507117748260498 361.0118713378906 129.22036743164062 419.0580749511719 289.5535583496094 0.88762444 1.8508495 0.6141634 -2.726013 1.3475107 8.826574 1.351163387298584 0.16817186772823334
Pedestrian 0.0 0 -1.7729170322418213 278.75811767578125 181.2601318359375 297.6781005859375 220.89508056640625 0.7737148 1.6323767 0.58381045 -13.603563 1.9926267 30.403996 -2.193629026412964 0.1341555118560791
Pedestrian 0.0 0 -1.7514678239822388 603.9324340820312 168.3534393310547 623.5728759765625 211.58399963378906 0.88122284 1.7613133 0.6644261 0.10875044 1.5783082 29.886606 -1.7478290796279907 0.11868784576654434
Pedestrian 0.0 0 -0.7998731732368469 964.6759643554688 160.49717712402344 983.7942504882812 194.8641357421875 0.4463132 1.7451123 0.78863585 18.679195 1.118006 37.081676 -0.3332451283931732 0.10027963668107986
Car 0.0 0 -0.2805468440055847 889.3658447265625 175.5134735107422 1145.99658203125 274.39691162109375 3.5362353 1.538539 1.6394949 6.7846494 1.5892262 12.469703 0.21774816513061523 0.9526084661483765
Car 0.0 0 0.8802722692489624 0.0 186.3533935546875 85.72290802001953 257.6007385253906 4.2249913 1.4850953 1.6626834 -14.703547 1.8180027 16.622328 0.1560499668121338 0.5546084642410278
Car 0.0 0 1.2908384799957275 767.8373413085938 164.21669006347656 801.7982177734375 185.62225341796875 3.4620974 1.6741877 1.7696863 14.037157 0.9989966 58.198368 1.5275131464004517 0.2010280340909958
Car 0.0 0 0.5060390830039978 234.1454620361328 171.53750610351562 289.05194091796875 187.78292846679688 4.3560214 1.4831411 1.58296 -32.241978 1.3633072 66.78341 0.0562586784362793 0.13709020614624023
Car 0.0 0 -2.2805607318878174 325.4446716308594 179.1614227294922 385.9104309082031 204.51315307617188 3.7084358 1.5399892 1.6334118 -16.350721 1.959115 46.270638 -2.6202359199523926 0.13628894090652466
Car 0.0 0 -0.19154581427574158 808.3871459960938 184.45535278320312 901.4967651367188 215.9300994873047 4.3524523 1.5552462 1.6638924 12.651115 2.177861 37.58458 0.13314533233642578 0.10666905343532562
Car 0.0 0 -2.365009307861328 46.31378936767578 176.3085479736328 186.91552734375 224.9075469970703 3.6944277 1.4837945 1.5861996 -15.92833 1.6009624 23.289452 -2.96486759185791 0.10012596100568771
