Pedestrian 0.0 0 2.0819249153137207 187.7566375732422 170.51255798339844 244.1412353515625 263.588623046875 0.7977177 1.7950666 0.6787703 -7.750334 1.6040814 14.03224 1.5772998332977295 0.5992675423622131
Pedestrian 0.0 0 0.1593613475561142 515.4260864257812 122.69075775146484 617.1679077148438 302.5343017578125 0.96381724 1.7498851 0.529473 -0.4292444 1.1890947 7.186025 0.09969902038574219 0.37037092447280884
Pedestrian 0.0 0 3.2250173091888428 177.9223175048828 177.97891235351562 197.31231689453125 210.76873779296875 0.8778511 1.7914875 0.59269685 -23.077524 1.6551465 39.08275 2.6916282176971436 0.32926350831985474
Pedestrian 0.0 0 2.2381081581115723 304.45587158203125 165.45455932617188 347.74560546875 255.4311065673828 0.6085158 1.6100925 0.46523976 -5.168636 1.3425027 13.005306 1.8598233461380005 0.2294239103794098
Pedestrian 0.0 0 1.4298135042190552 503.7817687988281 149.3737030029297 541.8466186523438 246.06234741210938 0.8672518 1.9064027 0.6534791 -1.7296431 1.2943178 14.43895 1.310591459274292 0.1642974615097046
Pedestrian 0.0 0 0.26369011402130127 513.9132080078125 144.10166931152344 610.9255981445312 296.35223388671875 1.1476599 1.8712453 0.51135343 -0.58456516 1.4255683 9.049217 0.19918131828308105 0.15063367784023285
Pedestrian 0.0 0 0.8917354345321655 846.0289916992188 120.44512176513672 870.6629638671875 185.5208740234375 0.40521932 1.9035012 0.5563245 7.476979 0.14843021 20.959665 1.2343947887420654 0.13903765380382538
Pedestrian 0.0 0 1.6956164836883545 211.99061584472656 139.77272033691406 239.28269958496094 197.0920867919922 0.9257033 1.9187201 0.71626234 -13.017919 0.55694544 24.223688 1.2024949789047241 0.13433821499347687
Pedestrian 0.0 0 -0.5987280607223511 824.83984375 167.572998046875 949.4889526367188 285.9944152832031 1.7411425 1.7671198 0.6665352 4.359467 1.5758808 11.06366 -0.2233746498823166 0.13406336307525635
Pedestrian 0.0 0 1.9568102359771729 63.69965744018555 165.25892639160156 92.46981048583984 206.9506378173828 1.151506 1.8502172 0.66126484 -23.86686 1.1753072 32.0133 1.316176414489746 0.13338765501976013
Pedestrian 0.0 0 1.6133867502212524 574.74169921875 145.79263305664062 612.7687377929688 261.5470275878906 0.83611244 1.8355824 0.59419656 -0.2193673 1.2868637 11.632084 1.5945302248001099 0.13175737857818604
Cyclist 0.0 0 -0.6160131096839905 821.853271484375 166.7609405517578 944.8455810546875 282.56634521484375 1.7148362 1.7242539 0.68024606 4.2995844 1.5213518 11.060575 -0.24525927007198334 0.8684749007225037
Cyclist 0.0 0 1.9568102359771729 63.69965744018555 165.25892639160156 92.46981048583984 206.9506378173828 1.151506 1.8502172 0.66126484 -23.86686 1.1753072 32.0133 1.316176414489746 0.1973743438720703
Cyclist 0.0 0 0.6721628904342651 0.9577229022979736 189.89190673828125 62.29460525512695 240.74070739746094 1.6434809 1.7746938 0.6555149 -20.39747 2.1145697 25.13159 -0.009627420455217361 0.19612625241279602
Car 0.0 0 -1.6979440450668335 567.9158325195312 142.13998413085938 680.6646728515625 240.61875915527344 3.7883654 1.6196989 1.6487454 0.18576387 0.9904362 13.599344 -1.6842851638793945 0.21946686506271362
Car 0.0 0 1.9250762462615967 54.063236236572266 185.14266967773438 114.55880737304688 211.60992431640625 4.1478286 1.4966859 1.623009 -31.558867 1.79478 42.971672 1.2916269302368164 0.19064253568649292
Car 0.0 0 1.4204548597335815 220.23072814941406 191.23974609375 270.4995422363281 223.37579345703125 4.281608 1.5021662 1.700584 -18.76403 2.096163 36.773598 0.9486343860626221 0.15855930745601654
Car 0.0 0 -3.1406378746032715 691.796630859375 139.79237365722656 790.3974609375 176.52674865722656 4.2397346 1.5743322 1.6869532 6.071819 -0.18412846 31.791292 -2.951920509338379 0.12233813107013702
Car 0.0 0 3.0613486766815186 0.0 191.96112060546875 99.38226318359375 237.14772033691406 3.984831 1.5714878 1.6607777 -22.304127 2.0518248 27.560968 2.380983829498291 0.12035468965768814
