Pedestrian 0.0 0 3.0752036571502686 596.0084838867188 157.92538452148438 623.6420288085938 224.4629364013672 0.64313376 1.6319768 0.7283935 -0.059712455 1.2661785 18.080223 3.0719010829925537 0.7927578091621399
Pedestrian 0.0 0 1.0458049774169922 1077.7862548828125 89.45429992675781 1242.0 375.0 1.4922088 1.7000592 0.53855306 3.3298397 1.3045309 4.199537 1.7162055969238281 0.15486039221286774
Pedestrian 0.0 0 -0.38071370124816895 860.9473266601562 142.95712280273438 977.9973754882812 319.1482238769531 0.96427727 1.7736554 0.6276912 3.1718755 1.4730518 7.582009 0.01550436019897461 0.14091767370700836
Pedestrian 0.0 0 -2.8979055881500244 686.0669555664062 158.52476501464844 704.898193359375 209.72007751464844 0.52439475 1.8447059 0.7353325 3.0914588 1.328743 26.432684 -2.7814786434173584 0.12405683100223541
Cyclist 0.0 0 1.0458049774169922 1077.7862548828125 89.45429992675781 1242.0 375.0 1.4922088 1.7000592 0.53855306 3.3298397 1.3045309 4.199537 1.7162055969238281 0.26071256399154663
Car 0.0 0 -1.6546331644058228 618.4774780273438 161.16380310058594 694.4187622070312 225.40025329589844 3.6728303 1.451448 1.5753971 1.0248542 1.1876612 18.15803 -1.5982521772384644 0.9082050919532776
Car 0.0 0 2.4709959030151367 0.0 197.25782775878906 135.56256103515625 375.0 3.8089652 1.478781 1.5959208 -3.740561 1.6335762 2.6140904 1.5101532936096191 0.661355197429657
Car 0.0 0 -1.6273601055145264 610.2645263671875 159.5552978515625 647.1980590820312 192.84654235839844 3.7093475 1.5706928 1.620333 0.84789646 0.9436134 35.92004 -1.6037594079971313 0.22563090920448303
Car 0.0 0 1.8474916219711304 456.3962097167969 161.9005126953125 508.078125 195.80142211914062 3.7948663 1.8040938 1.8830718 -7.1213617 1.2215432 40.378624 1.672922134399414 0.16551275551319122
Car 0.0 0 -1.5947208404541016 685.3197021484375 166.24366760253906 724.1337890625 203.90109252929688 3.224666 1.4980228 1.5330402 3.902659 1.23542 30.383314 -1.4669729471206665 0.13367129862308502
