Pedestrian 0.0 0 0.565568208694458 532.2833862304688 171.90463256835938 557.1026000976562 214.15560913085938 0.9968204 1.8455766 0.47194442 -2.9329226 1.8044648 31.952396 0.47403430938720703 0.34134605526924133
Pedestrian 0.0 0 -1.2564113140106201 172.54612731933594 169.1210479736328 199.76100158691406 212.2216796875 1.34827 1.7186191 0.5717911 -17.351864 1.5701274 29.488203 -1.788283109664917 0.19389690458774567
Pedestrian 0.0 0 -3.180144786834717 662.6322021484375 170.71339416503906 673.2984008789062 205.74049377441406 0.5206459 1.7960871 0.76359767 2.9638755 1.6866815 37.387653 -3.1010360717773438 0.15990681946277618
Pedestrian 0.0 0 0.9606070518493652 990.6693725585938 143.6123809814453 1013.937255859375 200.21795654296875 0.38741562 1.8608652 0.55663496 12.970661 0.89992726 23.94129 1.4571093320846558 0.14977213740348816
Cyclist 0.0 0 1.8682479858398438 173.28030395507812 169.8393096923828 202.9574737548828 214.8148651123047 1.8115085 1.7887753 0.54753 -17.353666 1.6692327 29.638823 1.3385549783706665 0.3967597484588623
Cyclist 0.0 0 -2.046407461166382 798.5413818359375 176.7469482421875 822.0196533203125 214.58892822265625 1.5399973 1.6140871 0.32267368 8.753742 1.7898554 31.721842 -1.7771553993225098 0.16947564482688904
Car 0.0 0 2.173398971557617 0.0 186.61599731445312 199.27565002441406 268.7077331542969 4.3135276 1.4606067 1.628882 -11.028322 1.8022115 15.724704 1.5617761611938477 0.9590861797332764
Car 0.0 0 -1.6240577697753906 555.11328125 177.69602966308594 715.73193359375 334.7493591308594 4.035136 1.6534451 1.7301925 0.14420688 1.733133 9.769284 -1.6092976331710815 0.778509795665741
Car 0.0 0 -3.03347110748291 1092.9190673828125 149.66583251953125 1242.0 215.21693420410156 4.47133 2.0492582 1.7934426 19.367838 1.3247081 24.756018 -2.369586229324341 0.34739136695861816
Car 0.0 0 1.4790666103363037 583.5210571289062 169.44491577148438 642.0397338867188 219.43634033203125 3.4994256 1.4443967 1.504658 -0.02651141 1.3462565 22.656523 1.4778964519500732 0.31886693835258484
Car 0.0 0 0.6446604132652283 824.8525390625 149.13015747070312 915.4248657226562 188.20164489746094 3.6142523 1.7178453 1.8161367 12.059027 0.6751436 33.729485 0.9880204200744629 0.18965649604797363
Car 0.0 0 2.119560480117798 93.30628967285156 185.6454620361328 179.14157104492188 221.776123046875 3.720599 1.4863541 1.5579281 -21.530373 2.1033494 32.89702 1.540043830871582 0.15870149433612823
