Pedestrian 0.0 0 1.3235158920288086 873.5399780273438 128.972412109375 900.336181640625 190.94873046875 0.59009105 1.8275037 0.62233716 8.239761 0.53391963 21.60271 1.6879054307937622 0.4205544590950012
Pedestrian 0.0 0 1.153136134147644 843.0631103515625 146.41128540039062 869.4237670898438 201.11163330078125 0.5875296 1.8777733 0.68765306 8.514284 0.9703963 25.0901 1.480290412902832 0.20274847745895386
Pedestrian 0.0 0 1.3285043239593506 956.9415283203125 149.45997619628906 1015.5902709960938 277.3025817871094 0.67043483 1.749724 0.5935882 5.2860003 1.4298983 10.267335 1.8039506673812866 0.1268593668937683
Cyclist 0.0 0 2.2111494541168213 407.3540954589844 130.77871704101562 452.3567199707031 189.99124145507812 1.5221246 1.7683833 0.5552932 -5.609694 0.51216215 22.35531 1.9652925729751587 0.17350348830223083
Cyclist 0.0 0 2.5665273666381836 66.30500793457031 151.44012451171875 227.79750061035156 298.6103820800781 1.7118639 1.6964248 0.5486682 -5.888906 1.4499458 9.20711 1.9974949359893799 0.13826268911361694
Cyclist 0.0 0 -2.0596766471862793 1046.6868896484375 108.36437225341797 1166.0823974609375 253.74012756347656 1.7069737 1.7200298 0.53175414 6.34946 0.95737123 9.410804 -1.466133713722229 0.12837398052215576
Car 0.0 0 2.0399699211120605 116.98532104492188 188.30670166015625 480.42584228515625 375.0 3.9165223 1.5146112 1.6560116 -2.7363453 1.7148817 7.294338 1.681082844734192 0.9645211100578308
Car 0.0 0 -1.817642331123352 758.7166748046875 179.2056884765625 986.9016723632812 354.6160583496094 3.163444 1.5444913 1.5905138 2.6385913 1.6305516 8.100736 -1.50275719165802 0.9512819647789001
Car 0.0 0 1.6551748514175415 639.4843139648438 170.2547607421875 667.5106201171875 193.6193084716797 3.973455 1.5986096 1.6677278 3.1092992 1.4211262 51.45132 1.7155332565307617 0.6235008835792542
Car 0.0 0 -0.2382628619670868 835.9295043945312 162.38677978515625 1045.2430419921875 234.64414978027344 3.828398 1.4449688 1.5756538 6.910602 1.2360082 15.544152 0.18007373809814453 0.214106485247612
Car 0.0 0 1.5031983852386475 662.7923583984375 175.3629150390625 682.9625244140625 192.53237915039062 4.0970855 1.4900099 1.5393541 5.640124 1.7245363 65.27941 1.5893840789794922 0.12116251140832901
