Pedestrian 0.0 0 -2.2942376136779785 393.91156005859375 172.68026733398438 429.2359313964844 235.30484008789062 0.7349964 1.8312817 0.7110206 -5.98377 1.8265595 21.595057 -2.5645456314086914 0.6124860644340515
Pedestrian 0.0 0 1.4574830532073975 685.6556396484375 132.43565368652344 709.6615600585938 192.90049743652344 0.7477956 1.8836755 0.6726268 2.724352 0.62487125 22.851183 1.5761444568634033 0.4171636998653412
Pedestrian 0.0 0 0.17989574372768402 635.947509765625 167.95823669433594 649.39453125 193.02818298339844 0.946712 1.8888566 0.48832053 2.4519002 1.5203496 54.703865 0.2246870994567871 0.27969348430633545
Pedestrian 0.0 0 1.3319693803787231 771.8925170898438 102.28770446777344 815.4735107421875 210.0586700439453 0.6687246 1.7764053 0.5709907 3.0506787 0.6136082 12.226453 1.576491117477417 0.2747020125389099
Car 0.0 0 -1.9061602354049683 743.7587280273438 182.1986541748047 959.4425659179688 326.26910400390625 3.425152 1.4938049 1.558099 2.8595507 1.6391401 9.448132 -1.6122668981552124 0.9810999035835266
Car 0.0 0 -1.3266665935516357 352.2733154296875 194.92227172851562 465.211669921875 272.0009460449219 3.5348403 1.3843699 1.5548304 -4.308039 1.921502 15.762878 -1.5934542417526245 0.976296603679657
Car 0.0 0 -1.707030177116394 671.8224487304688 179.24209594726562 745.4950561523438 238.5698699951172 3.283919 1.4584708 1.5434593 2.5677412 1.6481767 19.736956 -1.5776586532592773 0.9660337567329407
Car 0.0 0 -1.3670258522033691 437.5973205566406 180.35440063476562 509.6274108886719 233.21475219726562 4.069554 1.631015 1.6470985 -4.6496434 1.9114693 24.89235 -1.5516879558563232 0.9164712429046631
Car 0.0 0 -1.6416538953781128 644.1318969726562 178.70115661621094 680.86572265625 211.0364227294922 3.4696171 1.4789181 1.5440112 2.4906538 1.779917 35.36101 -1.571334958076477 0.880346417427063
Car 0.0 0 1.678322672843933 496.890625 182.00360107421875 533.1129150390625 213.25205993652344 3.665282 1.5557039 1.5508671 -5.105394 2.0722344 38.852512 1.5476667881011963 0.8778544068336487
