Pedestrian 0.0 0 -2.578035831451416 561.7689208984375 157.0567169189453 577.3253784179688 189.49795532226562 0.7510455 1.8575603 0.49244487 -2.3726041 0.9533775 41.709476 -2.6348586082458496 0.5301744341850281
Cyclist 0.0 0 1.8292193412780762 393.6638488769531 179.522705078125 451.25286865234375 283.10528564453125 1.9395789 1.7673944 0.56143457 -3.497738 1.9006358 13.404266 1.5739690065383911 0.9248044490814209
Cyclist 0.0 0 1.7583128213882446 330.42340087890625 181.25685119628906 393.317626953125 303.5884704589844 1.9361471 1.7109293 0.5773601 -3.8707247 1.8536898 11.225552 1.4262657165527344 0.8880802392959595
Car 0.0 0 -1.9568670988082886 717.0806274414062 180.96017456054688 927.14013671875 318.3301696777344 3.2493527 1.4645809 1.503097 2.5475519 1.5919714 9.597974 -1.6974233388900757 0.972734808921814
Car 0.0 0 -1.735102891921997 576.4925537109375 183.85292053222656 632.2810668945312 227.65032958984375 3.6349652 1.5640609 1.629728 -0.3290429 2.0308976 28.66663 -1.7465806007385254 0.9683051109313965
Car 0.0 0 -1.4106611013412476 215.22084045410156 201.07986450195312 357.39727783203125 310.5225524902344 4.153808 1.4189467 1.6034985 -5.5344124 2.0028453 12.703421 -1.8215287923812866 0.9484312534332275
Car 0.0 0 -1.8299278020858765 637.41552734375 178.2514190673828 747.8844604492188 251.894775390625 3.719607 1.4735254 1.6025225 1.7305821 1.6133782 16.683592 -1.7265678644180298 0.9006679654121399
Car 0.0 0 -1.651495337486267 554.1028442382812 181.80438232421875 588.0089721679688 211.8935546875 3.3922305 1.4991226 1.5439714 -2.167161 2.0028822 38.793743 -1.7073010206222534 0.8666867017745972
Car 0.0 0 1.8035736083984375 295.2972412109375 192.6917724609375 404.1642761230469 266.22943115234375 4.0246205 1.475686 1.609486 -6.273581 2.0198708 17.689932 1.4627699851989746 0.76884925365448
Car 0.0 0 -1.4873827695846558 407.68017578125 189.7394256591797 451.5609130859375 226.76185607910156 3.9884522 1.531011 1.6710589 -8.439554 2.3729162 33.85543 -1.7316856384277344 0.6896804571151733
