Pedestrian 0.0 0 1.065874695777893 936.3358154296875 159.64593505859375 975.385009765625 222.59432983398438 0.9966418 1.8225259 0.64079773 10.201545 1.4404746 21.4044 1.5106356143951416 0.7309435606002808
Pedestrian 0.0 0 -1.625394582748413 659.9142456054688 171.6531219482422 675.0007934570312 211.00843811035156 0.7835619 1.7013168 0.6150631 2.4709074 1.6497617 31.587976 -1.5473304986953735 0.3673299252986908
Pedestrian 0.0 0 1.1131092309951782 550.7269287109375 178.60989379882812 572.329345703125 215.0491943359375 1.0378116 1.6063793 0.57250845 -2.2337086 1.8714246 32.58497 1.044666051864624 0.16985701024532318
Cyclist 0.0 0 -1.4080705642700195 554.8102416992188 177.8933868408203 571.25 214.66897583007812 1.2691556 1.6233047 0.54671335 -2.1608515 1.8565556 32.684853 -1.4740861654281616 0.16965718567371368
Cyclist 0.0 0 2.306220769882202 0.0 161.71240234375 46.518707275390625 222.3076629638672 1.3062848 1.6863655 0.5698401 -17.062813 1.376653 20.743467 1.6178724765777588 0.10920491814613342
Car 0.0 0 1.8342068195343018 400.42608642578125 182.7736358642578 552.4678344726562 290.00689697265625 3.59385 1.451984 1.5700814 -2.0879712 1.6425514 11.972099 1.6615403890609741 0.9724438786506653
Car 0.0 0 -0.9779562950134277 0.0 144.7794189453125 61.29999542236328 187.47610473632812 3.5482454 1.796574 1.7357388 -26.631603 0.61562103 32.20841 -1.6688575744628906 0.2046670913696289
Car 0.0 0 0.25258001685142517 887.0669555664062 169.1707763671875 946.4869384765625 187.32443237304688 4.467831 1.5196319 1.609753 26.47811 1.211669 62.394478 0.6539137363433838 0.14399002492427826
Car 0.0 0 -1.4495725631713867 447.9110412597656 189.6066436767578 534.4961547851562 259.010986328125 4.3197603 1.497758 1.7035936 -3.0153153 1.9859073 18.816034 -1.6084738969802856 0.1176333874464035
Car 0.0 0 1.1814167499542236 902.1875 165.68930053710938 953.13916015625 192.56764221191406 3.781642 1.6314994 1.633355 20.023317 1.1969641 45.70371 1.594340205192566 0.1068829596042633
