Pedestrian 0.0 0 0.670019805431366 59.36189270019531 173.40989685058594 129.2201690673828 288.9006042480469 0.62547183 1.676575 0.57874525 -7.745681 1.685473 10.778437 0.04690122604370117 0.18370188772678375
Pedestrian 0.0 0 3.243638038635254 240.8408203125 177.37307739257812 255.06436157226562 198.31710815429688 1.0748762 1.826839 0.49915782 -31.901104 2.2278323 63.54055 2.7783446311950684 0.11276017129421234
Pedestrian 0.0 0 0.0011142939329147339 719.6435546875 162.9891357421875 733.9758911132812 187.9146270751953 1.0649867 1.8734647 0.46286473 8.803162 1.1323522 54.543777 0.16113066673278809 0.11172299832105637
Pedestrian 0.0 0 3.2954163551330566 303.8941650390625 179.23291015625 322.0834045410156 213.3055419921875 0.82526284 1.8239272 0.6450428 -16.162174 2.1743693 39.1858 2.904223680496216 0.1053161695599556
Cyclist 0.0 0 0.7142711877822876 907.1500854492188 123.62647247314453 963.4827880859375 187.490234375 1.5066139 1.7941153 0.54805666 9.429995 0.4115317 21.065895 1.1351630687713623 0.2587334215641022
Car 0.0 0 2.353412389755249 0.0 190.04861450195312 88.62139892578125 262.17578125 3.9688082 1.4724683 1.6658932 -15.230527 1.9442594 17.740007 1.6439805030822754 0.21204105019569397
Car 0.0 0 1.0452581644058228 895.4617919921875 158.04664611816406 948.750732421875 186.14649963378906 3.7268193 1.9027888 1.8143061 21.888058 0.9004628 50.814182 1.45198655128479 0.20364826917648315
Car 0.0 0 1.7369194030761719 340.01702880859375 176.7791748046875 375.8830261230469 201.92771911621094 3.7887175 1.5170761 1.5618093 -16.103079 1.7793622 46.14675 1.4011770486831665 0.13384829461574554
Car 0.0 0 -0.37256819009780884 897.0655517578125 158.91868591308594 1052.6956787109375 211.29531860351562 3.7914858 1.4768034 1.5514159 10.616503 1.0842434 21.284765 0.09010624885559082 0.12869279086589813
Car 0.0 0 2.1163330078125 36.60017776489258 192.64222717285156 170.78042602539062 250.50656127929688 3.688738 1.4676688 1.578051 -14.946268 2.109049 21.480898 1.508435845375061 0.11471788585186005
Car 0.0 0 -0.8456679582595825 0.0 196.66822814941406 101.44367980957031 260.6564636230469 4.0178657 1.5495894 1.6199688 -17.152832 2.3114622 21.029694 -1.5298779010772705 0.1041145846247673
