Car 0.0 0 -1.846400260925293 744.680908203125 193.08619689941406 972.3380126953125 335.9226989746094 3.8901308 1.3144335 1.6148789 2.7899926 1.626528 9.153658 -1.550549864768982 0.9759476780891418
Car 0.0 0 -1.7418125867843628 694.3983764648438 183.69093322753906 786.1419677734375 247.3465576171875 4.2037134 1.3778286 1.5751266 3.1466467 1.6866918 18.434534 -1.5727488994598389 0.9699376821517944
Car 0.0 0 0.5430546998977661 8.565383911132812 162.38580322265625 376.4266052246094 293.4464416503906 4.375622 1.7363868 1.721424 -5.916488 1.5980543 10.480804 0.029141902923583984 0.920271098613739
Car 0.0 0 -1.7178858518600464 656.4011840820312 175.35166931152344 698.1138305664062 207.24330139160156 3.755915 1.5343099 1.581927 3.3525374 1.6691626 36.93087 -1.6273552179336548 0.9012531042098999
Car 0.0 0 1.6640360355377197 549.1651611328125 177.3178253173828 588.8751831054688 210.64334106445312 3.5785422 1.4343368 1.5074916 -1.8855691 1.6522942 33.354576 1.6075650453567505 0.8993692994117737
Car 0.0 0 0.365793377161026 227.2124481201172 180.4350128173828 458.1173400878906 255.47824096679688 4.388988 1.5193486 1.6816885 -5.723135 1.6934252 15.656827 0.015345573425292969 0.8811250329017639
Car 0.0 0 0.060985445976257324 476.494873046875 175.44320678710938 547.706787109375 203.66641235351562 3.8539732 1.5338625 1.6658605 -5.4639273 1.6825558 40.361782 -0.0735703557729721 0.8247655034065247
Car 0.0 0 3.292774200439453 378.5465393066406 175.42953491210938 499.91961669921875 222.89222717285156 3.8427172 1.5548033 1.6250452 -5.8105035 1.6467808 24.701412 3.0617446899414062 0.8008024096488953
Car 0.0 0 3.568734645843506 93.1945571899414 169.96522521972656 363.7568054199219 254.67587280273438 4.031201 1.4225111 1.5492095 -6.7587934 1.374359 12.99309 3.0890707969665527 0.7606779932975769
Car 0.0 0 0.4932539165019989 311.30145263671875 182.2423095703125 480.4266357421875 243.22213745117188 3.9261897 1.4428663 1.5028875 -5.5158906 1.6994194 18.553059 0.20427274703979492 0.6653016805648804
Car 0.0 0 0.4871021509170532 340.7356872558594 176.24273681640625 478.7255554199219 227.02098083496094 3.8342543 1.47934 1.5606724 -6.2160373 1.5901737 22.34734 0.2158045768737793 0.663154125213623
