Pedestrian 0.0 0 1.1960408687591553 1053.6834716796875 178.91307067871094 1087.2933349609375 230.2772216796875 0.87472135 1.6588894 0.663331 15.204003 1.8641827 23.909222 1.7624439001083374 0.12305615097284317
Pedestrian 0.0 0 -2.065129280090332 1120.4478759765625 156.83045959472656 1155.860595703125 216.3903045654297 0.65590847 1.8351835 0.6624721 16.48931 1.3418174 22.599419 -1.4347901344299316 0.10288979858160019
Car 0.0 0 -0.8403893709182739 0.0 205.34164428710938 60.65892028808594 269.02984619140625 3.8452919 1.4511113 1.6121294 -17.817545 2.4543314 20.339031 -1.5598008632659912 0.39171192049980164
Car 0.0 0 -1.5712636709213257 594.042236328125 173.84951782226562 615.7260131835938 194.9578857421875 3.8550398 1.5822029 1.6309823 -0.42695555 1.6627686 56.197426 -1.5788609981536865 0.3473886549472809
Car 0.0 0 1.964111328125 364.0232238769531 180.4664306640625 413.4732666015625 205.46238708496094 4.208692 1.5200216 1.6142635 -14.488122 2.043092 47.369915 1.6672955751419067 0.2681761682033539
Car 0.0 0 0.7559784054756165 818.8987426757812 150.39646911621094 881.5791625976562 181.05972290039062 4.6900587 2.271176 1.7369334 18.521122 0.6081421 55.916466 1.0758333206176758 0.13531151413917542
Car 0.0 0 -1.1858733892440796 343.9671325683594 169.69850158691406 388.0259704589844 198.710693359375 4.082907 2.1053576 1.7448212 -18.37946 1.8767269 54.44746 -1.5114259719848633 0.13186071813106537
Car 0.0 0 2.4931530952453613 370.1474609375 170.1263427734375 417.09759521484375 188.4910430908203 3.7867677 1.5914239 1.6654965 -19.342985 1.3554107 64.54326 2.2019805908203125 0.10603436082601547
Car 0.0 0 1.9553582668304443 248.12806701660156 182.49989318847656 290.08428955078125 202.65472412109375 4.288797 1.5186602 1.5912179 -27.667849 2.3322418 58.642815 1.5145217180252075 0.10261157900094986
Car 0.0 0 -0.88924241065979 884.2704467773438 178.56585693359375 952.932861328125 206.50021362304688 3.8027089 1.530078 1.6241734 17.844671 1.8739172 41.781094 -0.48559507727622986 0.10158709436655045
