Pedestrian 0.0 0 1.230877161026001 1080.3988037109375 138.09127807617188 1228.5972900390625 349.5410461425781 1.6380913 1.7261493 0.5755084 4.954627 1.4427253 6.754704 1.8637393712997437 0.1405927985906601
Pedestrian 0.0 0 1.9805651903152466 663.5144653320312 190.55752563476562 690.393310546875 243.70216369628906 0.76599926 1.5677592 0.5610514 2.0052788 2.121156 22.066689 2.0711898803710938 0.10534689575433731
Cyclist 0.0 0 -1.788161277770996 741.0289916992188 155.29322814941406 769.0142822265625 212.6409454345703 1.6936842 1.6338838 0.45412937 4.239853 1.133921 21.406061 -1.5926241874694824 0.25730761885643005
Cyclist 0.0 0 1.2385423183441162 1082.775146484375 139.3975830078125 1223.93017578125 348.3817443847656 1.5378531 1.7230458 0.5703778 4.960712 1.4475602 6.7651167 1.8712552785873413 0.242845356464386
Cyclist 0.0 0 2.300776481628418 182.86639404296875 194.78260803222656 211.16554260253906 224.70335388183594 1.4909378 1.6260916 0.546916 -23.575224 2.9009914 41.148666 1.7805007696151733 0.21226879954338074
Cyclist 0.0 0 -2.963604688644409 642.8529052734375 190.86607360839844 697.7058715820312 245.9192352294922 1.5725856 1.6214871 0.7603986 1.8140965 2.1900775 22.190557 -2.882035255432129 0.14719648659229279
Cyclist 0.0 0 -0.30418017506599426 799.5919189453125 196.8072967529297 867.6272583007812 255.84751892089844 1.7302555 1.6346066 0.6816491 6.3222957 2.3304706 20.601395 -0.006417267024517059 0.10823690891265869
Car 0.0 0 1.6088769435882568 485.2460021972656 178.94964599609375 509.5111999511719 200.89927673339844 3.8917794 1.4795442 1.5757188 -8.077049 1.9344893 51.782207 1.454142689704895 0.696506917476654
Car 0.0 0 2.045844078063965 207.6463165283203 187.00436401367188 283.5063781738281 221.19219970703125 4.0322714 1.4969496 1.6481704 -17.757233 2.2291048 35.2888 1.5796418190002441 0.1859535127878189
Car 0.0 0 3.3252177238464355 163.6020050048828 183.51646423339844 241.39486694335938 208.1318817138672 4.1899033 1.5121647 1.6196295 -26.509367 2.2287214 47.018505 2.811836004257202 0.13704189658164978
Car 0.0 0 1.8179423809051514 265.8629455566406 194.01885986328125 311.015625 219.76556396484375 4.187271 1.4687481 1.7144206 -20.909018 2.9126215 46.99942 1.3993558883666992 0.12944401800632477
Car 0.0 0 0.8158730864524841 180.90182495117188 184.91586303710938 242.89056396484375 207.1763458251953 3.958791 1.5073218 1.6170158 -28.559977 2.3953567 51.721878 0.3113548755645752 0.11741667240858078
