Pedestrian 0.0 0 -1.7504469156265259 682.7327270507812 167.3932342529297 697.016357421875 196.70848083496094 1.0992815 1.6662008 0.6303105 4.5633445 1.3561838 41.577976 -1.6411305665969849 0.2696220278739929
Pedestrian 0.0 0 0.7072869539260864 1169.88916015625 147.0939178466797 1242.0 306.4355163574219 0.8990506 1.7597071 0.6540934 7.2113123 1.4755806 8.460939 1.4131184816360474 0.227107971906662
Pedestrian 0.0 0 -2.271550178527832 1039.7781982421875 158.68995666503906 1097.664794921875 235.84918212890625 1.1283774 1.7585207 0.55496436 10.763753 1.4360687 17.03854 -1.7081260681152344 0.15588922798633575
Cyclist 0.0 0 2.0171263217926025 275.8392639160156 186.9773406982422 295.44647216796875 213.28955078125 1.5544685 1.632212 0.53205407 -20.87182 2.555797 46.380135 1.5942587852478027 0.4970608055591583
Cyclist 0.0 0 2.0872597694396973 139.26654052734375 202.3008270263672 174.02305603027344 244.1190185546875 1.6254805 1.6903033 0.53965795 -19.592691 2.9955356 31.146626 1.5257554054260254 0.231672465801239
Cyclist 0.0 0 -1.8361072540283203 852.1887817382812 160.79051208496094 876.3402099609375 209.0750732421875 1.6154261 1.6920986 0.41121477 9.14197 1.2697004 26.10338 -1.499234914779663 0.16391746699810028
Cyclist 0.0 0 -1.7685235738754272 682.8136596679688 168.36819458007812 697.19287109375 197.46453857421875 1.0835551 1.6532897 0.62104785 4.5691857 1.3987586 41.562923 -1.6590291261672974 0.16013552248477936
Cyclist 0.0 0 1.6210603713989258 892.4962768554688 163.93385314941406 913.2985229492188 215.21682739257812 1.3080848 1.685815 0.58999544 9.881434 1.392943 24.433674 2.0053701400756836 0.13651655614376068
Car 0.0 0 1.95890212059021 316.4349365234375 188.7379608154297 368.26495361328125 214.6505889892578 3.9686906 1.4575272 1.6561425 -16.67737 2.4941416 45.058704 1.6044119596481323 0.8519914150238037
Car 0.0 0 2.7549033164978027 814.6010131835938 175.46310424804688 974.4411010742188 227.18142700195312 4.167122 1.4842341 1.5752926 8.3917675 1.5657097 21.60855 3.1253299713134766 0.3143812417984009
Car 0.0 0 1.9702080488204956 234.0325164794922 194.75721740722656 293.920166015625 227.04518127441406 4.0884037 1.6272033 1.6254715 -19.737532 2.9433525 41.262226 1.5240349769592285 0.19131535291671753
Car 0.0 0 0.8640385270118713 856.1530151367188 180.6355743408203 948.9087524414062 221.2879638671875 3.5730531 1.4939041 1.5106467 11.699119 1.8299278 29.187252 1.2452600002288818 0.15859045088291168
Car 0.0 0 1.9487240314483643 260.968505859375 182.29466247558594 309.1992492675781 208.88433837890625 3.8168616 1.6227317 1.5906115 -21.290693 2.2681017 47.352722 1.5261868238449097 0.15807779133319855
Car 0.0 0 1.260526418685913 662.3067016601562 181.00747680664062 723.635498046875 216.0164337158203 4.2339787 1.4488381 1.5643476 3.6883948 1.8487614 33.126606 1.3714120388031006 0.1498691737651825
