Pedestrian 0.0 0 -0.039973340928554535 547.9953002929688 144.3230438232422 660.843994140625 321.3177795410156 1.1501006 1.7944877 0.6664746 -0.07121885 1.4293956 7.524792 -0.049437619745731354 0.9073033928871155
Pedestrian 0.0 0 -0.6291187405586243 1012.3076171875 172.0742950439453 1072.2745361328125 275.1234130859375 0.62745005 1.6696584 0.57901585 7.222582 1.5347939 11.764242 -0.07850963622331619 0.18528585135936737
Pedestrian 0.0 0 1.0777288675308228 959.433837890625 165.36575317382812 1025.9818115234375 269.64715576171875 0.99844724 1.6101388 0.5286696 6.1914887 1.3781193 11.41237 1.5748145580291748 0.15199123322963715
Pedestrian 0.0 0 1.4960200786590576 840.6963500976562 175.9497528076172 870.3543701171875 248.53878784179688 0.6674204 1.783861 0.65269554 6.2549944 1.6736372 17.777822 1.834335446357727 0.1257385015487671
Pedestrian 0.0 0 2.863084554672241 57.45227813720703 191.37295532226562 99.0284194946289 256.0679931640625 0.7826906 1.801054 0.7616146 -15.235619 2.124784 20.40282 2.221672534942627 0.11609360575675964
Pedestrian 0.0 0 -2.213407278060913 823.0071411132812 131.8362274169922 879.548583984375 236.04995727539062 0.7450177 1.7922496 0.6301062 4.3381615 0.9569851 12.605808 -1.881962537765503 0.11256629973649979
Cyclist 0.0 0 -1.9016180038452148 758.9090576171875 125.68843841552734 806.4288330078125 238.33175659179688 1.1857424 1.8937677 0.44773474 3.0769868 0.97392094 12.49246 -1.6601176261901855 0.18416067957878113
Cyclist 0.0 0 -1.9459367990493774 843.0235595703125 152.47727966308594 901.809326171875 260.49993896484375 1.6375086 1.7759593 0.38533357 4.6293087 1.3169 12.441599 -1.5897258520126343 0.12653356790542603
Cyclist 0.0 0 -3.6550416946411133 1033.980712890625 196.54920959472656 1135.924072265625 286.3450927734375 1.6257505 1.6838068 0.43041995 9.194381 2.0013351 13.632508 -3.061673164367676 0.10498925298452377
Car 0.0 0 -1.538885474205017 533.8609619140625 162.71922302246094 596.3358154296875 221.81700134277344 3.086389 1.4529707 1.5360328 -1.0557839 1.0174123 18.939466 -1.5945730209350586 0.12930364906787872
