Pedestrian 0.0 0 1.1178447008132935 639.3231201171875 160.45877075195312 688.4686889648438 251.6795196533203 0.957934 1.8180219 0.65872645 1.2447101 1.3999184 14.879333 1.2013039588928223 0.9236392378807068
Pedestrian 0.0 0 1.9420244693756104 309.8473205566406 166.54965209960938 349.458984375 240.853759765625 0.7034661 1.7016419 0.6578843 -6.3838506 1.3604739 16.802408 1.5789328813552856 0.8286195397377014
Pedestrian 0.0 0 -1.9709539413452148 562.9636840820312 165.2359161376953 607.828125 249.46304321289062 0.87742805 1.663933 0.6239833 -0.37544626 1.3438795 14.716712 -1.9964599609375 0.8162316679954529
Pedestrian 0.0 0 -3.1496682167053223 735.4834594726562 145.805908203125 843.2569580078125 328.949951171875 0.9844829 1.6998664 0.69645834 1.7987977 1.369945 7.1196847 -2.902195692062378 0.7467554807662964
Pedestrian 0.0 0 0.6532436013221741 605.8927612304688 165.44725036621094 649.350341796875 249.99159240722656 0.7134785 1.6389929 0.49418172 0.48292106 1.3290441 14.340447 0.6869063377380371 0.6894326210021973
Pedestrian 0.0 0 2.4862570762634277 839.9603881835938 154.62890625 945.70947265625 311.1194763183594 0.89701045 1.6507516 0.62353003 3.18399 1.3686608 7.997126 2.8651604652404785 0.6840214133262634
Pedestrian 0.0 0 2.047102689743042 1140.9449462890625 135.32235717773438 1238.0 316.437744140625 0.81815284 1.7813758 0.6073658 6.1725626 1.3285612 7.5032063 2.735506772994995 0.6802712082862854
Pedestrian 0.0 0 0.3796851634979248 675.3635864257812 155.68594360351562 737.3963012695312 257.1347351074219 0.97561276 1.8177046 0.64515597 1.9180354 1.3564531 13.390953 0.5219511985778809 0.6457322239875793
Pedestrian 0.0 0 1.9111400842666626 703.2135620117188 176.3407440185547 747.6651000976562 254.03871154785156 0.5833926 1.794377 0.89782745 2.9117236 1.6764356 17.060375 2.0801830291748047 0.3877677619457245
Pedestrian 0.0 0 3.511305093765259 187.7537841796875 168.8310089111328 226.7901611328125 237.20982360839844 0.7282851 1.7345885 0.5699511 -10.204153 1.4143902 18.550442 3.0084035396575928 0.3699418604373932
Pedestrian 0.0 0 -3.6336841583251953 1176.7603759765625 141.8693084716797 1238.0 277.8174133300781 0.5990383 1.6887541 0.6171895 7.9130893 1.1977975 9.285666 -2.9279239177703857 0.30806776881217957
Pedestrian 0.0 0 1.8689587116241455 210.50082397460938 153.13449096679688 251.73397827148438 230.91427612304688 0.7806826 1.7774625 0.6617631 -8.713564 1.1304505 16.856133 1.3918532133102417 0.2811400592327118
Pedestrian 0.0 0 1.2985574007034302 615.74560546875 165.83370971679688 647.5033569335938 233.13943481445312 1.1441022 2.0469449 0.70874316 0.9074266 1.5716102 22.482029 1.3388978242874146 0.25996866822242737
Pedestrian 0.0 0 -2.665994167327881 620.6036376953125 169.8323211669922 657.621337890625 238.82888793945312 0.7372129 1.6788119 0.58335304 0.90774775 1.396109 17.91314 -2.6153624057769775 0.24671266973018646
Pedestrian 0.0 0 -3.598137855529785 932.5949096679688 136.87106323242188 1025.7086181640625 224.63722229003906 1.5719765 1.7119595 0.51836485 7.457074 0.84268254 14.287519 -3.1171011924743652 0.12841731309890747
Pedestrian 0.0 0 -2.787205219268799 568.9891967773438 159.06617736816406 604.0435791015625 197.3875732421875 1.5837659 1.8385823 0.6448678 -0.7351292 0.76315725 35.025467 -2.8081905841827393 0.10590100288391113
Cyclist 0.0 0 -3.589289903640747 933.2346801757812 141.1595916748047 1033.7042236328125 229.667236328125 1.7197399 1.7273276 0.49881795 7.547085 0.9412899 14.298377 -3.103628396987915 0.5060876607894897
Cyclist 0.0 0 -2.787205219268799 568.9891967773438 159.06617736816406 604.0435791015625 197.3875732421875 1.5837659 1.8385823 0.6448678 -0.7351292 0.76315725 35.025467 -2.8081905841827393 0.24639064073562622
Car 0.0 0 1.8649818897247314 383.8302001953125 164.70533752441406 538.951171875 267.0925598144531 4.2459335 1.6548963 1.7341509 -2.5165467 1.3847344 13.815739 1.6848064661026 0.7295105457305908
Car 0.0 0 -1.6810170412063599 565.03125 162.50552368164062 592.1840209960938 184.12400817871094 4.2683744 1.6546626 1.6955336 -1.8322643 0.20139447 57.211063 -1.7130324840545654 0.26906731724739075
Car 0.0 0 -1.4858626127243042 573.0153198242188 165.9263916015625 605.799560546875 196.98606872558594 2.3889368 1.5017883 1.4463091 -0.5836657 0.7496777 35.97141 -1.5020869970321655 0.2601204514503479
