Pedestrian 0.0 0 1.5075173377990723 76.50574493408203 192.13404846191406 106.84977722167969 257.955810546875 0.6311308 1.8487798 0.67756367 -15.128857 2.4223764 20.991283 0.8830196857452393 0.14392785727977753
Pedestrian 0.0 0 -0.8765748739242554 30.54319953918457 151.32522583007812 58.98135757446289 202.6507110595703 0.54707193 1.796052 0.575666 -20.039268 1.0430458 25.527973 -1.5420976877212524 0.13590247929096222
Pedestrian 0.0 0 0.7297614812850952 0.0 159.48236083984375 118.19670104980469 327.93548583984375 0.991742 1.8905865 0.62212706 -6.5141783 1.7408715 8.441406 0.07252049446105957 0.130596324801445
Pedestrian 0.0 0 3.643308162689209 33.340789794921875 136.9124755859375 89.50147247314453 239.24676513671875 0.60779876 1.7013017 0.47464088 -9.374591 1.1041336 12.273002 2.991008996963501 0.11569207906723022
Pedestrian 0.0 0 0.4828367531299591 0.0 101.66514587402344 65.00834655761719 253.72003173828125 0.79895085 1.8019962 0.49213576 -7.3413687 0.9586979 8.871581 -0.2084580361843109 0.11121093481779099
Pedestrian 0.0 0 3.529083490371704 60.762245178222656 191.7684326171875 101.37376403808594 246.6961669921875 0.89894724 1.6978655 0.5550289 -16.853703 2.3095748 22.940086 2.8954572677612305 0.10704664140939713
Cyclist 0.0 0 -2.0483241081237793 691.2891845703125 156.9247283935547 725.3175659179688 206.38868713378906 1.7603852 1.7201006 0.4522836 3.4800537 1.1665213 25.993462 -1.9152337312698364 0.3703393042087555
Cyclist 0.0 0 0.34766268730163574 59.731422424316406 187.56875610351562 127.97714233398438 245.8719940185547 1.6383679 1.8029788 0.7102536 -16.58695 2.2871606 23.158077 -0.2738856077194214 0.17361709475517273
Car 0.0 0 -1.566980004310608 392.2467956542969 171.80734252929688 433.1204833984375 208.39588928222656 3.5985234 1.5032835 1.6317567 -8.67035 1.4606383 31.59231 -1.8348301649093628 0.8893795013427734
Car 0.0 0 -1.9846298694610596 522.83935546875 159.77268981933594 593.9598999023438 195.26487731933594 4.1840134 1.4932382 1.6482781 -2.4426284 0.9432353 32.588066 -2.0594446659088135 0.186190664768219
