Car 0.0 0 -1.9869035482406616 686.481201171875 200.26181030273438 992.8134155273438 375.0 4.0906253 1.4680115 1.6388638 2.1469116 1.8606584 8.175252 -1.7300913333892822 0.9869565963745117
Car 0.0 0 -1.8570326566696167 618.0929565429688 200.9243927001953 765.73876953125 307.2208557128906 3.669543 1.4563752 1.5914836 1.2400672 2.0333252 12.866204 -1.7609477043151855 0.9822112917900085
Car 0.0 0 -1.7571215629577637 560.2489624023438 192.79376220703125 651.7224731445312 269.29132080078125 3.346534 1.6081004 1.6540778 -0.24211298 2.153331 17.909803 -1.770639181137085 0.96278977394104
Car 0.0 0 1.8817869424819946 0.0 216.2240753173828 281.4992370605469 375.0 4.1772118 1.4397014 1.67353 -4.7776785 2.0263774 7.519545 1.31576669216156 0.9424509406089783
Car 0.0 0 -2.312411308288574 857.929443359375 206.6324920654297 1242.0 375.0 3.549963 1.4828457 1.5385025 2.6959956 1.737454 3.5870683 -1.667894959449768 0.8783732652664185
Car 0.0 0 1.7257843017578125 235.68858337402344 211.74720764160156 349.5304870605469 309.6767272949219 3.496262 1.4564457 1.4990276 -6.1073384 2.3184528 14.102074 1.3170890808105469 0.8588681221008301
Car 0.0 0 -1.6244237422943115 523.829833984375 196.57534790039062 567.86572265625 237.5046844482422 3.9374826 1.466499 1.6194878 -2.792252 2.5312994 30.309303 -1.7162896394729614 0.8026588559150696
Car 0.0 0 1.6510918140411377 341.7867431640625 189.46701049804688 404.81207275390625 255.9095458984375 4.406469 2.0064137 1.746707 -8.24418 2.6434848 25.3051 1.3361444473266602 0.6604747772216797
Car 0.0 0 2.434215545654297 0.0 233.19302368164062 92.89321899414062 375.0 3.839585 1.4566687 1.5245016 -3.5681381 1.811951 2.2298677 1.421974539756775 0.4704097807407379
Car 0.0 0 1.6701797246932983 397.9046936035156 199.18173217773438 429.9462890625 228.26922607421875 3.7612062 1.6400286 1.6191195 -12.561091 3.4012537 46.267235 1.4050796031951904 0.46617600321769714
Car 0.0 0 -1.6548949480056763 519.9036865234375 193.75071716308594 558.282958984375 227.3726348876953 3.545704 1.4631643 1.5845546 -3.5824728 2.5502372 35.63215 -1.7550987005233765 0.4465806782245636
