Pedestrian 0.0 0 -1.7661041021347046 647.9356079101562 164.81655883789062 670.0244750976562 210.5971221923828 0.84022486 1.7469113 0.7033193 2.0641809 1.1499645 27.434114 -1.6910042762756348 0.6023603677749634
Pedestrian 0.0 0 -3.0318009853363037 586.8992919921875 169.3434295654297 602.7902221679688 201.54742431640625 0.8431663 1.8028164 0.538427 -0.57900375 1.1796492 39.88455 -3.0463168621063232 0.5850458741188049
Pedestrian 0.0 0 1.3968936204910278 530.9235229492188 187.29368591308594 556.7802124023438 252.60731506347656 0.7497664 1.3952668 0.4429997 -1.3958561 1.5509086 15.606196 1.307688593864441 0.20489901304244995
Pedestrian 0.0 0 -0.1673750877380371 1073.1876220703125 51.541011810302734 1224.0 370.0 0.61518687 1.8109379 0.678797 2.7612164 1.2303076 3.6313553 0.48273730278015137 0.1912999451160431
Pedestrian 0.0 0 -0.2683267593383789 1046.865234375 95.23086547851562 1224.0 370.0 0.7334905 1.7906184 0.6199377 3.1370153 1.3227656 4.3082714 0.3610351085662842 0.18041175603866577
Pedestrian 0.0 0 -2.928318500518799 1134.1820068359375 80.58634185791016 1224.0 308.33697509765625 0.54749364 1.8030081 0.7280984 4.9120765 1.0137407 6.0335593 -2.245023488998413 0.17947739362716675
Pedestrian 0.0 0 -2.4420599937438965 117.2514419555664 128.77285766601562 233.9755401611328 301.1249694824219 0.8804583 1.7456036 0.60312957 -4.6015325 1.223398 7.5202312 -2.9911742210388184 0.16501154005527496
Pedestrian 0.0 0 0.2804529070854187 715.9955444335938 160.67848205566406 729.9185791015625 185.36203002929688 0.9949994 1.9136544 0.42030424 9.223386 0.37818924 55.215004 0.4459695816040039 0.16228997707366943
Pedestrian 0.0 0 1.1222097873687744 817.4817504882812 135.75242614746094 858.3796997070312 210.8753662109375 0.9487738 1.8716373 0.6459843 5.9230275 0.7583772 18.123636 1.4380799531936646 0.14350639283657074
Pedestrian 0.0 0 -1.8794703483581543 938.8423461914062 129.8273468017578 1016.5253295898438 264.4435729980469 1.7238654 1.7881846 0.4859901 5.3239546 1.1167431 10.277712 -1.4015189409255981 0.13642780482769012
Pedestrian 0.0 0 1.216350793838501 550.8619995117188 186.01739501953125 577.0519409179688 244.3863525390625 0.71087533 1.4871068 0.46502626 -1.1152986 1.6364166 18.507114 1.1561603546142578 0.136356383562088
Pedestrian 0.0 0 -0.11150768399238586 910.4190063476562 145.09158325195312 968.3225708007812 255.38526916503906 0.7880036 1.7303972 0.5832385 5.374252 1.1765313 11.49035 0.32598304748535156 0.13176964223384857
Cyclist 0.0 0 1.1216832399368286 1095.85498046875 51.48054504394531 1224.0 291.75457763671875 1.506188 1.8235419 0.6346867 4.9324665 0.8460683 6.166113 1.7963823080062866 0.402306467294693
Cyclist 0.0 0 -1.8794703483581543 938.8423461914062 129.8273468017578 1016.5253295898438 264.4435729980469 1.7238654 1.7881846 0.4859901 5.3239546 1.1167431 10.277712 -1.4015189409255981 0.19050319492816925
Car 0.0 0 -1.7261474132537842 675.1653442382812 172.1100311279297 710.7680053710938 198.2724151611328 4.1759844 1.6599649 1.712409 5.7932034 1.1289746 46.97108 -1.6034315824508667 0.22542400658130646
Car 0.0 0 -1.6183137893676758 689.982421875 163.6151580810547 719.3802490234375 197.95315551757812 3.7493064 1.9267522 1.527803 5.8196177 0.98070955 41.6051 -1.4793379306793213 0.18583108484745026
Car 0.0 0 -0.8628861904144287 1050.4171142578125 17.321035385131836 1224.0 370.0 3.9920824 1.7562351 1.7035357 4.779692 1.1459345 3.6170683 0.06009817123413086 0.1739601343870163
