Pedestrian 0.0 0 1.4443588256835938 734.3607177734375 126.95975494384766 759.8870239257812 192.0996856689453 0.7008228 1.8586498 0.64317334 3.929087 0.5494989 20.953768 1.629718542098999 0.5316956639289856
Car 0.0 0 -1.7900309562683105 656.1508178710938 181.99571228027344 722.5794067382812 230.0084228515625 3.254528 1.4873168 1.5761799 2.6026843 1.8223383 24.705093 -1.6850680112838745 0.9644257426261902
Car 0.0 0 -2.575727701187134 889.4721069335938 178.8487548828125 1133.76171875 275.960693359375 3.3712091 1.3871897 1.5018803 6.6470327 1.5055953 12.368257 -2.0825889110565186 0.9548541903495789
Car 0.0 0 3.446049690246582 299.103271484375 194.1859893798828 456.12823486328125 249.5706329345703 3.979185 1.4737328 1.591044 -6.6027265 2.1077473 20.623955 3.136212110519409 0.9186802506446838
Car 0.0 0 0.5011211633682251 112.2544937133789 195.6961212158203 360.8736267089844 287.15667724609375 3.798076 1.5392518 1.6414679 -6.8825316 1.993186 13.450928 0.02817559242248535 0.8993181586265564
Car 0.0 0 -1.6901684999465942 632.6024169921875 181.12144470214844 676.0563354492188 213.61666870117188 4.0748386 1.4132956 1.5878543 2.0224395 1.833073 34.51998 -1.6316479444503784 0.8468706011772156
Car 0.0 0 3.961243152618408 0.0 217.94471740722656 133.5435791015625 375.0 4.0687466 1.4608434 1.5881428 -6.584527 1.8874776 5.999683 3.129403829574585 0.7834336757659912
Car 0.0 0 -2.789153814315796 380.47637939453125 190.61972045898438 488.68701171875 232.2917938232422 3.7104142 1.4908746 1.5970784 -6.7274504 2.1973658 27.671864 -3.027642250061035 0.7630060911178589
Car 0.0 0 3.763378620147705 0.0 159.3564910888672 310.8226318359375 354.0978698730469 4.315664 2.0540023 1.7506727 -6.09436 1.9119976 8.485204 3.140519857406616 0.6188637018203735
Car 0.0 0 3.5322251319885254 185.37425231933594 196.3767547607422 392.7513732910156 271.5975646972656 3.825205 1.504173 1.6270027 -6.9656744 2.04846 15.822432 3.1175167560577393 0.5893864035606384
Car 0.0 0 -2.8532018661499023 397.9598083496094 187.9840545654297 496.4679870605469 223.24147033691406 4.03485 1.502404 1.6187279 -7.3256574 2.2039456 32.49409 -3.0749406814575195 0.5034298300743103
Car 0.0 0 3.2937819957733154 458.216064453125 177.95877075195312 518.9723510742188 203.96139526367188 3.388351 1.5158919 1.572452 -7.2669845 1.8275695 43.19026 3.1270880699157715 0.5027322769165039
