Pedestrian 0.0 0 -1.0473185777664185 967.7023315429688 156.60292053222656 984.2399291992188 185.9996337890625 0.72453886 1.9060838 0.6975966 23.946117 0.8527213 47.27189 -0.5784355998039246 0.3862764537334442
Pedestrian 0.0 0 -0.8228008151054382 0.0 148.48915100097656 25.720600128173828 200.54318237304688 0.4986653 1.936948 0.767932 -22.584354 1.030682 27.115423 -1.5172815322875977 0.25204262137413025
Pedestrian 0.0 0 0.4982406497001648 181.364013671875 156.67514038085938 249.64378356933594 236.7162322998047 1.2257564 1.7719092 0.5726491 -8.9272585 1.4141077 16.258993 -0.0038850996643304825 0.17982900142669678
Pedestrian 0.0 0 1.3740546703338623 825.7600708007812 177.24058532714844 848.8834228515625 225.42974853515625 0.8488865 1.780771 0.67698324 8.520426 1.9493072 27.202301 1.6775994300842285 0.17244252562522888
Pedestrian 0.0 0 -1.0674686431884766 0.0 166.15931701660156 20.90793800354004 234.05999755859375 0.47502175 1.8572234 0.4648095 -16.796326 1.674468 20.010834 -1.765753984451294 0.14507709443569183
Pedestrian 0.0 0 1.1587724685668945 975.2838134765625 140.69044494628906 1025.031494140625 217.63021850585938 1.0720733 1.7743094 0.6668996 9.232179 1.0329432 17.197805 1.6514427661895752 0.13226847350597382
Pedestrian 0.0 0 1.741650104522705 364.673583984375 165.3447723388672 389.9331970214844 225.8215789794922 0.6829936 1.8141317 0.62830764 -7.1433616 1.5892345 22.024055 1.4280120134353638 0.13097040355205536
Car 0.0 0 -0.1545521467924118 616.2365112304688 185.3350067138672 698.6560668945312 213.91163635253906 4.159815 1.4421803 1.6375418 2.4458933 2.122319 38.292046 -0.09076409786939621 0.9628579616546631
Car 0.0 0 1.8689117431640625 600.6174926757812 182.11346435546875 629.88916015625 199.88609313964844 3.9559438 1.5150073 1.580196 0.4932015 2.3875935 65.841156 1.8764023780822754 0.19977764785289764
Car 0.0 0 -1.1402270793914795 0.0 143.06869506835938 75.04578399658203 190.21327209472656 3.5564284 1.7485021 1.6513258 -23.102839 0.6441803 28.683989 -1.818268060684204 0.1994520127773285
Car 0.0 0 -3.176413059234619 920.8705444335938 159.57785034179688 980.4871215820312 180.47450256347656 3.9950461 1.5265844 1.6345385 25.52396 0.5570657 54.24666 -2.736629009246826 0.19365240633487701
Car 0.0 0 2.1351380348205566 1171.3717041015625 193.71170043945312 1242.0 375.0 4.259996 1.4846988 1.6067704 6.273166 1.6485454 4.6872787 3.0642306804656982 0.16235633194446564
Car 0.0 0 -3.128331422805786 601.03515625 182.50083923339844 643.9170532226562 201.02346801757812 3.5397322 1.5043831 1.6388565 1.0297129 2.323732 60.38129 -3.1112794876098633 0.14661994576454163
Car 0.0 0 1.3890663385391235 567.7505493164062 180.86862182617188 594.100830078125 199.07542419433594 4.1447206 1.5345587 1.6428646 -2.6711872 2.2809012 64.95387 1.347965121269226 0.11863500624895096
