Pedestrian 0.0 0 1.7136873006820679 325.02447509765625 173.2914581298828 348.8132629394531 226.2443389892578 1.0513552 1.834656 0.64785 -9.720599 1.8508841 25.589708 1.3506594896316528 0.5559180974960327
Pedestrian 0.0 0 -0.04152107238769531 947.1693115234375 148.76052856445312 994.3966064453125 192.82362365722656 1.7491544 1.8113866 0.56117207 15.076585 0.82128793 30.272093 0.42055392265319824 0.10980338603258133
Cyclist 0.0 0 -0.04152107238769531 947.1693115234375 148.76052856445312 994.3966064453125 192.82362365722656 1.7491544 1.8113866 0.56117207 15.076585 0.82128793 30.272093 0.42055392265319824 0.17198894917964935
Car 0.0 0 1.9656736850738525 220.38119506835938 185.71664428710938 367.1291809082031 257.89471435546875 4.0109377 1.394966 1.6706495 -7.154207 1.728522 16.674133 1.5603690147399902 0.9545547366142273
Car 0.0 0 1.6875717639923096 280.500732421875 183.27835083007812 329.0001525878906 220.1971893310547 4.218294 1.500899 1.5510749 -13.858013 2.0081131 32.83835 1.2882390022277832 0.18070092797279358
Car 0.0 0 -0.3853912949562073 704.381103515625 187.1050262451172 780.6399536132812 216.09042358398438 3.9027045 1.5406624 1.6423653 7.424474 2.3692951 40.73192 -0.2050941288471222 0.15227718651294708
Car 0.0 0 0.4678881764411926 68.67205047607422 185.56060791015625 171.45498657226562 219.1791229248047 3.9271145 1.5905955 1.6397173 -24.410719 2.243765 36.00315 -0.12793070077896118 0.11967802047729492
Car 0.0 0 0.4158255457878113 0.0 192.31658935546875 35.27578353881836 224.376708984375 4.51175 1.4844571 1.661676 -32.318554 2.5136817 36.6675 -0.3066149950027466 0.1108512282371521
Car 0.0 0 1.0041112899780273 113.0652084350586 192.7062530517578 182.2916717529297 220.9267120361328 3.8831794 1.5366446 1.6496505 -27.623343 2.7646177 43.051147 0.4336354732513428 0.1072612851858139
Car 0.0 0 2.65006685256958 811.639404296875 193.10513305664062 911.7198486328125 229.24346923828125 4.062811 1.5422945 1.6132576 11.49385 2.5046623 33.15727 2.983751058578491 0.10332336276769638
