Pedestrian 0.0 0 0.059644341468811035 479.9323425292969 170.4425048828125 493.67523193359375 202.18405151367188 0.7219892 1.7601868 0.65329725 -6.620631 1.203855 39.566574 -0.1061486005783081 0.3310295045375824
Pedestrian 0.0 0 0.45895129442214966 539.1517944335938 166.52784729003906 557.1510620117188 199.58367919921875 0.84382576 1.8281162 0.55650026 -3.185085 1.0567964 39.51206 0.37851476669311523 0.32612594962120056
Pedestrian 0.0 0 -2.208292007446289 224.3098602294922 160.49571228027344 238.22181701660156 189.02674865722656 0.6755798 1.9549559 0.5572793 -25.814348 0.5855639 48.839542 -2.694521188735962 0.31746768951416016
Pedestrian 0.0 0 0.38088223338127136 330.9100036621094 165.44009399414062 344.26422119140625 185.9206085205078 1.0549512 1.8683089 0.4430528 -24.456451 0.49564624 64.72653 0.019621610641479492 0.25756365060806274
Pedestrian 0.0 0 -2.2985892295837402 880.1032104492188 141.78903198242188 916.537841796875 194.2137451171875 1.1726321 1.8643326 0.59746474 10.662906 0.4892143 25.79119 -1.9065574407577515 0.20353683829307556
Pedestrian 0.0 0 -1.1696348190307617 362.4443359375 179.3266143798828 388.6371765136719 218.41525268554688 1.7357835 1.7181109 0.48963216 -10.376528 1.668005 31.958746 -1.483581781387329 0.10817376524209976
Cyclist 0.0 0 -0.16085432469844818 618.8368530273438 163.2882080078125 650.21630859375 194.10447692871094 1.7755653 1.7938559 0.5543901 1.7244338 0.7933105 41.53423 -0.11935978382825851 0.6987780928611755
Cyclist 0.0 0 0.064078688621521 677.4414672851562 164.4164276123047 711.3855590820312 197.24029541015625 1.7930748 1.7580911 0.5594559 4.8370805 0.8980392 38.309288 0.18967795372009277 0.6805140376091003
Cyclist 0.0 0 -1.1758077144622803 362.288330078125 179.13323974609375 388.68377685546875 218.57398986816406 1.765103 1.7316521 0.4954776 -10.371814 1.673114 31.937834 -1.4898135662078857 0.42159199714660645
Cyclist 0.0 0 2.8190746307373047 545.4834594726562 166.6981201171875 573.8338012695312 194.4692840576172 1.824117 1.8450674 0.5482315 -3.047581 0.92941636 47.567806 2.755094051361084 0.3958243131637573
Cyclist 0.0 0 1.456036925315857 379.1956481933594 181.38037109375 388.61505126953125 202.57852172851562 1.6476651 1.7142495 0.55252165 -18.161505 1.7888972 58.10902 1.153113842010498 0.39000403881073
Car 0.0 0 -1.4633703231811523 503.7853698730469 176.86590576171875 547.4556884765625 209.34201049804688 3.6616673 1.4552754 1.6750158 -3.7231874 1.2938931 33.511887 -1.57401704788208 0.9538732171058655
Car 0.0 0 2.463243246078491 1017.1082763671875 137.90135192871094 1204.8204345703125 193.0338897705078 4.175563 1.4513983 1.5380772 13.840423 0.33154824 19.503807 3.0804009437561035 0.8423750400543213
Car 0.0 0 -0.35981807112693787 836.3856201171875 159.99903869628906 899.00927734375 181.51968383789062 3.8045626 1.4838821 1.5631851 18.376705 0.07161388 49.537468 -0.0045889392495155334 0.49580493569374084
Car 0.0 0 -1.7471998929977417 611.8223266601562 170.08480834960938 645.1397705078125 196.45379638671875 2.7424815 1.5384083 1.5494622 1.3843659 0.93214387 42.713604 -1.7148008346557617 0.2931954860687256
