Pedestrian 0.0 0 -2.9303231239318848 511.8116455078125 164.44117736816406 539.2882080078125 213.76007080078125 0.9292568 1.8616318 0.6525488 -3.1782966 1.0785913 27.500149 -3.04538631439209 0.24449340999126434
Pedestrian 0.0 0 -2.8264331817626953 331.8056335449219 150.54722595214844 442.6277160644531 256.3538818359375 1.7293358 1.7738283 0.5688156 -3.8179398 1.1937491 12.345241 -3.1263673305511475 0.10626273602247238
Cyclist 0.0 0 -2.685319423675537 341.5362854003906 151.52947998046875 453.6109619140625 255.47068786621094 1.7661756 1.7218323 0.59469616 -3.6498346 1.1649362 12.345896 -2.9727635383605957 0.18937017023563385
Car 0.0 0 -1.1392359733581543 167.27671813964844 185.2220916748047 326.0779113769531 261.5146484375 3.9377475 1.4662564 1.5969329 -7.7663984 1.4675457 15.800584 -1.5960814952850342 0.8791837692260742
Car 0.0 0 -1.5803029537200928 580.9366455078125 177.69320678710938 616.4400634765625 210.78976440429688 2.964852 1.5281677 1.6402515 -0.48727742 1.1819631 34.689285 -1.5943489074707031 0.7105655670166016
Car 0.0 0 -1.562002420425415 316.9610595703125 189.89759826660156 375.3119201660156 241.24188232421875 3.458824 1.436354 1.5808896 -8.152101 1.5953854 22.34582 -1.9118144512176514 0.5208047032356262
Car 0.0 0 1.983525276184082 165.45913696289062 181.15696716308594 270.947998046875 233.50054931640625 3.5238905 1.4132725 1.4396532 -11.411219 1.3048185 21.219496 1.4901196956634521 0.40080636739730835
Car 0.0 0 -1.0099188089370728 0.0 174.57467651367188 222.1932373046875 325.05487060546875 4.522259 1.4812418 1.6803039 -6.99394 1.3776288 9.392722 -1.649963140487671 0.22355985641479492
Car 0.0 0 1.5243133306503296 623.7149047851562 172.62164306640625 647.753173828125 195.25094604492188 4.090057 1.6480266 1.6226186 2.0660298 0.73196954 54.400307 1.562273383140564 0.17438797652721405
Car 0.0 0 -1.8755412101745605 585.4150390625 176.08578491210938 627.3433837890625 200.7822723388672 3.8502953 1.5289868 1.6298027 -0.15895596 0.9648752 46.583004 -1.878953456878662 0.14209096133708954
