Pedestrian 0.0 0 -1.8469518423080444 709.4669189453125 170.1220703125 730.3229370117188 207.42630004882812 0.57421774 1.6007617 0.7639308 5.119474 1.1134896 31.1503 -1.6840604543685913 0.7859587073326111
Pedestrian 0.0 0 2.0152432918548584 424.35467529296875 164.71621704101562 473.5367736816406 253.54087829589844 0.9222441 1.7554668 0.65504473 -3.1505826 1.4250127 14.7184515 1.8043689727783203 0.7405684590339661
Pedestrian 0.0 0 1.364452838897705 695.4346923828125 164.54441833496094 734.7745361328125 243.2592010498047 0.645185 1.6325406 0.704776 2.3654985 1.2821189 15.236196 1.518478274345398 0.729560136795044
Pedestrian 0.0 0 1.955338954925537 76.02727508544922 158.33181762695312 183.89500427246094 344.5572509765625 0.8163809 1.689053 0.6165459 -4.5937195 1.480298 6.9734826 1.3728433847427368 0.5352908372879028
Pedestrian 0.0 0 2.7776272296905518 729.5128173828125 156.13125610351562 757.2512817382812 201.80154418945312 0.98310727 1.8858296 0.6146215 5.917294 0.8392823 30.044899 2.9720869064331055 0.47536832094192505
Pedestrian 0.0 0 1.7408205270767212 661.6207275390625 168.23983764648438 698.1749877929688 247.94039916992188 0.6712757 1.63251 0.6630133 1.6204858 1.3621413 15.124519 1.8475563526153564 0.44515299797058105
Pedestrian 0.0 0 1.0061514377593994 722.92529296875 163.28488159179688 746.9791259765625 209.82940673828125 0.6741945 1.7361565 0.6330472 5.0369945 1.057749 27.22273 1.1891112327575684 0.4211425185203552
Pedestrian 0.0 0 -0.511330246925354 736.9808959960938 160.64077758789062 764.267822265625 204.5276336669922 0.8747409 1.6999111 0.5861432 5.842732 0.89296794 28.232958 -0.30726370215415955 0.39400848746299744
Pedestrian 0.0 0 -1.6072115898132324 528.7726440429688 164.9645233154297 545.3790283203125 208.5855712890625 0.9478351 1.84282 0.67466706 -2.7846358 1.1452346 30.85692 -1.6972112655639648 0.374112993478775
Pedestrian 0.0 0 1.8324326276779175 152.4272918701172 150.92015075683594 181.5346221923828 215.09600830078125 0.64930004 1.8141388 0.5704647 -12.539684 0.950845 20.694868 1.2876627445220947 0.3570552170276642
Pedestrian 0.0 0 -3.3471949100494385 755.009033203125 153.13812255859375 781.7921142578125 205.01498413085938 0.7903345 1.7889521 0.67056847 5.808037 0.8119735 25.112644 -3.1199116706848145 0.3105274736881256
Pedestrian 0.0 0 -3.148277521133423 660.5087890625 168.76913452148438 674.4253540039062 195.01242065429688 0.9541329 1.8055587 0.5266948 4.5810523 0.9303142 49.722366 -3.0564043521881104 0.29250824451446533
Pedestrian 0.0 0 -3.1680567264556885 965.7678833007812 161.43801879882812 1037.957763671875 328.251953125 0.65807647 1.7060544 0.82185435 4.310792 1.5022395 7.85994 -2.6664035320281982 0.2781955301761627
Pedestrian 0.0 0 -1.9558616876602173 602.6366577148438 170.47975158691406 625.5182495117188 209.16514587402344 1.15868 1.7755544 0.68443674 0.57448816 1.2706846 33.63067 -1.9387810230255127 0.25015366077423096
Cyclist 0.0 0 1.768303632736206 588.044677734375 165.24794006347656 612.8778076171875 215.4671173095703 1.7253987 1.7728751 0.5834439 -0.043484017 1.2001917 26.25957 1.7666476964950562 0.9252379536628723
Cyclist 0.0 0 1.2470664978027344 560.69775390625 166.12649536132812 585.0712890625 205.98333740234375 1.8044518 1.8005539 0.5855108 -1.351108 1.1069862 33.39588 1.2066311836242676 0.572620153427124
Cyclist 0.0 0 -1.8465313911437988 602.8338623046875 173.00216674804688 623.6415405273438 211.4018096923828 1.1612747 1.767006 0.68397003 0.53623134 1.376896 33.701458 -1.8306214809417725 0.314515084028244
Cyclist 0.0 0 2.2661373615264893 67.9035873413086 151.9740753173828 196.6761932373047 346.2296142578125 0.84473234 1.750908 0.6518786 -4.5424886 1.4861578 6.929037 1.685854434967041 0.12411145865917206
Car 0.0 0 -2.9170851707458496 455.55889892578125 179.7210235595703 535.7635498046875 212.97801208496094 3.4770603 1.5242119 1.5715783 -4.9577346 1.4436092 33.84024 -3.062554359436035 0.48136913776397705
