Pedestrian 0.0 0 2.1484994888305664 165.96734619140625 157.1486358642578 227.71615600585938 262.122314453125 0.5932974 1.7730277 0.7223245 -7.199724 1.5081185 12.500282 1.625940203666687 0.2264394760131836
Pedestrian 0.0 0 2.4987447261810303 0.0 156.9562225341797 135.64129638671875 375.0 0.93973756 1.7308872 0.62140787 -3.8850677 1.6369736 4.8076844 1.819087028503418 0.1917867660522461
Pedestrian 0.0 0 1.4309613704681396 741.21923828125 156.646484375 753.2481689453125 193.3411865234375 0.32216576 1.9211314 0.5818793 7.179882 1.072954 37.947582 1.6179561614990234 0.1772192120552063
Pedestrian 0.0 0 -0.49597668647766113 34.59346008300781 163.11181640625 106.41384887695312 302.1896667480469 0.4953386 1.7598447 0.6727127 -7.149476 1.6369281 9.492549 -1.1415016651153564 0.1682409644126892
Pedestrian 0.0 0 -1.4619100093841553 565.70751953125 178.0891876220703 578.7022705078125 209.91058349609375 0.76106936 1.6274992 0.5950657 -1.9943411 1.9023099 37.42711 -1.5151456594467163 0.15715447068214417
Pedestrian 0.0 0 -1.7171227931976318 1193.0830078125 160.74188232421875 1242.0 309.4190368652344 0.46525374 1.6813943 0.58116 7.230604 1.5447757 8.508354 -1.0127309560775757 0.14780190587043762
Pedestrian 0.0 0 0.5833697319030762 122.977294921875 153.3846435546875 182.6869354248047 265.8320617675781 0.56951046 1.7672292 0.617404 -7.4234867 1.4616057 11.6502075 0.016047000885009766 0.1288902908563614
Cyclist 0.0 0 1.6249043941497803 429.0110778808594 176.0634307861328 441.3330078125 209.93206787109375 1.4915866 1.6560223 0.52320004 -8.804491 1.8209144 36.20633 1.3863590955734253 0.18666104972362518
Cyclist 0.0 0 -1.7825336456298828 1157.97802734375 54.339149475097656 1242.0 280.40234375 1.8300114 1.8758556 0.46019834 5.672579 0.89278615 6.9032226 -1.0946829319000244 0.1474199891090393
Car 0.0 0 1.2659506797790527 712.5584716796875 179.41424560546875 950.5343017578125 332.6556396484375 3.7889466 1.4605114 1.6515366 2.3940055 1.5599712 8.968183 1.5268123149871826 0.9554314613342285
Car 0.0 0 -2.202709436416626 822.289306640625 182.732666015625 1242.0 375.0 3.721241 1.4688729 1.6052965 2.563831 1.5499635 3.9881663 -1.631370186805725 0.9355159997940063
Car 0.0 0 2.4749934673309326 529.879150390625 171.92245483398438 708.6654052734375 245.65213012695312 4.25822 1.6104474 1.6870501 0.2557591 1.5904579 17.720097 2.4894256591796875 0.7082412838935852
Car 0.0 0 -2.5787744522094727 308.0350341796875 178.9169158935547 387.8311767578125 205.8693389892578 4.3040853 1.5726746 1.7510742 -15.993988 1.9538321 44.00265 -2.92740535736084 0.12405519187450409
