Pedestrian 0.0 0 -1.7011709213256836 1181.2640380859375 190.4746551513672 1242.0 321.983642578125 0.5012072 1.7765514 0.712794 8.553402 2.037236 10.254779 -1.0059866905212402 0.24072180688381195
Pedestrian 0.0 0 -2.2766730785369873 0.0 152.9952850341797 84.76519775390625 313.464599609375 0.7558468 1.8038474 0.5837538 -6.8020186 1.5809718 8.465493 -2.9535441398620605 0.15375299751758575
Pedestrian 0.0 0 -1.0593388080596924 697.0311279296875 150.96363830566406 718.4472045898438 196.09518432617188 0.58185625 1.9603918 0.74615437 4.2670918 1.009892 31.79565 -0.9259322881698608 0.14522157609462738
Cyclist 0.0 0 1.2992933988571167 354.0888366699219 185.8954315185547 378.7213439941406 228.1000518798828 1.7709727 1.7124455 0.53472465 -10.416721 2.2837012 30.700891 0.9721851348876953 0.3621152639389038
Car 0.0 0 2.054680585861206 0.0 174.8885955810547 386.08026123046875 375.0 4.2765646 1.6926203 1.7323668 -3.708689 1.7184937 6.899715 1.5614745616912842 0.9395589828491211
Car 0.0 0 1.6316120624542236 473.5085144042969 186.4134063720703 536.816650390625 238.66757202148438 4.53084 1.4288393 1.7404404 -3.324067 1.91019 23.263899 1.489687442779541 0.8728920817375183
Car 0.0 0 1.0741649866104126 1016.69189453125 104.06924438476562 1242.0 240.5701446533203 3.4583023 1.5440443 1.6044285 7.172822 0.7663361 9.975693 1.6975488662719727 0.47075462341308594
Car 0.0 0 -1.6144462823867798 679.7943115234375 160.8005828857422 711.20166015625 194.1230010986328 3.500071 1.7788304 1.5832547 4.7032447 1.135748 40.31742 -1.4983158111572266 0.2373553216457367
Car 0.0 0 -0.9105889797210693 658.7105102539062 169.3826904296875 705.5908203125 189.34693908691406 4.1466475 1.5898063 1.6540579 5.9596257 1.3137336 59.527824 -0.8108065128326416 0.1893828958272934
Car 0.0 0 1.6106864213943481 773.8297729492188 175.91270446777344 794.7688598632812 195.13641357421875 3.5297005 1.5072014 1.5289963 14.270607 1.7661074 59.081482 1.84768807888031 0.16762211918830872
