Pedestrian 0.0 0 2.436978340148926 808.83203125 154.1573028564453 826.3936157226562 194.29676818847656 0.61540216 1.9353343 0.5457329 10.07831 1.0342263 35.16192 2.716120481491089 0.15013910830020905
Pedestrian 0.0 0 1.1696856021881104 1078.3787841796875 156.99249267578125 1109.2479248046875 212.5970916748047 0.6627814 1.7665652 0.6174449 15.573979 1.2630012 23.303846 1.7588186264038086 0.11813138425350189
Cyclist 0.0 0 -2.2235207557678223 940.3779296875 164.03555297851562 988.65283203125 215.5835418701172 1.7647212 1.6484147 0.45920423 11.711424 1.3667746 23.98108 -1.7692275047302246 0.13523146510124207
Car 0.0 0 2.321441650390625 1.5909737348556519 195.2053680419922 109.38697052001953 236.306640625 3.8347828 1.6368284 1.7502612 -25.184498 2.7179642 32.893185 1.668002724647522 0.9012742042541504
Car 0.0 0 1.9512755870819092 203.69168090820312 189.08079528808594 269.5372009277344 223.13003540039062 3.6173453 1.4430326 1.5410651 -17.672089 2.2555676 34.237164 1.4747782945632935 0.8887808918952942
Car 0.0 0 1.6330833435058594 545.1640625 173.87185668945312 566.8314819335938 192.1017303466797 3.7524703 1.4973576 1.6090387 -4.586582 1.5869366 61.35922 1.5584723949432373 0.23283429443836212
Car 0.0 0 1.7487953901290894 942.2869262695312 182.00271606445312 989.1679077148438 212.33766174316406 4.008889 1.5412426 1.650123 19.736517 2.0758224 40.027554 2.2068862915039062 0.1537034511566162
Car 0.0 0 1.9175388813018799 247.25624084472656 182.43479919433594 288.6328430175781 203.1569061279297 4.1565504 1.4635658 1.5336661 -26.077885 2.223778 55.08066 1.4753566980361938 0.14434590935707092
Car 0.0 0 0.9370535016059875 974.5341796875 173.3486328125 1108.1396484375 224.8603515625 4.0297184 1.4606742 1.4681215 13.273228 1.4779365 22.576488 1.4685451984405518 0.12691308557987213
Car 0.0 0 1.6527681350708008 820.03369140625 182.34326171875 849.9405517578125 206.7259521484375 3.7051687 1.5334706 1.6419128 15.272148 2.2046242 48.9776 1.9550325870513916 0.10854775458574295
