Car 0.0 0 -1.9687014818191528 386.1545104980469 191.27603149414062 523.3457641601562 271.8832702636719 3.8898747 1.4968563 1.641713 -3.6840792 1.9685624 16.398193 -2.1896958351135254 0.9738561511039734
Car 0.0 0 1.5183470249176025 814.448486328125 168.90838623046875 888.2241821289062 232.76129150390625 3.4181476 1.412471 1.523668 5.8133025 1.3255491 17.806572 1.8339074850082397 0.9572126865386963
Car 0.0 0 -1.7624554634094238 278.94189453125 184.5038604736328 344.9895324707031 226.1829071044922 4.006092 1.4943177 1.7287445 -12.164365 2.0010586 29.213446 -2.1570160388946533 0.9519399404525757
Car 0.0 0 1.3082623481750488 898.2566528320312 175.15403747558594 1038.210205078125 246.07432556152344 4.298615 1.3563933 1.7084378 7.781344 1.4156806 16.214048 1.7557121515274048 0.9364234805107117
Car 0.0 0 0.41597962379455566 989.2174682617188 160.5255584716797 1201.8575439453125 221.6951141357422 4.2122 1.3756894 1.6108872 12.159393 1.0987837 18.431484 0.9991490840911865 0.8476866483688354
Car 0.0 0 -2.8286399841308594 403.080078125 179.19036865234375 491.5916748046875 211.35743713378906 4.2163234 1.6262951 1.7200546 -8.549418 1.9690518 37.93838 -3.0502877235412598 0.8100034594535828
Car 0.0 0 -2.842880964279175 465.1064453125 175.2369384765625 552.9273071289062 208.82919311523438 3.6390882 1.4652708 1.5739073 -4.5852923 1.5771091 32.687115 -2.9822497367858887 0.8063786029815674
Car 0.0 0 -1.7101160287857056 266.5627746582031 184.2490997314453 316.404296875 218.56015014648438 4.0291524 1.4564506 1.6068239 -15.172196 2.0303338 34.17811 -2.127898693084717 0.7840343713760376
Car 0.0 0 1.6243394613265991 71.02073669433594 188.4619140625 115.09078216552734 223.79408264160156 4.0589 1.670202 1.681206 -27.326118 2.5432906 38.179577 1.0031368732452393 0.7123569250106812
Car 0.0 0 1.6595709323883057 0.0 211.8802490234375 35.447574615478516 320.00732421875 3.9438002 1.360098 1.630133 -11.242545 2.1559927 12.636275 0.9324734210968018 0.5982561111450195
