Pedestrian 0.0 0 -0.7754254341125488 1185.533935546875 148.8930206298828 1242.0 273.00482177734375 0.7443584 1.6522826 0.5276107 8.417953 1.3336513 9.892303 -0.07037440687417984 0.25720107555389404
Cyclist 0.0 0 -0.7736991047859192 1173.2901611328125 145.27886962890625 1242.0 274.83782958984375 1.0960836 1.7187876 0.53871864 8.403989 1.3533213 9.8758135 -0.06864406168460846 0.1395755261182785
Cyclist 0.0 0 1.8743051290512085 442.65313720703125 189.6620635986328 466.08306884765625 228.787353515625 1.6261151 1.6358762 0.5480273 -6.8695145 2.3945773 31.71701 1.6610119342803955 0.11513389647006989
Car 0.0 0 2.0308566093444824 140.585205078125 191.22865295410156 294.6448059082031 260.3090515136719 4.3869286 1.4556539 1.6955111 -9.927908 1.9862213 18.599478 1.5405566692352295 0.9461257457733154
Car 0.0 0 1.8146189451217651 333.7866516113281 186.68313598632812 391.5103454589844 223.20318603515625 3.2469337 1.4124062 1.5993836 -10.555514 2.0367026 30.865395 1.4851018190383911 0.9168583750724792
Car 0.0 0 1.6824101209640503 475.7590637207031 176.27227783203125 506.0185852050781 198.67234802246094 4.107409 1.4578989 1.6101245 -8.188789 1.7035856 49.689445 1.5190788507461548 0.3131703734397888
Car 0.0 0 -0.4853050708770752 849.017822265625 177.029541015625 1024.488037109375 243.2330780029297 3.4686637 1.4811896 1.5716752 7.6383333 1.586031 17.152943 -0.06636028736829758 0.18057912588119507
Car 0.0 0 1.8242820501327515 846.76220703125 166.86013793945312 890.7132568359375 195.21530151367188 4.186416 1.753282 1.6896108 16.79638 1.3830218 46.817646 2.16874098777771 0.17092189192771912
Car 0.0 0 1.5673086643218994 881.7883911132812 185.16287231445312 913.4518432617188 215.12246704101562 4.1286564 1.6196679 1.6769133 17.115686 2.3927107 43.06355 1.945616364479065 0.1347523033618927
Car 0.0 0 2.049046754837036 325.569091796875 178.02200317382812 388.1246032714844 207.19993591308594 4.157569 1.5242431 1.5878519 -14.20643 1.831169 40.62899 1.7126728296279907 0.13031955063343048
Car 0.0 0 1.7545461654663086 0.0 158.2376708984375 42.617156982421875 189.46595764160156 4.1951056 1.8364717 1.7453823 -36.700924 0.9772731 44.68765 1.0669655799865723 0.12242455780506134
