Pedestrian 0.0 0 2.824354410171509 596.3388671875 168.85546875 610.6888427734375 195.42230224609375 0.8698101 1.8291742 0.5422959 -0.48057643 1.5542253 50.072845 2.8147571086883545 0.173130065202713
Pedestrian 0.0 0 -1.2415932416915894 468.82086181640625 177.00022888183594 488.0594177246094 213.65789794921875 0.7941508 1.7882411 0.7204508 -6.5509467 1.9965646 35.742126 -1.4228649139404297 0.131200909614563
Pedestrian 0.0 0 1.86739981174469 1189.7545166015625 179.62103271484375 1242.0 284.093994140625 0.5408012 1.679047 0.6283926 10.129352 1.7963654 12.057475 2.5661118030548096 0.125117227435112
Car 0.0 0 -1.5131793022155762 571.6964721679688 185.44464111328125 621.387451171875 231.40711975097656 3.295646 1.437076 1.545463 -0.45803425 1.9056551 25.152815 -1.5313873291015625 0.9674298167228699
Car 0.0 0 -1.4307371377944946 507.7057189941406 182.67161560058594 552.7054443359375 217.9014892578125 3.4237785 1.475549 1.579168 -3.62801 1.9474752 32.91977 -1.5405018329620361 0.9522438049316406
Car 0.0 0 2.070438861846924 12.106392860412598 189.0214385986328 186.6177215576172 261.405029296875 4.091146 1.3830006 1.5323137 -11.716939 1.8082854 16.84503 1.4626905918121338 0.9452585577964783
Car 0.0 0 1.858452558517456 369.170166015625 183.5006561279297 415.1562805175781 209.73085021972656 3.9786918 1.4399714 1.5732206 -13.018882 2.1074996 43.219097 1.5658679008483887 0.6574805974960327
Car 0.0 0 2.081016778945923 92.52702331542969 192.28070068359375 214.2327117919922 243.6470489501953 4.1723256 1.4550706 1.6023417 -15.161294 2.1633382 24.166454 1.5207154750823975 0.17139747738838196
Car 0.0 0 0.9742569327354431 768.159423828125 182.2220458984375 814.0607299804688 203.62387084960938 3.7685432 1.5805503 1.6983734 14.273741 2.3497117 57.149902 1.2190093994140625 0.12716320157051086
Car 0.0 0 1.7895336151123047 63.01460647583008 171.5741424560547 118.18204498291016 204.26170349121094 3.9559598 1.6777958 1.6101002 -28.15132 1.612461 39.167736 1.1663424968719482 0.12275759875774384
