Car 0.0 0 -1.382542371749878 450.2901611328125 183.4918670654297 512.1571655273438 226.9495391845703 3.4835875 1.465041 1.5773312 -4.539477 1.4080591 25.983881 -1.5555003881454468 0.9525197148323059
Car 0.0 0 -1.3307392597198486 335.302978515625 189.8985595703125 464.9827880859375 275.62451171875 4.055555 1.5091834 1.644343 -4.175873 1.6209719 14.929414 -1.6034770011901855 0.9466858506202698
Car 0.0 0 -1.3437644243240356 398.3363342285156 179.54122924804688 449.58111572265625 210.598388671875 3.693722 1.4112517 1.594231 -8.794923 1.1545328 34.52562 -1.5931956768035889 0.8694411516189575
Car 0.0 0 -1.267894983291626 304.37677001953125 189.84915161132812 388.6489562988281 235.33200073242188 3.689243 1.3558474 1.5764254 -8.540113 1.521763 23.684698 -1.613959550857544 0.862524688243866
Car 0.0 0 -1.6130346059799194 578.9291381835938 179.94297790527344 611.1695556640625 207.89891052246094 3.6615732 1.4811143 1.6299345 -0.77487004 1.2028955 39.95895 -1.6324238777160645 0.8054386973381042
Car 0.0 0 -1.0740376710891724 122.64478302001953 183.7260284423828 302.18768310546875 263.69549560546875 4.0841947 1.5256628 1.6806916 -8.460211 1.4983736 15.756036 -1.5668069124221802 0.8010706901550293
Car 0.0 0 -1.401113748550415 483.2449951171875 181.15167236328125 527.2345581054688 212.56204223632812 3.7533877 1.4904627 1.5707821 -5.110288 1.2987512 36.005337 -1.5421034097671509 0.7282654047012329
Car 0.0 0 -1.296705961227417 379.230712890625 180.4054412841797 420.827880859375 205.10142517089844 3.472007 1.4536272 1.5689542 -12.705172 1.1716229 44.04991 -1.5775115489959717 0.6943544149398804
Car 0.0 0 -2.6960015296936035 235.7085723876953 180.53480529785156 343.9071960449219 217.4540252685547 3.8044894 1.4969996 1.6240854 -13.255709 1.3083303 30.012505 -3.1119091510772705 0.47034981846809387
Car 0.0 0 -1.0484020709991455 0.0 192.40904235839844 133.9647674560547 331.9573669433594 3.7492936 1.4325528 1.5397445 -8.084766 1.5492384 9.562037 -1.750281810760498 0.4262939393520355
