Pedestrian 0.0 0 0.6606960892677307 534.1698608398438 173.35264587402344 559.22607421875 214.96051025390625 0.9325469 1.809839 0.59825885 -2.8391287 1.8325914 31.898323 0.5719244480133057 0.19789794087409973
Pedestrian 0.0 0 1.9321200847625732 301.81475830078125 175.22132873535156 322.7967834472656 205.21075439453125 1.8423514 1.7439235 0.54223126 -17.775164 1.8885221 43.03127 1.5403927564620972 0.1357603520154953
Pedestrian 0.0 0 1.146237850189209 990.671630859375 144.60472106933594 1016.430908203125 200.65628051757812 0.4955128 1.8394638 0.59902966 13.012011 0.912755 23.945215 1.6440056562423706 0.12532734870910645
Cyclist 0.0 0 1.92416512966156 301.50799560546875 175.52117919921875 322.7530517578125 205.35635375976562 1.9525477 1.7304351 0.52938 -17.775154 1.893428 43.008327 1.5322498083114624 0.2175932079553604
Car 0.0 0 1.8364574909210205 379.6640625 179.2044677734375 432.0360107421875 209.1283721923828 4.4833946 1.561215 1.7353554 -11.510935 1.9408944 40.846123 1.5617691278457642 0.8938066959381104
Car 0.0 0 -1.5829998254776 557.8389282226562 177.4858856201172 725.386474609375 341.4071960449219 4.3753815 1.6552998 1.7237126 0.31250677 1.7315373 9.612768 -1.5505017042160034 0.8335233330726624
Car 0.0 0 3.0783751010894775 576.779052734375 173.53390502929688 694.3308715820312 222.89077758789062 3.6630557 1.5299323 1.5402144 0.7291147 1.5529473 23.213797 3.1097733974456787 0.19782230257987976
Car 0.0 0 1.1492904424667358 799.1835327148438 169.46710205078125 880.8606567382812 208.50845336914062 4.244562 1.5249202 1.6699361 9.532532 1.3929892 30.385412 1.4532870054244995 0.16425999999046326
Car 0.0 0 1.6643670797348022 571.6539916992188 176.6015167236328 591.6497802734375 193.00643920898438 3.7114625 1.4738908 1.5333667 -2.6488397 1.8351192 67.58372 1.62519371509552 0.1188354417681694
Car 0.0 0 1.4319074153900146 605.0289916992188 176.5400848388672 652.3681640625 210.9129638671875 4.3811975 1.4695051 1.5969664 0.7631254 1.6531126 33.59925 1.4546160697937012 0.10878772288560867
