Car 0.0 0 -1.848069667816162 754.6256103515625 184.76963806152344 928.2057495117188 299.5303649902344 3.9737182 1.5053027 1.6165789 3.515699 1.7347025 11.871285 -1.5601472854614258 0.9778611063957214
Car 0.0 0 -2.0605404376983643 832.4805297851562 186.7130584716797 1242.0 375.0 4.0799317 1.4839365 1.6175349 3.4543283 1.6514615 6.6518464 -1.5815694332122803 0.9709399938583374
Car 0.0 0 -1.7601399421691895 724.009033203125 178.67869567871094 821.9195556640625 249.65625 3.7149749 1.4914705 1.5905409 3.7410011 1.6469876 17.342297 -1.5476800203323364 0.9558660984039307
Car 0.0 0 1.9570701122283936 185.35708618164062 191.36573791503906 403.03094482421875 306.68292236328125 4.423517 1.4133114 1.6405579 -4.8704925 1.7725508 11.768755 1.564681887626648 0.9549473524093628
Car 0.0 0 1.7653701305389404 457.828857421875 179.3809814453125 517.6002807617188 221.39788818359375 3.4933228 1.4751829 1.6123295 -4.657718 1.7416602 27.647594 1.5984699726104736 0.946698009967804
Car 0.0 0 -1.7580866813659668 696.5755004882812 180.45181274414062 771.9463500976562 231.13766479492188 4.116392 1.4167726 1.5886941 3.78568 1.6797812 22.864183 -1.5940028429031372 0.9379007816314697
Car 0.0 0 2.200463056564331 0.0 197.8638916015625 272.075439453125 375.0 4.122855 1.5040246 1.6859139 -4.8451805 1.7990738 6.4240465 1.5542629957199097 0.8957239389419556
Car 0.0 0 1.7641384601593018 485.9123840332031 178.69569396972656 537.4323120117188 215.47970581054688 3.8380663 1.5128723 1.5738014 -4.3697486 1.7903038 32.258087 1.6294959783554077 0.7794714570045471
Car 0.0 0 -1.739696979522705 692.8899536132812 176.65756225585938 744.7142944335938 215.7724609375 3.3319752 1.4232858 1.455324 4.160185 1.5815035 28.261295 -1.5935423374176025 0.6673322319984436
Car 0.0 0 -3.1559059619903564 637.2168579101562 174.85147094726562 686.630615234375 191.73236083984375 4.466073 1.5211594 1.7020619 4.7288966 1.7075609 66.224045 -3.0846195220947266 0.6456170082092285
Car 0.0 0 0.7876600623130798 26.79437828063965 177.07009887695312 176.90225219726562 223.4803009033203 4.127975 1.4419514 1.5956249 -16.740198 1.587875 23.766005 0.17400336265563965 0.6344752311706543
