Pedestrian 0.0 0 -2.1948304176330566 1184.02099609375 134.91453552246094 1217.294921875 187.95993041992188 0.63021 1.8083214 0.64190674 20.356667 0.51532066 24.92853 -1.510048508644104 0.30034351348876953
Pedestrian 0.0 0 -2.560579538345337 307.1741027832031 183.48805236816406 322.0131530761719 211.3435516357422 0.57776374 1.6387984 0.61461276 -17.667961 2.2793095 43.07598 -2.949812173843384 0.26357558369636536
Pedestrian 0.0 0 0.3908466696739197 631.0131225585938 168.94488525390625 648.1688842773438 198.5738067626953 0.99400735 1.9068277 0.5109578 1.8914948 1.6556067 46.873085 0.43117833137512207 0.2516704499721527
Pedestrian 0.0 0 -3.1366240978240967 622.136474609375 169.4036102294922 635.820068359375 196.24705505371094 0.91631496 1.7976712 0.5178351 1.248798 1.5669606 48.59055 -3.110929250717163 0.22563491761684418
Car 0.0 0 -1.589158058166504 532.4637451171875 177.89613342285156 562.7265625 206.78160095214844 3.8768146 1.5230124 1.6231117 -3.5988548 1.8222773 40.757637 -1.677228569984436 0.8378928899765015
Car 0.0 0 1.7310277223587036 448.9013977050781 181.2566375732422 477.8462829589844 203.17892456054688 3.7222571 1.549113 1.5634828 -11.028745 2.2041554 54.32439 1.5307334661483765 0.5746994614601135
Car 0.0 0 1.5458340644836426 584.898681640625 174.64610290527344 611.302490234375 200.58261108398438 3.7723765 1.6006074 1.6080128 -0.83553064 1.72175 46.709198 1.527948021888733 0.44154077768325806
Car 0.0 0 1.8250256776809692 318.52020263671875 173.2106170654297 391.8063049316406 226.33477783203125 4.212864 1.9492228 1.7375071 -10.059675 1.9648268 28.67229 1.4875937700271606 0.2614976763725281
Car 0.0 0 2.132511854171753 222.99667358398438 186.34751892089844 273.8861999511719 209.32420349121094 3.984461 1.6128663 1.6005726 -27.584484 2.6827574 55.127518 1.6685636043548584 0.24723443388938904
Car 0.0 0 0.5453881025314331 181.04718017578125 161.0002899169922 290.82196044921875 196.47958374023438 4.233588 1.5783877 1.631401 -17.125618 1.0514028 33.053005 0.06734514236450195 0.2223336100578308
Car 0.0 0 -0.1934615671634674 622.5427856445312 173.21920776367188 681.277099609375 197.90599060058594 3.8356705 1.684541 1.7049223 2.8730686 1.7109543 50.370686 -0.1364848017692566 0.21800528466701508
