Pedestrian 0.0 0 1.0805158615112305 911.5606689453125 160.40150451660156 944.9069213867188 218.38067626953125 0.8977472 1.8643466 0.6539857 10.386259 1.4642892 23.671272 1.4939923286437988 0.8106439113616943
Pedestrian 0.0 0 -1.4686248302459717 662.2606811523438 170.23866271972656 676.9177856445312 205.6432647705078 0.72522867 1.6241049 0.6087007 2.7312257 1.5044904 33.508205 -1.3872954845428467 0.2045399695634842
Pedestrian 0.0 0 2.2263283729553223 51.006500244140625 163.5076446533203 100.95472717285156 224.00828552246094 1.2031978 1.8565564 0.6728335 -16.862122 1.5701071 22.74619 1.58840811252594 0.16089768707752228
Pedestrian 0.0 0 1.135104775428772 300.1988525390625 158.37571716308594 318.84661865234375 213.30271911621094 0.28708762 1.9373513 0.5440267 -10.765016 1.4270403 25.744629 0.7390537261962891 0.1189936101436615
Cyclist 0.0 0 0.16444268822669983 796.7686157226562 130.23524475097656 847.6818237304688 187.8294677734375 1.4841589 1.7854851 0.54314893 6.697291 0.46461448 22.932264 0.44858694076538086 0.22650423645973206
Cyclist 0.0 0 3.1967201232910156 516.931884765625 164.8075714111328 562.3635864257812 214.1187286376953 1.5726149 1.7229731 0.5390397 -2.522464 1.4421822 25.51179 3.098165988922119 0.1117277592420578
Car 0.0 0 1.8057152032852173 477.3312072753906 178.87306213378906 582.5213623046875 255.38218688964844 3.6873143 1.5340164 1.5931515 -1.7773048 1.6898041 16.698702 1.6996806859970093 0.9759365320205688
Car 0.0 0 1.8019530773162842 877.5132446289062 157.61587524414062 917.74755859375 184.39332580566406 3.7241614 1.6682402 1.6227169 18.711454 0.71925956 46.94006 2.1812729835510254 0.19199877977371216
Car 0.0 0 2.1752092838287354 36.075523376464844 155.95948791503906 126.8132553100586 194.54055786132812 3.512663 1.7645113 1.86127 -25.404428 0.9921963 34.777264 1.5443122386932373 0.13101592659950256
Car 0.0 0 1.8628367185592651 524.3010864257812 178.17547607421875 579.175537109375 213.10316467285156 3.7366924 1.5015624 1.5371755 -2.690196 1.7644905 33.610752 1.782967209815979 0.12898537516593933
Car 0.0 0 1.8440003395080566 687.4193115234375 173.51182556152344 724.6599731445312 196.95431518554688 3.685538 1.5376263 1.595858 6.5875874 1.5848957 49.444748 1.9764516353607178 0.12352649122476578
Car 0.0 0 2.57454252243042 0.0 165.3330535888672 99.04119873046875 218.941162109375 3.4598997 1.5066231 1.5186496 -17.997353 1.2956098 22.156895 1.8923653364181519 0.1155913844704628
Car 0.0 0 -3.1885361671447754 852.2164306640625 181.47398376464844 933.0347290039062 207.840087890625 4.411971 1.4833899 1.643011 16.743893 2.0156796 43.04154 -2.817533493041992 0.11539851874113083
