Cyclist 0.0 0 1.8834974765777588 289.496826171875 179.7949981689453 382.6053161621094 335.1597900390625 1.723259 1.731955 0.58443314 -3.4137483 1.8272787 8.994085 1.5207395553588867 0.9109465479850769
Car 0.0 0 -1.818034052848816 577.3270263671875 190.36155700683594 644.064208984375 240.6286163330078 3.2597258 1.5654663 1.5945044 -0.08359805 2.2273076 25.482286 -1.8213146924972534 0.973217248916626
Car 0.0 0 -2.0081822872161865 686.222412109375 191.60968017578125 883.9185180664062 322.1941223144531 3.317508 1.5466324 1.5810379 2.3820074 1.8756634 10.849611 -1.7920634746551514 0.9497185945510864
Car 0.0 0 -0.9513034224510193 637.3118286132812 187.1385498046875 705.8463134765625 220.82470703125 3.7903554 1.5688243 1.6272671 3.1851108 2.3455613 37.24273 -0.86598801612854 0.6481325030326843
Car 0.0 0 -0.9950531721115112 750.8030395507812 185.3660430908203 799.15087890625 211.94122314453125 2.9744534 1.4875367 1.4512862 9.909508 2.267654 43.407433 -0.7706089615821838 0.6386241316795349
Car 0.0 0 1.384331226348877 277.6431579589844 184.15667724609375 319.680908203125 212.38522338867188 4.2714357 1.5940245 1.6232818 -19.379332 2.3301816 44.745564 0.9756193161010742 0.5992311239242554
Car 0.0 0 -1.073781132698059 696.0031127929688 186.03292846679688 758.4769287109375 215.64877319335938 4.170934 1.4933144 1.6724017 6.589386 2.2722697 40.463806 -0.9123517870903015 0.5964099764823914
Car 0.0 0 2.3644134998321533 521.0174560546875 188.4615020751953 587.7015380859375 218.36419677734375 3.68839 1.522703 1.5935792 -3.1299307 2.443838 40.65107 2.287569999694824 0.5871995091438293
Car 0.0 0 -0.002185434103012085 875.8056030273438 182.40858459472656 955.0113525390625 213.9951171875 3.8263443 1.584242 1.7331572 16.28191 2.1168747 38.65513 0.396470308303833 0.3561785817146301
Car 0.0 0 1.5254136323928833 759.4180297851562 182.72557067871094 824.9573364257812 240.6336669921875 4.212865 1.4683584 1.6553334 5.225733 1.790353 21.279419 1.766224980354309 0.309116005897522
