Pedestrian 0.0 0 1.7703253030776978 510.61688232421875 173.9537811279297 521.5821533203125 201.8971710205078 0.8978363 1.8141046 0.5473809 -6.189296 1.8873394 47.343582 1.6403310298919678 0.41227102279663086
Cyclist 0.0 0 1.7703253030776978 510.61688232421875 173.9537811279297 521.5821533203125 201.8971710205078 0.8978363 1.8141046 0.5473809 -6.189296 1.8873394 47.343582 1.6403310298919678 0.10361052304506302
Car 0.0 0 -2.0666136741638184 795.1712036132812 172.89395141601562 1233.1317138671875 375.0 4.09854 1.4918098 1.6119356 3.1245759 1.4926579 6.755933 -1.6334187984466553 0.96104496717453
Car 0.0 0 -1.7504130601882935 630.4041748046875 176.84251403808594 672.1293334960938 207.9582061767578 3.360747 1.4622891 1.5002401 1.982555 1.6720483 36.11812 -1.6955772638320923 0.8862001299858093
Car 0.0 0 -1.8104549646377563 605.97998046875 172.32798767089844 644.5407104492188 199.2876739501953 3.3339827 1.5358008 1.5380056 0.83465797 1.5061936 42.895496 -1.7909995317459106 0.8257049918174744
Car 0.0 0 -1.688058853149414 478.2083740234375 180.27952575683594 514.5405883789062 209.41656494140625 3.5099132 1.4438894 1.5125636 -6.1547294 1.8611499 38.613205 -1.8461235761642456 0.7838255763053894
Car 0.0 0 2.3717713356018066 0.0 186.1295623779297 195.5509796142578 375.0 3.9608376 1.5847337 1.645052 -4.2584367 1.6946945 3.9569182 1.5496877431869507 0.687934160232544
Car 0.0 0 -1.6914350986480713 670.3872680664062 167.75009155273438 745.5630493164062 227.67677307128906 4.3552227 1.6368871 1.7163893 2.8124552 1.497833 21.88962 -1.56365168094635 0.65106600522995
Car 0.0 0 -1.6304963827133179 580.4537963867188 177.67311096191406 603.8341064453125 197.7868194580078 3.6530154 1.4561573 1.561674 -1.4164132 1.8366368 55.02433 -1.656232237815857 0.5340245962142944
Car 0.0 0 1.4734930992126465 663.211181640625 175.71315002441406 714.4574584960938 217.70254516601562 3.8334813 1.4481091 1.5287006 2.8458557 1.5633447 27.065475 1.5782551765441895 0.4981193542480469
Car 0.0 0 1.7162084579467773 472.6278076171875 179.93936157226562 510.2098083496094 207.36767578125 4.092434 1.5439543 1.6735483 -7.1679845 1.9940629 43.73754 1.5537662506103516 0.3309922218322754
