Pedestrian 0.0 0 -3.139462471008301 639.4808959960938 154.08737182617188 743.3446655273438 327.4227600097656 1.0627598 1.7719227 0.4998314 0.86439323 1.503612 7.532766 -3.0252110958099365 0.9238155484199524
Pedestrian 0.0 0 2.6469664573669434 15.733297348022461 163.76812744140625 75.76002502441406 255.89569091796875 0.6996674 1.8078287 0.7135016 -11.374002 1.4811279 14.331683 1.9761239290237427 0.2646546959877014
Pedestrian 0.0 0 1.2348966598510742 837.1250610351562 171.56173706054688 871.8467407226562 244.342529296875 0.6851152 1.7952309 0.6311708 6.229107 1.576354 17.778206 1.571908950805664 0.24183832108974457
Pedestrian 0.0 0 -1.6453678607940674 1035.143310546875 168.54183959960938 1081.8648681640625 273.17510986328125 0.60377717 1.6785305 0.6076164 7.479149 1.4883516 11.747174 -1.078416109085083 0.21280451118946075
Pedestrian 0.0 0 0.9662716388702393 835.1629638671875 135.14837646484375 894.5361328125 244.5079803466797 0.80543005 1.87878 0.6501858 4.580653 1.1012932 12.613957 1.3146055936813354 0.20583856105804443
Pedestrian 0.0 0 0.3321314752101898 626.4454956054688 168.6348114013672 694.81298828125 272.2289123535156 1.0906097 1.8242862 0.67835855 0.98213834 1.6169848 12.973707 0.40768957138061523 0.18522724509239197
Pedestrian 0.0 0 1.2351996898651123 965.2684936523438 156.8351287841797 1016.6380615234375 265.0071105957031 0.54449743 1.7153268 0.58665204 6.2355466 1.3417189 11.522596 1.7312291860580444 0.11090763658285141
Pedestrian 0.0 0 -2.9437079429626465 865.40478515625 129.3134765625 919.2891845703125 245.4125518798828 0.738359 1.8585823 0.5431501 4.730348 1.0408127 11.74349 -2.5607850551605225 0.10505318641662598
Pedestrian 0.0 0 1.5402626991271973 1118.60205078125 151.81007385253906 1165.013427734375 258.1770324707031 0.6962294 1.6899815 0.58702654 8.813212 1.2358049 11.682478 2.1865711212158203 0.1014835461974144
Cyclist 0.0 0 -2.0496835708618164 845.5635986328125 140.3365936279297 917.5527954101562 253.97628784179688 1.676815 1.8042698 0.40918237 4.639761 1.1682463 12.076949 -1.6828862428665161 0.12207623571157455
Car 0.0 0 -1.2939995527267456 589.1673583984375 181.4093475341797 650.346435546875 219.48410034179688 3.557924 1.4686304 1.6241945 0.652406 1.5102803 29.298761 -1.2717359066009521 0.1100500226020813
