Pedestrian 0.0 0 0.47174012660980225 1018.760009765625 131.78302001953125 1200.3355712890625 370.0 0.7801103 1.7193577 0.62216717 3.25135 1.433241 4.6631045 1.080618143081665 0.8207796812057495
Pedestrian 0.0 0 1.1289877891540527 811.1600341796875 137.94895935058594 912.9049072265625 292.0828857421875 0.88094914 1.7982286 0.8850624 3.0967684 1.303483 8.726699 1.469986915588379 0.7854245901107788
Pedestrian 0.0 0 -1.425714135169983 440.1565856933594 140.82156372070312 468.6761779785156 210.03758239746094 0.5462994 1.6660342 0.6119878 -3.7190025 0.71257263 17.306644 -1.6373839378356934 0.7700307965278625
Pedestrian 0.0 0 -2.950322389602661 1064.87939453125 154.37835693359375 1167.617431640625 340.2378234863281 0.7157221 1.6922535 0.5884099 4.9334064 1.4561155 6.8948393 -2.3292551040649414 0.635565996170044
Pedestrian 0.0 0 -1.589766025543213 562.14697265625 153.53097534179688 572.520751953125 185.0531463623047 0.8112902 1.8145372 0.58607656 -2.200733 0.26347652 41.121284 -1.643233060836792 0.5862483978271484
Pedestrian 0.0 0 0.7527051568031311 237.65802001953125 136.25775146484375 292.94146728515625 241.1416473388672 0.5579085 1.7390431 0.6549149 -5.8582835 1.0071286 12.114009 0.30226683616638184 0.5581858158111572
Pedestrian 0.0 0 0.1588996946811676 506.73468017578125 143.01376342773438 541.149658203125 213.21446228027344 0.7517224 1.6950561 0.63984394 -2.0261676 0.7915191 17.403116 0.04299592971801758 0.5384283661842346
Pedestrian 0.0 0 -2.6528422832489014 260.049072265625 138.91311645507812 326.2056579589844 245.9385223388672 0.79807085 1.7093747 0.62239283 -5.16266 1.0468174 11.626446 -3.070732593536377 0.49965423345565796
Pedestrian 0.0 0 1.4570361375808716 650.9181518554688 138.06419372558594 673.5472412109375 202.66943359375 0.72040135 1.8707402 0.58483416 1.6482394 0.643517 20.838846 1.535966396331787 0.49366068840026855
Pedestrian 0.0 0 -0.1200818419456482 640.1295166015625 149.27003479003906 662.8935546875 201.94810485839844 0.73456895 1.8387676 0.6059656 1.6122451 0.75019145 24.998066 -0.05567624792456627 0.49269601702690125
Pedestrian 0.0 0 -0.9582784175872803 351.7721862792969 152.30142211914062 375.1679992675781 190.60609436035156 0.8638336 1.8528754 0.722686 -11.869606 0.49029303 34.712082 -1.2877589464187622 0.4242493510246277
Pedestrian 0.0 0 0.4109490215778351 529.445556640625 149.6764678955078 548.357421875 181.89837646484375 0.88080466 1.8329492 0.6924537 -3.808673 0.08093129 40.682087 0.31760072708129883 0.31985217332839966
Pedestrian 0.0 0 -1.3868013620376587 408.044921875 139.6766815185547 438.0068359375 210.09262084960938 0.74144834 1.754678 0.6157951 -4.6640296 0.7390067 18.005014 -1.6402705907821655 0.2686624228954315
Cyclist 0.0 0 0.2934490144252777 259.8720397949219 135.07757568359375 330.7568664550781 249.7918243408203 0.923653 1.8235786 0.6350118 -5.1123056 1.1031669 11.6059 -0.12146995216608047 0.19006137549877167
Cyclist 0.0 0 -1.3868013620376587 408.044921875 139.6766815185547 438.0068359375 210.09262084960938 0.74144834 1.754678 0.6157951 -4.6640296 0.7390067 18.005014 -1.6402705907821655 0.14447525143623352
Car 0.0 0 1.9015088081359863 0.0 92.07598114013672 284.4716796875 370.0 4.0284786 1.6206964 1.6038061 -3.1208868 1.3616102 4.2424674 1.2672680616378784 0.329647958278656
Car 0.0 0 -2.4805588722229004 21.279518127441406 156.78030395507812 133.21624755859375 189.60678100585938 4.1631365 1.5230746 1.605484 -25.074163 0.42398775 33.645954 -3.1210038661956787 0.2869853377342224
Car 0.0 0 2.033067226409912 454.6768493652344 176.57688903808594 512.23583984375 205.17555236816406 3.7189658 1.475017 1.5966487 -6.5618806 1.2740966 38.473007 1.8641347885131836 0.235101580619812
