Pedestrian 0.0 0 -1.1082462072372437 213.83767700195312 170.95423889160156 256.6186828613281 237.0339813232422 1.1139749 1.7569543 0.60729986 -10.287764 1.706801 19.744085 -1.588595986366272 0.33361929655075073
Pedestrian 0.0 0 -1.7597506046295166 994.3544921875 138.8870086669922 1092.3616943359375 343.436279296875 1.4145837 1.7529457 0.53671706 4.061055 1.4622134 6.9369926 -1.2301205396652222 0.18838976323604584
Pedestrian 0.0 0 0.711326003074646 1059.7391357421875 150.73399353027344 1209.898681640625 375.0 0.7793975 1.7370268 0.56302774 4.056054 1.5763488 5.6956887 1.3301446437835693 0.16615423560142517
Pedestrian 0.0 0 1.6109483242034912 748.6610107421875 178.39427185058594 767.32470703125 236.31710815429688 1.7174724 1.7195765 0.5047317 4.575889 1.899455 22.483007 1.811732530593872 0.10852441191673279
Cyclist 0.0 0 1.6303386688232422 742.5756225585938 181.99009704589844 762.3028564453125 239.687744140625 1.7454371 1.6974287 0.501962 4.390964 1.9931934 22.41968 1.8237437009811401 0.3116433322429657
Cyclist 0.0 0 -1.7597506046295166 994.3544921875 138.8870086669922 1092.3616943359375 343.436279296875 1.4145837 1.7529457 0.53671706 4.061055 1.4622134 6.9369926 -1.2301205396652222 0.2252190262079239
Cyclist 0.0 0 0.9687252640724182 787.2510986328125 198.0166473388672 843.5198974609375 266.81201171875 1.8224398 1.755338 0.5672867 5.6330304 2.4886067 20.05943 1.2424914836883545 0.1529078632593155
Cyclist 0.0 0 -1.4414879083633423 225.572265625 171.40469360351562 257.0699768066406 240.14389038085938 1.2842002 1.8197404 0.61193234 -10.153991 1.7817311 19.806305 -1.9152157306671143 0.13114367425441742
Car 0.0 0 2.0600433349609375 145.8086395263672 187.26296997070312 325.3336181640625 268.820068359375 4.2300196 1.4643962 1.6791064 -8.009796 1.8236792 15.838417 1.5918307304382324 0.9534058570861816
Car 0.0 0 1.7663971185684204 428.162353515625 180.49911499023438 476.1861572265625 210.29322814941406 4.327107 1.4291619 1.6544329 -8.255914 1.8542581 37.904827 1.5519400835037231 0.9426512122154236
Car 0.0 0 1.2813690900802612 666.4966430664062 193.05572509765625 703.7302856445312 213.44252014160156 4.4327908 1.448091 1.7914164 5.9868965 3.1447415 58.2389 1.3838081359863281 0.29128625988960266
