Pedestrian 0.0 0 3.7952475547790527 0.0 181.591064453125 85.61524963378906 360.2054138183594 0.97138643 1.7654372 0.5063769 -6.1269712 1.8590266 7.4260507 3.1054091453552246 0.4806457757949829
Pedestrian 0.0 0 -1.931236982345581 635.6373901367188 171.48512268066406 650.6769409179688 203.81942749023438 0.6630633 1.8560779 0.68044835 1.8861657 1.7778584 41.83622 -1.8861830234527588 0.4153515100479126
Pedestrian 0.0 0 0.6463556885719299 249.751220703125 182.11740112304688 301.7170715332031 276.6385803222656 0.76527244 1.683736 0.4166205 -6.1586914 1.8570936 13.189102 0.20949339866638184 0.31145912408828735
Pedestrian 0.0 0 0.6601576209068298 135.2513885498047 172.62705993652344 206.4862518310547 302.2261962890625 0.71101296 1.7524395 0.4628974 -6.1460094 1.7497286 10.022993 0.11009526252746582 0.2893823981285095
Pedestrian 0.0 0 1.6374589204788208 394.5919494628906 176.17274475097656 415.3861083984375 229.06309509277344 0.5969741 1.792279 0.6519895 -7.101843 1.9086205 24.853308 1.3591258525848389 0.2436908781528473
Pedestrian 0.0 0 -3.3646721839904785 893.7103271484375 181.98194885253906 988.422607421875 329.4584045410156 0.98445 1.7514752 0.47189704 4.025554 1.8690815 8.936302 -2.9414258003234863 0.22760416567325592
Pedestrian 0.0 0 -1.0448566675186157 643.9334106445312 170.59033203125 662.127197265625 205.84478759765625 0.687748 1.8148732 0.6961589 2.2080498 1.6986991 37.62034 -0.9862309098243713 0.2130020409822464
Pedestrian 0.0 0 0.7113082408905029 399.1507568359375 183.1324920654297 431.147216796875 233.8274688720703 0.9613428 1.794087 0.60295177 -7.120089 2.1746244 26.206062 0.4460160732269287 0.1779824197292328
Car 0.0 0 -1.4465922117233276 430.49176025390625 184.20330810546875 498.7574157714844 242.16090393066406 3.439973 1.4785728 1.5180788 -4.168541 1.8350791 20.86883 -1.6437469720840454 0.9709893465042114
Car 0.0 0 3.5636496543884277 28.720739364624023 177.6428985595703 300.8696594238281 271.33209228515625 4.353975 1.734737 1.7666653 -8.856109 1.8397144 14.6170845 3.0189223289489746 0.9328506588935852
Car 0.0 0 1.6966032981872559 470.45135498046875 180.6292266845703 527.760009765625 226.73695373535156 4.0222635 1.5740752 1.6528292 -4.165816 1.8910364 27.346464 1.5454307794570923 0.908549427986145
Car 0.0 0 1.710620641708374 500.5380554199219 179.2660369873047 535.535400390625 205.5381622314453 3.9856749 1.4888833 1.5719029 -5.5766253 1.8969128 43.86891 1.5841785669326782 0.3751201629638672
