Pedestrian 0.0 0 -1.0631153583526611 245.01828002929688 158.38172912597656 318.61444091796875 288.2507019042969 0.6661789 1.7415861 0.696892 -4.6025386 1.5478659 10.0324 -1.4932363033294678 0.8074164390563965
Pedestrian 0.0 0 -0.9412591457366943 304.57427978515625 166.6515350341797 364.8182067871094 272.9556579589844 0.67177266 1.7476832 0.6963624 -4.7268653 1.6460698 12.2742195 -1.3088595867156982 0.4716431796550751
Car 0.0 0 -1.1140919923782349 0.0 193.71934509277344 454.4120788574219 375.0 4.224861 1.4878293 1.6624756 -2.7931955 1.7340626 6.353928 -1.5282648801803589 0.971143364906311
Car 0.0 0 -1.7317118644714355 659.3070068359375 175.85682678222656 741.3268432617188 234.43560791015625 4.0280967 1.4294856 1.5838357 2.326421 1.5210341 19.861824 -1.6151129007339478 0.9659748673439026
Car 0.0 0 -2.1786048412323 810.39013671875 169.8893585205078 1242.0 375.0 3.9047427 1.5071387 1.6434163 2.4725718 1.4995515 3.918213 -1.6156697273254395 0.9285678863525391
Car 0.0 0 -1.5613350868225098 524.8696899414062 175.3507537841797 562.5104370117188 210.1144561767578 3.7341726 1.503295 1.6389374 -3.0924752 1.6259258 33.404392 -1.653648853302002 0.9224368929862976
Car 0.0 0 -1.7828803062438965 636.9682006835938 172.09339904785156 691.5319213867188 211.99952697753906 3.9280615 1.6798176 1.6416992 2.3292356 1.6481584 32.429386 -1.7111785411834717 0.8985576629638672
Car 0.0 0 -1.326831340789795 289.5285339355469 186.4589385986328 461.99493408203125 309.09442138671875 3.6706572 1.4462522 1.5725049 -3.3356438 1.6856571 10.798905 -1.6264214515686035 0.6633769869804382
Car 0.0 0 -0.6837788820266724 0.0 0.0 1242.0 375.0 3.6835303 1.4821045 1.5900072 -2.9432611 1.6590811 1.6556993 -1.7421561479568481 0.5789119601249695
Car 0.0 0 -2.7653114795684814 286.8699035644531 180.45529174804688 407.697265625 226.65953063964844 3.3788927 1.4379529 1.5265938 -8.553458 1.694741 23.528742 -3.113990545272827 0.44379040598869324
