Pedestrian 0.0 0 0.3452621400356293 816.6227416992188 208.6016845703125 901.2067260742188 376.0 0.55211085 1.3808109 0.47546005 2.0794 1.5922679 6.103362 0.6736257076263428 0.20960929989814758
Pedestrian 0.0 0 -2.69762921333313 294.10382080078125 138.2681427001953 411.8484191894531 312.5561218261719 1.0848925 1.8481671 0.5841595 -2.8580978 1.3514616 7.9634995 -3.042210340499878 0.19930335879325867
Pedestrian 0.0 0 2.5659072399139404 922.2682495117188 141.3799285888672 1009.8815307617188 276.4987487792969 0.93406814 1.7872119 0.5297495 4.833175 1.2085288 9.822704 3.023167610168457 0.15600018203258514
Pedestrian 0.0 0 -2.532813549041748 146.5940704345703 129.79428100585938 283.11248779296875 300.8887939453125 1.2197262 1.8128804 0.57035905 -4.3859744 1.2267783 7.960709 -3.0363879203796387 0.14218026399612427
Cyclist 0.0 0 0.5332092046737671 142.55490112304688 150.30850219726562 301.8162841796875 311.71112060546875 1.452302 1.7153399 0.5992552 -4.2968903 1.3454875 7.9632926 0.03839564323425293 0.10538791120052338
Car 0.0 0 -0.8982465863227844 0.0 179.82830810546875 191.1145477294922 303.21112060546875 3.3577273 1.4993585 1.5355111 -7.8703227 1.4350216 10.430171 -1.5446678400039673 0.8712769150733948
Car 0.0 0 -1.0822772979736328 81.96046447753906 181.4930877685547 223.98565673828125 244.47109985351562 3.8446221 1.5339313 1.6273712 -12.175805 1.4443923 19.479708 -1.6409131288528442 0.8039702773094177
Car 0.0 0 -1.5816962718963623 573.21630859375 174.0552215576172 617.2718505859375 214.1939239501953 3.536523 1.4989002 1.6466322 -0.5596094 1.083266 28.632977 -1.6012380123138428 0.8004823327064514
Car 0.0 0 1.7811882495880127 377.05841064453125 184.68630981445312 486.98193359375 258.6767272949219 3.9549072 1.4508057 1.5804089 -3.8283894 1.4415566 16.086853 1.5475517511367798 0.7966235280036926
Car 0.0 0 -1.7321792840957642 644.3400268554688 174.3696746826172 699.5342407226562 215.0106964111328 3.57941 1.4609126 1.5471671 2.3671784 1.0721648 27.680084 -1.6468676328659058 0.24407687783241272
Car 0.0 0 1.516200304031372 553.2974853515625 167.63856506347656 572.0367431640625 184.02218627929688 4.1056576 1.4892932 1.5368246 -4.283855 -0.114944756 67.780235 1.4530820846557617 0.16814061999320984
Car 0.0 0 -1.3990094661712646 363.9229431152344 177.14784240722656 421.3954162597656 217.72377014160156 3.246322 1.4482304 1.5635554 -8.157441 1.1614056 27.357447 -1.6887956857681274 0.15566065907478333
