Pedestrian 0.0 0 -0.2514306604862213 947.2818603515625 185.42396545410156 970.3609008789062 223.91310119628906 0.8016858 1.763926 0.79127693 16.312542 2.3619263 33.83626 0.19779658317565918 0.3477187752723694
Pedestrian 0.0 0 2.008758544921875 952.5758056640625 183.68246459960938 982.7135009765625 238.56602478027344 0.7004501 1.5509448 0.54012126 10.356737 1.8727419 20.986223 2.467194080352783 0.34026721119880676
Cyclist 0.0 0 1.442112684249878 462.6518859863281 181.41151428222656 479.27374267578125 218.23965454101562 1.4758765 1.5636078 0.53116214 -6.1719146 1.9502096 31.779877 1.2502923011779785 0.2346883863210678
Cyclist 0.0 0 -3.4306540489196777 948.1918334960938 185.3661651611328 972.5007934570312 224.05905151367188 0.83689034 1.7732865 0.7769446 16.369978 2.367766 33.80757 -2.97971773147583 0.10494931787252426
Car 0.0 0 2.0274112224578857 302.5713806152344 191.0429229736328 349.645263671875 212.74533081054688 4.019156 1.4165857 1.5862756 -20.672531 2.7958357 52.628685 1.6531273126602173 0.7502074241638184
Car 0.0 0 2.200383186340332 266.4647521972656 186.90940856933594 318.9851989746094 210.42617797851562 3.8447511 1.5990218 1.6157635 -23.517908 2.6827269 53.56039 1.7866376638412476 0.18881388008594513
Car 0.0 0 1.8883692026138306 345.5884094238281 175.15533447265625 388.8315734863281 199.73443603515625 3.8137896 1.489701 1.4976577 -15.453331 1.6428757 45.99826 1.5642613172531128 0.17844459414482117
Car 0.0 0 -3.7811083793640137 1124.009521484375 192.388671875 1237.4827880859375 224.0505828857422 4.195157 1.4863421 1.805555 28.377584 2.48786 36.01557 -3.1137735843658447 0.17238079011440277
Car 0.0 0 -0.05381491780281067 888.0921630859375 183.2402801513672 973.347412109375 215.74313354492188 3.709043 1.4795338 1.6190338 15.506964 2.006363 35.15813 0.36158251762390137 0.16164125502109528
Car 0.0 0 -1.9810774326324463 832.5661010742188 182.5682373046875 888.4461059570312 211.40599060058594 3.768683 1.4907014 1.5863082 13.971631 2.0630739 40.54366 -1.6492151021957397 0.13261769711971283
Car 0.0 0 -1.5394424200057983 0.0 179.61180114746094 34.206119537353516 215.99815368652344 4.4047604 1.9809583 1.7299088 -35.012928 2.3996646 42.39385 -2.2297756671905518 0.12993037700653076
