Car 0.0 0 -1.3646609783172607 433.35601806640625 180.3033447265625 513.86767578125 241.77301025390625 3.262111 1.6411886 1.6586564 -3.842897 1.5111643 20.839388 -1.5470178127288818 0.9809519648551941
Car 0.0 0 -1.2224479913711548 237.3616180419922 191.23590087890625 442.6244201660156 309.8533020019531 3.7360382 1.4047856 1.602307 -3.7267141 1.5102232 10.575597 -1.5612486600875854 0.9711472988128662
Car 0.0 0 -1.7687267065048218 698.7789306640625 190.68771362304688 808.2838745117188 263.92047119140625 3.4256358 1.3503339 1.5949739 2.9109483 1.4805053 15.228167 -1.5798497200012207 0.9705816507339478
Car 0.0 0 -1.6826684474945068 651.2718505859375 182.6628875732422 701.7093505859375 220.7748565673828 4.1340714 1.4856681 1.6342592 2.770286 1.387287 30.101467 -1.590895414352417 0.954534649848938
Car 0.0 0 -1.2880141735076904 381.0176696777344 182.48594665527344 441.673583984375 218.5615234375 3.5913332 1.4489331 1.5561816 -8.343525 1.3404276 30.677034 -1.553570032119751 0.9467198252677917
Car 0.0 0 -1.4189752340316772 479.27325439453125 180.53536987304688 535.130615234375 222.55035400390625 4.08002 1.5949627 1.6578131 -4.0623474 1.4184207 29.336853 -1.556572675704956 0.8969124555587769
Car 0.0 0 -1.0014137029647827 0.0 186.0186309814453 178.3455352783203 315.0281066894531 3.733216 1.5414214 1.6046432 -8.135953 1.556484 10.5391445 -1.6588308811187744 0.6871263384819031
Car 0.0 0 -1.6437735557556152 622.9882202148438 183.07534790039062 645.4568481445312 200.64447021484375 3.637385 1.4016037 1.5826862 2.1378927 1.2319858 59.190746 -1.607670545578003 0.6310136318206787
Car 0.0 0 1.6951569318771362 505.65338134765625 176.1326904296875 543.492431640625 209.02151489257812 3.967319 1.7422616 1.6166729 -4.61355 1.2622274 40.068523 1.5805202722549438 0.5339193940162659
Car 0.0 0 -1.6031041145324707 587.2399291992188 179.99478149414062 610.570068359375 200.99977111816406 3.7436347 1.4989425 1.6003126 -0.70309776 1.1275032 53.20097 -1.616319179534912 0.5020745992660522
Car 0.0 0 1.663294792175293 534.518310546875 178.267333984375 560.3499145507812 198.88833618164062 3.6320014 1.4272721 1.5199294 -4.3151326 0.94747627 51.57426 1.5798208713531494 0.4889514744281769
