Pedestrian 0.0 0 -1.1775000095367432 333.46038818359375 154.8310546875 443.303955078125 362.2296142578125 1.0918243 1.7326944 0.5893728 -2.043361 1.5824811 6.596175 -1.4779046773910522 0.5280316472053528
Pedestrian 0.0 0 -0.11282649636268616 881.385986328125 123.26465606689453 935.240234375 224.8418731689453 0.8355531 1.7829608 0.610752 5.3375516 0.91288865 13.069547 0.27489686012268066 0.3470475971698761
Pedestrian 0.0 0 -0.5681437253952026 984.93359375 130.76145935058594 1052.4876708984375 248.7774200439453 0.6686527 1.7199141 0.59039617 6.0680194 1.1068332 10.826491 -0.057290900498628616 0.3005145788192749
Pedestrian 0.0 0 -1.6645046472549438 917.994384765625 137.97222900390625 974.480712890625 254.1352996826172 0.673817 1.7644436 0.7457648 5.242742 1.2349694 11.398303 -1.2334004640579224 0.20817776024341583
Pedestrian 0.0 0 0.8772880434989929 0.0 173.21823120117188 108.82853698730469 375.0 0.8872582 1.7451088 0.5552707 -4.9847627 1.7487819 6.204042 0.20043468475341797 0.1539226472377777
Pedestrian 0.0 0 1.329009771347046 407.5399475097656 153.76463317871094 469.5466613769531 288.1053161621094 0.85131794 1.7587599 0.64435923 -2.4333353 1.5092037 9.96991 1.0896220207214355 0.1314569115638733
Pedestrian 0.0 0 -0.7874599099159241 1068.193603515625 129.00686645507812 1133.7938232421875 250.99754333496094 0.51859504 1.7164184 0.5961704 7.076915 1.0998436 10.491837 -0.1940426379442215 0.1268732249736786
Pedestrian 0.0 0 -0.3367905616760254 1121.9041748046875 111.28604125976562 1181.15576171875 216.71273803710938 0.67977995 1.8275594 0.61851627 9.616877 0.7606438 12.901787 0.3037543296813965 0.1117585226893425
Pedestrian 0.0 0 -0.43977606296539307 1150.5338134765625 127.40419006347656 1200.7330322265625 219.04014587402344 0.6142419 1.6944604 0.44554797 10.621246 0.85439605 13.624389 0.22238659858703613 0.10258974879980087
Cyclist 0.0 0 1.9642417430877686 326.85711669921875 145.82559204101562 451.2682189941406 352.3287048339844 1.4835758 1.6900353 0.5751658 -2.037284 1.4691911 6.668507 1.6677391529083252 0.31931063532829285
Cyclist 0.0 0 -0.7165085077285767 979.6075439453125 126.78870391845703 1063.2344970703125 249.06336975097656 0.93443686 1.7715657 0.5891806 6.1144977 1.1045104 10.833798 -0.20268377661705017 0.10013364255428314
Car 0.0 0 -2.0904083251953125 259.9363098144531 173.99722290039062 467.910400390625 311.0231018066406 3.3613813 1.7282339 1.4324735 -3.805443 1.7482505 10.764803 -2.4302048683166504 0.223923459649086
Car 0.0 0 -2.044745445251465 577.4063110351562 147.5179901123047 639.5321655273438 180.59608459472656 3.9748359 1.6878409 1.7235909 -0.17760295 0.39540476 38.97542 -2.049302101135254 0.13132992386817932
