Car 0.0 0 -1.9855551719665527 749.0278930664062 189.79336547851562 989.273193359375 340.2554016113281 3.38765 1.4453754 1.5349292 2.9433255 1.7005509 9.088375 -1.6723582744598389 0.9810519218444824
Car 0.0 0 -1.7529397010803223 668.5573120117188 180.50442504882812 759.450927734375 244.92153930664062 4.1181273 1.4533454 1.5968847 2.5447567 1.6760125 18.868916 -1.6188836097717285 0.9723215699195862
Car 0.0 0 -2.50881028175354 0.0 196.73240661621094 289.9967346191406 310.0947570800781 4.0078197 1.35732 1.5343794 -6.7461853 1.7099268 9.813231 -3.1110692024230957 0.9233056902885437
Car 0.0 0 -2.5826656818389893 87.78528594970703 192.2728271484375 362.98529052734375 291.720947265625 3.8135202 1.4893187 1.5941117 -6.3809357 1.8406706 12.103599 -3.0678305625915527 0.9150603413581848
Car 0.0 0 0.4404694736003876 159.9405517578125 188.54530334472656 385.0284118652344 266.4905090332031 3.8027923 1.4482415 1.5563688 -6.721692 1.781476 14.513043 0.006735324859619141 0.8618576526641846
Car 0.0 0 -1.692169189453125 654.2620239257812 179.97994995117188 705.1060180664062 217.5022430419922 4.162475 1.3963295 1.5770439 2.7592661 1.7112986 29.750051 -1.599685549736023 0.8538516759872437
Car 0.0 0 0.31398138403892517 347.3780212402344 183.6645965576172 485.8277587890625 230.78341674804688 3.9082198 1.3931819 1.5264646 -6.0394106 1.7450585 22.593567 0.05278158187866211 0.852165937423706
Car 0.0 0 0.719246506690979 0.0 200.24647521972656 221.43836975097656 363.28741455078125 3.9562697 1.4500095 1.575198 -6.4850445 1.7646978 7.4795766 0.004946231842041016 0.8500490784645081
Car 0.0 0 3.359912157058716 386.57977294921875 168.6190643310547 487.3817138671875 207.80140686035156 3.5064251 1.459026 1.5568103 -6.6228395 1.3016883 27.672403 3.1250007152557373 0.6906827092170715
Car 0.0 0 0.4572395086288452 227.17221069335938 180.26303100585938 420.0653991699219 256.2823181152344 3.90215 1.6721454 1.6718571 -6.729006 1.8578291 17.0536 0.08141446113586426 0.6428924798965454
Car 0.0 0 4.011747360229492 0.0 198.75804138183594 97.490478515625 375.0 4.027595 1.4924666 1.6249508 -6.3575325 1.710128 5.2090683 3.1273820400238037 0.613551139831543
Car 0.0 0 -1.6607962846755981 637.12060546875 173.48773193359375 665.9039916992188 197.3563690185547 3.6991918 1.5511326 1.6131623 2.7450519 1.5960563 48.86272 -1.604676365852356 0.5839178562164307
