Pedestrian 0.0 0 -1.4654951095581055 273.79736328125 150.31434631347656 290.97735595703125 198.5740966796875 0.3734087 1.8843828 0.5812796 -12.953645 1.0046427 28.440006 -1.8928908109664917 0.21124427020549774
Pedestrian 0.0 0 -2.5491528511047363 340.73211669921875 150.19842529296875 361.1504211425781 192.28919982910156 0.5773209 1.9273921 0.7397976 -12.05207 0.8903215 33.466618 -2.8948166370391846 0.143993079662323
Pedestrian 0.0 0 2.2039709091186523 1091.9383544921875 182.31578063964844 1242.0 375.0 0.7436132 1.6834587 0.6101585 3.8526723 1.7545978 4.998675 2.8606133460998535 0.12001407146453857
Pedestrian 0.0 0 -0.09730291366577148 655.1632690429688 158.61416625976562 676.0662231445312 209.033935546875 0.66779065 1.7345973 0.61848426 1.8888589 1.2450607 25.137014 -0.022301334887742996 0.11525224894285202
Pedestrian 0.0 0 0.6815891265869141 0.0 145.97230529785156 82.74708557128906 293.24774169921875 0.84540635 1.761311 0.5321356 -7.1721606 1.4401826 8.893647 0.0029358863830566406 0.10380705446004868
Cyclist 0.0 0 2.1112306118011475 62.961002349853516 146.49737548828125 177.3079376220703 287.62786865234375 1.582856 1.7429273 0.5361053 -6.586417 1.4177871 9.713135 1.515358567237854 0.16285759210586548
Cyclist 0.0 0 -2.093364953994751 641.7144775390625 155.701171875 670.3868408203125 196.35426330566406 1.7679918 1.7779393 0.4633569 2.0173938 1.0281281 32.448154 -2.0312719345092773 0.14316245913505554
Cyclist 0.0 0 1.305661678314209 650.1762084960938 160.32395935058594 677.523681640625 211.2177734375 1.6157036 1.7180057 0.5440113 1.8223648 1.2953914 25.198978 1.3778549432754517 0.10759203881025314
Car 0.0 0 1.9550772905349731 8.114892959594727 198.71112060546875 343.14678955078125 375.0 4.548939 1.4640114 1.6834027 -4.675265 1.8564079 8.581223 1.4562158584594727 0.970088541507721
Car 0.0 0 -1.5881924629211426 398.4728698730469 175.34164428710938 432.7514953613281 206.30223083496094 3.7915587 1.5211986 1.6524897 -10.262207 1.6590605 37.829308 -1.8530938625335693 0.874954342842102
Car 0.0 0 0.7148672342300415 1025.578369140625 216.9929962158203 1242.0 375.0 3.4654028 1.4623336 1.518414 6.3065405 2.0436041 7.658585 1.4037504196166992 0.2309975028038025
Car 0.0 0 -1.5637741088867188 389.725830078125 171.07923889160156 416.5026550292969 196.3434600830078 3.5629363 1.5530641 1.5902138 -13.28746 1.4443227 46.28203 -1.8433523178100586 0.12742486596107483
Car 0.0 0 -0.5031365156173706 647.2644653320312 151.08636474609375 740.193359375 187.40769958496094 3.924167 1.5890619 1.6463324 3.7970514 0.6370838 33.070133 -0.38881897926330566 0.11433222889900208
Car 0.0 0 -0.549631655216217 721.9688720703125 158.73013305664062 897.33935546875 234.70008850097656 3.8474157 1.723362 1.6632532 4.818524 1.403323 17.702307 -0.2838727533817291 0.10713924467563629
