Pedestrian 0.0 0 -1.7504258155822754 972.1634521484375 172.7479248046875 1006.5244750976562 240.1103515625 0.9156608 1.6967416 0.63249636 9.77319 1.694428 18.70268 -1.2688970565795898 0.39495447278022766
Pedestrian 0.0 0 1.3937029838562012 417.46563720703125 186.8708038330078 440.312744140625 239.73355102539062 0.6944454 1.7188709 0.62765497 -6.108225 2.1969051 24.140676 1.1458780765533447 0.28521794080734253
Pedestrian 0.0 0 2.995741605758667 567.7640380859375 176.84780883789062 579.4864501953125 198.44850158691406 0.90938586 1.7933853 0.5494916 -3.0691645 2.130026 60.393303 2.9449656009674072 0.27601590752601624
Cyclist 0.0 0 1.1413140296936035 1109.08447265625 113.48722076416016 1242.0 372.6092529296875 1.870602 1.7466946 0.5302947 4.6814113 1.3468719 5.832747 1.817643404006958 0.25849512219429016
Car 0.0 0 3.662123680114746 49.2812385559082 188.2606658935547 257.861572265625 264.7996520996094 3.3904397 1.4894347 1.5763503 -9.568002 1.833496 15.23827 3.1014466285705566 0.9490377306938171
Car 0.0 0 1.6598131656646729 479.4608459472656 181.79287719726562 528.1009521484375 219.88645935058594 3.974166 1.4367268 1.6664028 -4.4183507 1.8363461 30.194456 1.514514446258545 0.948747456073761
Car 0.0 0 1.2965179681777954 661.29638671875 167.64060974121094 727.2807006835938 215.9441680908203 3.9918935 1.8309379 1.6386935 3.3146214 1.6336828 29.44906 1.4086006879806519 0.8978755474090576
Car 0.0 0 0.9701758027076721 1144.7530517578125 185.51954650878906 1242.0 351.0439147949219 3.926512 1.4944885 1.583305 8.532435 1.6872886 8.89425 1.7348148822784424 0.275546669960022
Car 0.0 0 -1.730114221572876 491.90557861328125 182.97994995117188 533.6932373046875 213.76792907714844 3.9227946 1.5030776 1.6110528 -5.300531 2.076523 38.722404 -1.8661540746688843 0.2414078712463379
Car 0.0 0 -1.5732312202453613 562.1209106445312 174.23692321777344 581.0532836914062 193.96685791015625 3.7243793 1.635011 1.5749139 -3.3267412 1.757778 61.96103 -1.6268706321716309 0.21295876801013947
