Pedestrian 0.0 0 2.99064564704895 581.4829711914062 148.69424438476562 696.9498901367188 347.8907775878906 0.95081645 1.7001809 0.6544142 0.27005213 1.4215628 6.505696 3.0321319103240967 0.779416561126709
Pedestrian 0.0 0 1.2080835103988647 342.2503356933594 187.98023986816406 451.3143310546875 374.0 0.6591438 1.6054218 0.66499436 -1.7321061 1.6640623 5.880997 0.9216563701629639 0.7734328508377075
Pedestrian 0.0 0 1.7718009948730469 954.115234375 175.90151977539062 1082.833251953125 374.0 0.5538522 1.6696395 0.75611156 3.1239002 1.6319281 5.473715 2.290404796600342 0.6838691830635071
Pedestrian 0.0 0 2.0120110511779785 358.1522521972656 169.478515625 388.19622802734375 221.38356018066406 0.9425441 1.7762672 0.6626868 -7.988192 1.365946 25.090914 1.7037874460220337 0.45990318059921265
Pedestrian 0.0 0 0.569551944732666 1211.331298828125 153.90325927734375 1238.0 211.36477661132812 0.4863902 1.8814707 0.6308106 20.712473 0.97895694 23.840218 1.2848618030548096 0.28841033577919006
Pedestrian 0.0 0 1.3757039308547974 610.1539306640625 161.01502990722656 634.0480346679688 210.2795867919922 0.71910936 1.7783787 0.7494567 0.73174405 1.0399505 26.345171 1.4034720659255981 0.21007032692432404
Pedestrian 0.0 0 0.9494342803955078 1197.714111328125 140.11131286621094 1231.9283447265625 197.55824279785156 0.5880966 1.8075795 0.59902096 19.538149 0.5063816 22.91825 1.6553865671157837 0.14848193526268005
Cyclist 0.0 0 -2.894289493560791 602.177734375 159.80580139160156 642.0858764648438 209.30630493164062 1.3458421 1.782103 0.6512331 0.74165106 1.0021255 26.35503 -2.8661561012268066 0.27486205101013184
Car 0.0 0 -0.9373037815093994 981.68798828125 145.9495849609375 1235.4212646484375 246.73223876953125 4.227002 1.6846792 1.7409289 9.470428 1.0917053 13.506141 -0.3257766664028168 0.8941208720207214
Car 0.0 0 -2.3401858806610107 1095.05517578125 139.45651245117188 1223.72509765625 187.55130004882812 3.9951646 1.7599268 1.701424 21.845804 0.2224777 28.36416 -1.6838876008987427 0.15841224789619446
Car 0.0 0 -0.2977712154388428 991.4298706054688 157.26963806152344 1196.3724365234375 225.3973388671875 3.725657 1.502404 1.5848758 11.530676 0.969278 17.137661 0.29448390007019043 0.12230723351240158
