Car 0.0 0 -2.0033841133117676 870.0602416992188 191.003662109375 1242.0 375.0 3.797858 1.3969537 1.5240737 3.7203214 1.6168834 6.779158 -1.501471757888794 0.9740798473358154
Car 0.0 0 1.9063078165054321 245.2425994873047 191.71414184570312 458.2097473144531 340.6407775878906 3.403781 1.5274924 1.5721712 -3.2200391 1.8219892 9.54053 1.5808016061782837 0.9693636894226074
Car 0.0 0 -1.8049070835113525 749.2200317382812 173.86325073242188 901.1795654296875 282.9408264160156 3.3051748 1.5520151 1.6444031 3.343411 1.571484 11.977531 -1.5326958894729614 0.9495826959609985
Car 0.0 0 -1.6544556617736816 682.4487915039062 180.2744598388672 741.2283325195312 228.19544982910156 4.3021293 1.4670076 1.6349705 3.388627 1.7465519 24.95416 -1.5194871425628662 0.9180423021316528
Car 0.0 0 2.423774242401123 0.0 197.40975952148438 281.59735107421875 375.0 4.1010065 1.5370436 1.689683 -3.266182 1.7113197 3.032315 1.6012626886367798 0.7622833251953125
Car 0.0 0 1.6245262622833252 545.7333374023438 175.7010955810547 577.4904174804688 202.81292724609375 4.1816344 1.5058825 1.6508074 -2.8457358 1.6827029 42.61659 1.5578498840332031 0.630752444267273
Car 0.0 0 1.339123249053955 703.2452392578125 181.59486389160156 807.8984985351562 255.3530731201172 4.2993865 1.6347226 1.6734927 3.569738 1.8879825 18.690073 1.5278468132019043 0.5730480551719666
Car 0.0 0 -1.6419963836669922 678.0266723632812 177.37059020996094 720.36181640625 216.7978057861328 3.3345275 1.5273479 1.5043405 3.6224082 1.72642 30.040388 -1.5219911336898804 0.5214738845825195
Car 0.0 0 -1.711179256439209 652.7841796875 175.5608673095703 689.8318481445312 205.33267211914062 3.7882028 1.6130638 1.5936416 3.4342752 1.7759353 41.379837 -1.6283750534057617 0.5097103118896484
Car 0.0 0 -2.7398111820220947 1124.97265625 209.13270568847656 1242.0 375.0 3.8560977 1.4847623 1.5819387 3.9362967 1.7037802 2.3303475 -1.7035424709320068 0.41742467880249023
