Pedestrian 0.0 0 -1.5017988681793213 466.1708679199219 175.43443298339844 479.6032409667969 208.64898681640625 0.67960185 1.8521123 0.6996041 -7.7604165 1.9992826 40.6697 -1.6903479099273682 0.21092087030410767
Pedestrian 0.0 0 2.4609665870666504 129.50161743164062 167.8197021484375 156.9376983642578 207.82281494140625 0.93861896 1.8384548 0.5508903 -21.8285 1.6074477 33.689117 1.886041522026062 0.1661091148853302
Car 0.0 0 -1.583793044090271 557.7556762695312 180.732177734375 611.3110961914062 223.95286560058594 3.4073582 1.299053 1.6592512 -0.92128116 1.5812243 24.063713 -1.6220594644546509 0.9444783329963684
Car 0.0 0 -1.4971067905426025 501.9872741699219 177.01780700683594 540.3934936523438 209.68724060058594 3.4102254 1.450561 1.5625483 -4.2047777 1.6584518 34.219193 -1.6193716526031494 0.9395294785499573
Car 0.0 0 2.1416783332824707 0.0 179.79522705078125 130.07630920410156 259.26666259765625 4.3405538 1.631789 1.683924 -13.771879 1.821572 17.446068 1.4734359979629517 0.8740930557250977
Car 0.0 0 1.8664543628692627 252.0916290283203 180.67697143554688 312.9368896484375 215.31097412109375 3.7018907 1.5217024 1.6424891 -15.624777 1.9173838 34.517715 1.441390872001648 0.8443574905395508
Car 0.0 0 2.303708076477051 835.2672729492188 180.9630584716797 884.905517578125 200.52951049804688 4.0057454 1.5507656 1.6680516 20.882542 2.2478054 60.289413 2.6371469497680664 0.2346431165933609
Car 0.0 0 -1.4355427026748657 457.9232177734375 171.22293090820312 495.3352355957031 200.86026000976562 3.9497898 1.6684326 1.6570561 -7.8616114 1.5769695 42.62791 -1.617917537689209 0.23321813344955444
Car 0.0 0 1.6130948066711426 895.0889892578125 181.18417358398438 930.3367919921875 213.12179565429688 3.8466353 1.5326704 1.542017 15.845328 1.9930103 37.77115 2.010305166244507 0.17437312006950378
Car 0.0 0 1.9285391569137573 719.8258056640625 177.55259704589844 756.30078125 197.39151000976562 3.8799667 1.4791676 1.5715369 10.096665 1.8631908 56.844765 2.1043241024017334 0.16664843261241913
