Pedestrian 0.0 0 -1.8028026819229126 807.0736694335938 164.1991424560547 856.5760498046875 273.1863708496094 0.5543071 1.756288 0.6677332 3.6959958 1.4952595 11.689998 -1.4965802431106567 0.5437090992927551
Pedestrian 0.0 0 -1.472147822380066 277.1204833984375 173.48265075683594 317.7278747558594 261.67901611328125 0.874351 1.7383293 0.6811462 -6.3155537 1.601649 14.45166 -1.8841488361358643 0.4514564871788025
Pedestrian 0.0 0 2.1609177589416504 510.2829284667969 163.68878173828125 521.0704345703125 186.23863220214844 0.85738623 1.9244803 0.5349108 -7.6661077 0.49095178 60.840057 2.035573959350586 0.34576618671417236
Pedestrian 0.0 0 -1.1814370155334473 0.0 165.0635528564453 15.455570220947266 198.17889404296875 0.69862294 1.9316137 0.666196 -35.328346 1.0325819 41.6722 -1.8846336603164673 0.2155131995677948
Pedestrian 0.0 0 2.5881242752075195 804.0703125 165.7801971435547 871.0571899414062 279.004638671875 0.82756096 1.7175885 0.5593026 3.5953786 1.4959527 11.090779 2.901611804962158 0.1917543262243271
Pedestrian 0.0 0 -0.5389072299003601 1051.5543212890625 169.22146606445312 1085.931396484375 234.55975341796875 0.54403174 1.5879878 0.46951824 11.388043 1.3154724 17.42465 0.03996610641479492 0.16518545150756836
Pedestrian 0.0 0 1.7317612171173096 13.86599063873291 174.34800720214844 39.18559646606445 231.50912475585938 0.52395874 1.8603212 0.57250684 -19.15293 1.6616482 23.376322 1.0453441143035889 0.1543082296848297
Pedestrian 0.0 0 -1.909883737564087 985.525146484375 144.66497802734375 1007.420654296875 186.91441345214844 0.61441016 1.9931948 0.75099903 18.648281 0.30406022 33.716442 -1.404670000076294 0.14932295680046082
Cyclist 0.0 0 -2.1387646198272705 973.0511474609375 146.1439208984375 1031.4095458984375 212.93206787109375 1.7845727 1.6745667 0.4450418 10.395001 0.81475747 18.626583 -1.6297441720962524 0.7371776103973389
Cyclist 0.0 0 -2.036177396774292 880.5101318359375 161.5848846435547 906.6663208007812 197.65936279296875 1.7531328 1.6585683 0.3960668 13.598268 0.79037917 33.391884 -1.649451494216919 0.2910090982913971
Car 0.0 0 1.684211015701294 438.5237731933594 172.12973022460938 478.67401123046875 200.41014099121094 4.454555 1.4986768 1.7182306 -8.177158 1.0565171 39.75911 1.4813718795776367 0.9013980627059937
Car 0.0 0 -0.8134396076202393 0.0 203.88401794433594 286.4568786621094 370.0 3.644899 1.4745961 1.538481 -3.2253637 1.6519126 3.4752386 -1.5615636110305786 0.8896628618240356
Car 0.0 0 3.256974220275879 43.109493255615234 182.1486358642578 118.06942749023438 206.44644165039062 3.8326666 1.5463967 1.6253815 -34.684063 1.6608908 46.87786 2.6199803352355957 0.17368803918361664
Car 0.0 0 3.341116428375244 1.0153887271881104 160.66668701171875 90.7540512084961 187.6159210205078 4.029781 1.5743306 1.6580412 -33.866665 0.41707474 42.948776 2.6734049320220947 0.1729503870010376
Car 0.0 0 1.1692248582839966 56.253658294677734 195.50277709960938 131.46580505371094 230.22772216796875 3.3199592 1.4378914 1.5993276 -23.27074 2.1542718 32.146393 0.5426387786865234 0.15546740591526031
