Pedestrian 0.0 0 -1.4931881427764893 596.5367431640625 160.3818817138672 620.0250244140625 220.10240173339844 0.86285275 1.7351094 0.63436294 0.18112236 1.1226826 21.324873 -1.4846948385238647 0.8626831769943237
Pedestrian 0.0 0 0.7983419895172119 886.6090087890625 134.30555725097656 1001.1585083007812 300.816650390625 0.9833644 1.8269796 0.7405673 3.9619958 1.3105123 8.465073 1.2360966205596924 0.7941988706588745
Pedestrian 0.0 0 -1.649921178817749 514.5346069335938 166.6586151123047 564.8519897460938 288.9402160644531 0.9582721 1.686183 0.6480615 -0.9558786 1.4828511 10.429926 -1.7413135766983032 0.7791574597358704
Pedestrian 0.0 0 -1.3641287088394165 568.3067016601562 162.29908752441406 592.4711303710938 221.96466064453125 0.72091377 1.7436057 0.58557206 -0.65043694 1.1836313 21.395485 -1.3945200443267822 0.7693101763725281
Pedestrian 0.0 0 -2.3988921642303467 457.703369140625 152.6040802001953 558.8743896484375 313.8509521484375 0.9324524 1.6991862 0.6571554 -1.0987823 1.3960478 8.103049 -2.5336711406707764 0.7581008076667786
Pedestrian 0.0 0 2.6394195556640625 502.5643005371094 161.40516662597656 539.4461669921875 235.4873046875 0.58986276 1.7435074 0.7665806 -1.985111 1.2717825 17.386492 2.5257363319396973 0.6822589635848999
Pedestrian 0.0 0 2.205972194671631 1137.1290283203125 133.40013122558594 1238.0 313.33935546875 0.8742966 1.7818358 0.5818544 6.171842 1.306899 7.4996395 2.894552230834961 0.6549097895622253
Pedestrian 0.0 0 1.380585789680481 376.6556701660156 169.08058166503906 415.4076843261719 253.45582580566406 1.0512209 1.9503276 0.70481324 -4.9705353 1.6644611 17.22994 1.0997288227081299 0.5085464119911194
Pedestrian 0.0 0 -1.946597695350647 628.6587524414062 157.49826049804688 652.199951171875 203.48582458496094 0.71179086 1.7804257 0.7123089 1.5118284 0.8522066 28.258392 -1.8931485414505005 0.5013518929481506
Pedestrian 0.0 0 -1.6354358196258545 197.176025390625 136.2807159423828 220.0005645751953 187.64022827148438 0.55364436 2.020199 0.7654196 -15.710838 0.2425324 28.691525 -2.1364173889160156 0.32447871565818787
Pedestrian 0.0 0 0.1755085438489914 502.93682861328125 165.10330200195312 516.912109375 187.74957275390625 1.0706391 1.8640546 0.53316694 -7.540589 0.51489735 59.417442 0.04927468299865723 0.28264865279197693
Pedestrian 0.0 0 -0.6277562379837036 1175.473388671875 135.743408203125 1238.0 270.5436706542969 0.56318605 1.6791848 0.6312226 7.898998 1.1105398 9.281985 0.07731986045837402 0.2770247161388397
Cyclist 0.0 0 2.2438805103302 1126.60595703125 134.76385498046875 1238.0 323.45892333984375 0.9854183 1.8596072 0.6135549 6.1118417 1.4003875 7.4805036 2.9289233684539795 0.13245262205600739
Car 0.0 0 1.981381893157959 0.0 154.6024169921875 428.17718505859375 374.0 4.565373 1.5882323 1.7404642 -2.752956 1.4637147 5.6774077 1.5298898220062256 0.9291614294052124
Car 0.0 0 1.8985848426818848 431.1961975097656 160.01742553710938 504.6680603027344 202.06045532226562 3.8913684 1.48109 1.5781238 -5.0095916 0.7253625 27.342934 1.7173811197280884 0.5526758432388306
Car 0.0 0 1.9221524000167847 251.6234588623047 161.67648315429688 337.1544494628906 203.10589599609375 4.1307807 1.4179648 1.5922726 -11.303267 0.74055636 26.685274 1.5214877128601074 0.3936592638492584
