Pedestrian 0.0 0 -2.092348337173462 429.6776123046875 171.3501434326172 454.3504333496094 208.8815460205078 0.9818166 1.6606479 0.6852339 -7.369535 1.2572623 31.872591 -2.3195738792419434 0.5940019488334656
Pedestrian 0.0 0 -1.3142036199569702 172.0270233154297 152.63287353515625 188.76358032226562 185.6935272216797 0.7106791 1.9720459 0.7086416 -25.59177 0.3111562 42.610485 -1.85506272315979 0.29936516284942627
Pedestrian 0.0 0 -2.313415765762329 969.959716796875 134.43905639648438 1018.8131103515625 204.7501220703125 1.1469339 1.8827603 0.55106795 10.717726 0.6509428 19.550766 -1.8119556903839111 0.2855028212070465
Pedestrian 0.0 0 2.9435081481933594 705.1209106445312 164.05035400390625 716.547607421875 185.46868896484375 0.901888 1.8658484 0.5298635 9.28061 0.434031 61.876095 3.0923852920532227 0.2532609701156616
Pedestrian 0.0 0 -1.9655839204788208 502.272705078125 164.72439575195312 521.72607421875 203.8206329345703 0.6852662 1.8213497 0.70127475 -4.413397 1.0878749 33.406227 -2.0969362258911133 0.2504294514656067
Pedestrian 0.0 0 -0.08182856440544128 359.19476318359375 176.07672119140625 371.37725830078125 199.63909912109375 0.84082556 1.7934368 0.5751748 -18.382627 1.4580196 54.24265 -0.4085772931575775 0.22751003503799438
Cyclist 0.0 0 -0.035337477922439575 733.82470703125 156.3887176513672 775.2012939453125 195.7542266845703 1.7862108 1.7332566 0.6129225 6.6464877 0.67310977 31.581167 0.17209267616271973 0.9385955929756165
Cyclist 0.0 0 -0.9407706260681152 333.51092529296875 176.04458618164062 375.8316345214844 223.53334045410156 1.8508921 1.8102396 0.6029511 -9.887069 1.6419098 27.920265 -1.28110933303833 0.8482706546783447
Cyclist 0.0 0 -3.215991735458374 673.563232421875 161.72679138183594 711.2086181640625 197.0561065673828 1.8322198 1.7547046 0.61686194 4.3599553 0.8237261 35.46406 -3.093665361404419 0.8482544422149658
Cyclist 0.0 0 -0.3759934902191162 586.42822265625 164.5748291015625 618.0446166992188 195.18017578125 1.8248777 1.8175633 0.5644262 -0.1698904 0.87318176 42.58511 -0.3799828886985779 0.6720879077911377
Car 0.0 0 -1.4527860879898071 484.33380126953125 176.3885955810547 537.9901733398438 214.29046630859375 3.5154388 1.3627634 1.6425987 -3.5666306 1.2164598 27.184814 -1.5832403898239136 0.9662119746208191
Car 0.0 0 -0.40997496247291565 878.208251953125 157.21035766601562 950.7055053710938 181.4961395263672 3.7533326 1.4595512 1.5575436 18.896008 0.061230104 43.27005 0.0017633438110351562 0.49540016055107117
Car 0.0 0 -0.5693747401237488 948.7943725585938 149.4582977294922 1032.0045166015625 175.54638671875 4.290871 1.5623425 1.6717274 23.778551 -0.31175807 43.699192 -0.07104044407606125 0.46047675609588623
Car 0.0 0 2.559583902359009 932.5220336914062 175.0361328125 1056.0189208984375 218.6925811767578 3.5288703 1.4610473 1.4679617 13.429221 1.2797269 24.532385 3.0604348182678223 0.3522382378578186
