Pedestrian 0.0 0 3.3463857173919678 439.6396179199219 172.3040008544922 459.25238037109375 220.03895568847656 0.5955153 1.782602 0.70054376 -6.113002 1.7624211 27.29703 3.1260766983032227 0.3127146065235138
Cyclist 0.0 0 -2.4175987243652344 652.1497192382812 168.18324279785156 699.6886596679688 218.1629638671875 1.8293442 1.7653081 0.53583777 2.34623 1.6006929 26.33078 -2.3287274837493896 0.663019061088562
Cyclist 0.0 0 -1.9158786535263062 634.182861328125 175.939453125 659.9246826171875 217.75755310058594 1.8046671 1.6680771 0.47745064 1.4772267 1.8000766 29.848974 -1.8664289712905884 0.6513436436653137
Car 0.0 0 2.057227611541748 76.50528717041016 195.00576782226562 257.30224609375 278.58984375 4.28236 1.5150234 1.6705134 -9.859277 2.0864956 16.416422 1.5163860321044922 0.9546555280685425
Car 0.0 0 -1.4305635690689087 458.0175476074219 178.64224243164062 539.7838745117188 245.6222686767578 4.008385 1.6537373 1.7065924 -3.0399203 1.8320788 20.17186 -1.5801390409469604 0.9399781227111816
Car 0.0 0 1.9421318769454956 316.729736328125 188.58099365234375 381.9062194824219 221.8207550048828 4.0096617 1.4662367 1.6981205 -12.87211 2.2904425 35.768375 1.5966877937316895 0.7744213342666626
Car 0.0 0 -1.7071151733398438 577.837890625 178.61000061035156 611.1054077148438 204.37380981445312 3.8463073 1.564238 1.6394805 -1.0780447 1.9536703 46.740536 -1.730175495147705 0.41552504897117615
Car 0.0 0 1.6804606914520264 177.79434204101562 188.18321228027344 205.7559814453125 206.96975708007812 4.3581524 1.5422958 1.7274605 -37.882343 2.981853 65.3973 1.15542733669281 0.31374239921569824
Car 0.0 0 1.8251593112945557 438.027587890625 184.76454162597656 476.1807556152344 208.29315185546875 4.136959 1.5289049 1.6575743 -10.807675 2.4078615 51.11821 1.6168025732040405 0.2832377851009369
Car 0.0 0 1.8223063945770264 254.47854614257812 185.7003936767578 308.0494689941406 217.1885528564453 3.8992167 1.4784446 1.6218745 -17.100555 2.1853056 37.618015 1.3956468105316162 0.2540930211544037
