Pedestrian 0.0 0 3.128598928451538 118.70679473876953 170.26388549804688 180.28944396972656 313.7506103515625 0.6226178 1.6860057 0.66896504 -5.752867 1.655929 8.926308 2.5561108589172363 0.41748443245887756
Pedestrian 0.0 0 1.413750410079956 767.8887939453125 118.04426574707031 818.1384887695312 229.6374969482422 0.72492886 1.780378 0.6950586 2.952817 0.9062917 11.899823 1.6569772958755493 0.4145340025424957
Pedestrian 0.0 0 1.674085021018982 571.6839599609375 173.04571533203125 580.4390258789062 199.3253936767578 1.4730787 1.7856281 0.45556474 -2.366782 1.7994117 49.782654 1.626578450202942 0.2462068498134613
Cyclist 0.0 0 -2.9869754314422607 704.748046875 176.32247924804688 735.7903442382812 209.08982849121094 1.671782 1.848124 0.71316326 6.29622 2.0503974 41.409714 -2.8360841274261475 0.4442528486251831
Cyclist 0.0 0 1.7741544246673584 243.82083129882812 172.97352600097656 283.1477966308594 246.81024169921875 1.4963466 1.6478146 0.5419201 -8.14255 1.6511029 16.893995 1.3250272274017334 0.34328389167785645
Cyclist 0.0 0 1.7278419733047485 570.6428833007812 172.94918823242188 581.0994262695312 199.3903045654297 1.5613912 1.7973709 0.4850955 -2.3821545 1.8044112 49.85303 1.6800947189331055 0.33087095618247986
Car 0.0 0 -1.878010630607605 742.51416015625 178.9345245361328 964.6700439453125 337.57965087890625 3.2095256 1.5510794 1.5886072 2.6684835 1.6391417 8.790066 -1.58327317237854 0.9667400121688843
Car 0.0 0 -1.2160061597824097 285.994873046875 182.48324584960938 448.6973571777344 289.63116455078125 3.9926555 1.715437 1.665172 -4.5202 1.9289813 13.9427395 -1.5295119285583496 0.9514583945274353
Car 0.0 0 -1.6996853351593018 662.05029296875 177.41502380371094 723.3941040039062 227.09365844726562 3.5718021 1.5343798 1.5982808 2.6792161 1.7004728 24.4147 -1.590384840965271 0.950501024723053
Car 0.0 0 1.7655633687973022 449.1491394042969 182.5959930419922 512.6014404296875 226.9583282470703 3.8571575 1.5423434 1.6967697 -4.9488206 1.9454377 27.881355 1.5898971557617188 0.9341030716896057
Car 0.0 0 -0.9389445185661316 0.0 218.01187133789062 244.1800537109375 375.0 4.118282 1.476784 1.6565093 -4.230709 1.912772 4.8344545 -1.6578402519226074 0.9138297438621521
Car 0.0 0 1.701499342918396 507.8866271972656 180.857177734375 543.753662109375 210.24664306640625 4.03989 1.6620159 1.6582915 -5.1098123 2.1723197 43.940086 1.5857288837432861 0.6801663041114807
