Pedestrian 0.0 0 1.1101126670837402 891.665771484375 139.42628479003906 934.8402709960938 201.54449462890625 1.1981212 1.8760699 0.78312224 9.35741 0.86685693 22.412146 1.5056265592575073 0.33387067914009094
Pedestrian 0.0 0 -0.037752389907836914 514.7494506835938 177.0805206298828 523.3221435546875 201.42042541503906 0.56017286 1.6534992 0.60459614 -6.269076 1.9457083 49.477306 -0.1637868732213974 0.12182562053203583
Pedestrian 0.0 0 2.423509120941162 1169.7884521484375 127.68782043457031 1242.0 241.721435546875 0.71125203 1.766202 0.59349877 9.442133 1.0670065 11.479946 3.1118133068084717 0.11672212183475494
Cyclist 0.0 0 0.8204898238182068 888.9451904296875 146.04978942871094 937.9107055664062 203.78164672851562 1.447004 1.7413929 0.5758936 9.414101 0.93324316 22.539804 1.2161318063735962 0.21362337470054626
Car 0.0 0 3.486980438232422 131.99913024902344 173.489990234375 214.96299743652344 201.9200897216797 3.6378474 1.5478258 1.663719 -24.474909 1.5849242 40.5062 2.9434592723846436 0.2607289254665375
Car 0.0 0 1.989233136177063 709.9312744140625 177.8574676513672 744.1294555664062 195.20596313476562 4.0335703 1.5069278 1.5878232 10.718476 1.979821 66.01813 2.1501853466033936 0.21905294060707092
Car 0.0 0 -1.054745078086853 93.63330078125 163.17117309570312 287.6703796386719 253.29664611816406 4.478965 1.742667 1.7499825 -9.159649 1.5557975 16.18942 -1.5696226358413696 0.15387563407421112
Car 0.0 0 1.6654750108718872 414.7575378417969 173.39007568359375 464.5538024902344 211.8821563720703 4.273322 1.5044558 1.6496689 -7.1630354 1.529124 30.4893 1.4347236156463623 0.1531030237674713
Car 0.0 0 1.6032458543777466 764.5250244140625 177.5069580078125 785.8192749023438 197.72149658203125 3.947726 1.5782894 1.583978 13.603308 1.975421 59.414795 1.8283214569091797 0.1446806788444519
Car 0.0 0 1.7486506700515747 658.934326171875 173.68211364746094 685.6124877929688 190.36488342285156 4.322697 1.4485852 1.6640711 5.6403484 1.5263985 65.181564 1.8349685668945312 0.1302880346775055
