Pedestrian 0.0 0 0.5100652575492859 916.94775390625 112.91516876220703 1099.11181640625 374.0 0.7689208 1.6921391 0.6246978 2.4250352 1.3190013 4.4119496 1.0126409530639648 0.8224116563796997
Pedestrian 0.0 0 -0.6204094886779785 697.659912109375 169.32591247558594 727.934326171875 218.3321075439453 0.7844998 1.622601 0.6383343 3.7320502 1.2206013 24.243263 -0.4676668047904968 0.7145764231681824
Pedestrian 0.0 0 1.4334245920181274 751.994384765625 162.83389282226562 771.0105590820312 210.48614501953125 0.9001598 1.7927929 0.59075725 6.1014314 1.0915593 27.495394 1.6517934799194336 0.6912815570831299
Pedestrian 0.0 0 0.09703747183084488 523.6475219726562 160.60865783691406 565.079833984375 249.31680297851562 0.7694302 1.7239931 0.57401955 -1.1633371 1.3192341 14.250795 0.015584945678710938 0.6649102568626404
Pedestrian 0.0 0 1.788952350616455 500.82470703125 153.11569213867188 564.1273193359375 301.05682373046875 1.0388604 1.87977 0.64328945 -0.95405066 1.5204476 9.678869 1.6906993389129639 0.6435505747795105
Pedestrian 0.0 0 2.67134952545166 533.7525024414062 159.506103515625 573.6655883789062 242.5315704345703 0.643157 1.6856234 0.5673238 -1.0362114 1.2403345 14.989911 2.60233211517334 0.6077312231063843
Pedestrian 0.0 0 -0.8762021064758301 692.02783203125 160.18887329101562 716.885498046875 206.44358825683594 0.7117936 1.7879722 0.6667004 4.0331993 0.96521044 28.250498 -0.7343947887420654 0.5538610219955444
Pedestrian 0.0 0 -2.1917271614074707 836.2542114257812 142.7759246826172 939.6682739257812 333.4911804199219 0.6829313 1.7804859 0.6798809 2.7732432 1.42034 7.118454 -1.8202314376831055 0.4400021731853485
Pedestrian 0.0 0 -2.092395305633545 897.9908447265625 180.09933471679688 970.9662475585938 307.1310729980469 0.71158546 1.7449945 0.67845225 4.6924176 1.7270759 10.250469 -1.6630938053131104 0.3611186742782593
Pedestrian 0.0 0 -1.280961036682129 566.663330078125 178.41737365722656 584.6724853515625 217.92678833007812 1.1150328 1.5597632 0.42627677 -1.0500348 1.4390745 28.949167 -1.3172167539596558 0.19601410627365112
Cyclist 0.0 0 -1.280961036682129 566.663330078125 178.41737365722656 584.6724853515625 217.92678833007812 1.1150328 1.5597632 0.42627677 -1.0500348 1.4390745 28.949167 -1.3172167539596558 0.2860468029975891
Cyclist 0.0 0 1.460195779800415 907.8530883789062 171.9674530029297 965.5533447265625 296.89215087890625 1.6121179 1.6198549 0.55347276 4.665857 1.497581 10.163974 1.890557050704956 0.2689853608608246
Car 0.0 0 1.9097492694854736 311.20684814453125 142.5452423095703 531.0064697265625 291.1637878417969 4.5175667 1.8200967 1.8296164 -2.515068 1.3443669 11.144795 1.6877952814102173 0.38528972864151
Car 0.0 0 1.6400943994522095 499.8798828125 150.11322021484375 572.8070068359375 220.5218048095703 3.7838917 1.6150218 1.5934436 -1.602011 0.89628625 18.380157 1.5531543493270874 0.3722807466983795
Car 0.0 0 -1.622175693511963 677.6116333007812 163.33091735839844 705.6657104492188 189.05865478515625 3.6572256 1.5857745 1.5952461 5.7668695 0.4666284 46.15513 -1.4978744983673096 0.26047733426094055
