Pedestrian 0.0 0 1.5543122291564941 596.1636962890625 157.70948791503906 609.3198852539062 194.66041564941406 0.8094435 1.7693559 0.6227683 -0.3938109 1.0445348 34.960514 1.5430482625961304 0.45164060592651367
Cyclist 0.0 0 2.1650896072387695 0.0 151.70396423339844 234.0891571044922 375.0 1.6912076 1.6443162 0.5334282 -2.9268155 1.5472096 4.1723967 1.5533770322799683 0.5971283912658691
Car 0.0 0 -1.7146905660629272 612.4558715820312 180.9764404296875 683.55322265625 239.5056610107422 3.4223835 1.5758971 1.6416912 1.016647 1.840658 21.702126 -1.667879343032837 0.9713537693023682
Car 0.0 0 1.9177898168563843 116.40074920654297 196.87303161621094 348.053955078125 327.7818298339844 4.36832 1.4671787 1.7248888 -5.545904 1.9154116 11.183836 1.4574390649795532 0.9533966183662415
Car 0.0 0 -1.425342082977295 402.44708251953125 190.0419921875 458.89764404296875 232.73577880859375 3.6116135 1.4110931 1.5592017 -6.7372756 2.104693 27.226059 -1.6679258346557617 0.9381580948829651
Car 0.0 0 -1.920727014541626 708.7765502929688 174.81651306152344 926.9691162109375 310.9548645019531 3.6121907 1.4557815 1.5725635 2.4648743 1.4874738 9.642375 -1.6704572439193726 0.932197630405426
Car 0.0 0 -1.652711033821106 583.9098510742188 181.37689208984375 625.6712036132812 218.90174865722656 3.2782466 1.5295421 1.5723449 -0.31575906 1.9267077 31.886177 -1.6626133918762207 0.9044675230979919
Car 0.0 0 -1.0396398305892944 0.0 207.08978271484375 215.46778869628906 375.0 3.994214 1.4265599 1.5966061 -4.907107 1.807409 5.9169645 -1.7320098876953125 0.8682177662849426
Car 0.0 0 -2.496542453765869 985.455322265625 189.26446533203125 1242.0 375.0 3.6434915 1.4890755 1.5651058 2.7646136 1.5784847 2.0892816 -1.5728998184204102 0.5627579689025879
Car 0.0 0 -0.3680925965309143 740.3099365234375 173.41770935058594 880.4263916015625 226.37657165527344 3.6877637 1.503558 1.6110657 5.8627357 1.5214818 21.492245 -0.10178794711828232 0.5549675226211548
Car 0.0 0 -1.4503732919692993 428.9358825683594 184.3931121826172 472.10650634765625 218.97023010253906 4.0483527 1.5652013 1.6376753 -7.9658656 2.177212 36.1501 -1.6672624349594116 0.5389822125434875
