Pedestrian 0.0 0 3.0485169887542725 262.2442321777344 130.84059143066406 394.7787780761719 374.0 0.7506341 1.6854795 0.5882563 -1.8420377 1.3868566 4.6836286 2.6738059520721436 0.7316393256187439
Pedestrian 0.0 0 2.1555333137512207 283.29461669921875 168.05886840820312 316.566650390625 222.44793701171875 0.8799489 1.7412485 0.62200123 -9.87515 1.3120339 23.484707 1.7574864625930786 0.6374622583389282
Pedestrian 0.0 0 -0.04118833690881729 628.4707641601562 157.59664916992188 670.4237060546875 206.90625 1.4892199 1.7635585 0.6942946 1.709071 0.90970814 26.053795 0.024315595626831055 0.26477137207984924
Pedestrian 0.0 0 -1.727246880531311 755.1858520507812 155.7640380859375 771.3433227539062 197.9815216064453 0.49494386 1.9270618 0.6553427 7.432641 0.7532491 33.054695 -1.5060667991638184 0.2636222839355469
Pedestrian 0.0 0 1.4658524990081787 583.9129638671875 121.09788513183594 614.6205444335938 208.16175842285156 0.7211799 1.8169782 0.58236545 -0.090772085 0.5576518 15.379255 1.45995032787323 0.20309707522392273
Pedestrian 0.0 0 2.4157297611236572 0.0 211.48423767089844 104.33263397216797 374.0 0.6577342 1.2936164 0.42488876 -3.4064295 1.4843 4.173198 1.7311503887176514 0.178233802318573
Pedestrian 0.0 0 -0.8561564683914185 739.7164916992188 159.63070678710938 759.9263305664062 204.48434448242188 0.5441305 2.017305 0.7223925 6.7533464 1.0346683 32.756886 -0.6528394222259521 0.17176128923892975
Pedestrian 0.0 0 -2.068830728530884 0.0 162.19305419921875 26.118976593017578 224.9377899169922 0.5393405 1.9678949 0.726032 -18.99503 1.3634682 22.964231 -2.7599129676818848 0.16435430943965912
Pedestrian 0.0 0 1.8058700561523438 239.24114990234375 149.3340301513672 268.6315612792969 213.84083557128906 0.5432901 1.9681717 0.7141151 -10.788334 0.98787105 22.256496 1.3545149564743042 0.15750229358673096
Pedestrian 0.0 0 0.8639246821403503 1104.763427734375 162.6472625732422 1150.3616943359375 238.22055053710938 0.6259292 1.722262 0.58932704 12.190466 1.2938331 16.70227 1.4944168329238892 0.135219544172287
Pedestrian 0.0 0 2.191518545150757 178.82656860351562 153.29478454589844 214.1349639892578 216.93849182128906 0.5654405 1.8915122 0.73710895 -12.238219 1.0543709 21.666855 1.6773563623428345 0.1301630586385727
Cyclist 0.0 0 2.8540942668914795 625.1671142578125 153.87960815429688 676.7922973632812 204.4730224609375 1.742101 1.7877941 0.65346354 1.7591137 0.81284493 25.889505 2.9219369888305664 0.661676824092865
Car 0.0 0 -0.10696922242641449 362.8648681640625 195.49366760253906 650.2587280273438 320.3676452636719 3.5145006 1.4113047 1.523621 -1.3083156 1.6211376 9.538911 -0.24327442049980164 0.9385330080986023
Car 0.0 0 -0.10812161862850189 349.3756103515625 175.38970947265625 574.3582153320312 262.54815673828125 4.1187453 1.5404027 1.6126484 -2.770353 1.4336858 14.076076 -0.3024507761001587 0.18587081134319305
