Pedestrian 0.0 0 2.5756537914276123 270.04095458984375 173.50718688964844 306.6986083984375 230.546875 0.7484111 1.6769075 0.7008614 -9.564569 1.4728916 21.28681 2.1533663272857666 0.775582492351532
Pedestrian 0.0 0 3.0487804412841797 361.2859802246094 163.45245361328125 387.0565185546875 220.80172729492188 0.6635191 1.6606233 0.6752063 -6.8647275 1.1685579 20.91043 2.7315738201141357 0.6730433106422424
Pedestrian 0.0 0 0.7531353235244751 245.07420349121094 172.51707458496094 288.8037414550781 238.06991577148438 0.84731483 1.7710501 0.6925316 -9.381097 1.5569558 19.555235 0.30584049224853516 0.6232944130897522
Pedestrian 0.0 0 1.741528034210205 395.5491027832031 154.5279998779297 433.92926025390625 235.21749877929688 1.2212293 2.0091214 0.7628937 -4.9298234 1.3640292 18.243597 1.4776091575622559 0.5760645866394043
Pedestrian 0.0 0 -0.6363389492034912 196.40362548828125 181.90576171875 236.1184539794922 239.72552490234375 0.832452 1.7752764 0.71805614 -12.265241 1.8221354 22.257679 -1.1399929523468018 0.47941872477531433
Pedestrian 0.0 0 3.187211275100708 537.3113403320312 161.15866088867188 599.2634887695312 224.67239379882812 1.7901608 1.8353279 0.5823869 -1.0969462 1.2779988 20.723999 3.134329319000244 0.2896328270435333
Cyclist 0.0 0 -0.5502898693084717 941.1563720703125 142.58323669433594 1008.8694458007812 201.07635498046875 1.8266437 1.790652 0.5932725 11.472318 0.6314622 21.999386 -0.06960350275039673 0.8567746877670288
Cyclist 0.0 0 -0.11584842205047607 1019.4906005859375 137.40806579589844 1112.20361328125 213.7431640625 1.7768176 1.7345755 0.6097118 10.8239355 0.757 16.727974 0.4584543704986572 0.8033726215362549
Cyclist 0.0 0 -0.4852309226989746 756.4910278320312 157.72052001953125 802.5000610351562 196.30142211914062 1.9509532 1.7113085 0.6208118 7.851298 0.7023602 31.893908 -0.24386093020439148 0.684402346611023
Cyclist 0.0 0 3.187211275100708 537.3113403320312 161.15866088867188 599.2634887695312 224.67239379882812 1.7901608 1.8353279 0.5823869 -1.0969462 1.2779988 20.723999 3.134329319000244 0.6207892894744873
Cyclist 0.0 0 -0.42725858092308044 279.6378479003906 168.0602569580078 363.435546875 238.99746704101562 1.9233983 1.7343329 0.6083035 -7.3015356 1.4317937 18.187387 -0.8090242147445679 0.5860238671302795
Cyclist 0.0 0 -1.4442662000656128 849.5847778320312 153.07772827148438 868.3659057617188 198.54318237304688 1.7660773 1.8004746 0.50595915 10.367564 0.71602523 28.89652 -1.0997889041900635 0.37287813425064087
Cyclist 0.0 0 -2.667703628540039 1011.9176025390625 149.5162353515625 1064.1214599609375 193.82403564453125 1.7331109 1.6924205 0.46163562 17.01945 0.51044416 27.861895 -2.1193439960479736 0.3565945327281952
Car 0.0 0 -1.3192551136016846 360.86883544921875 179.61373901367188 493.25262451171875 266.778564453125 3.745621 1.4489238 1.5687846 -3.3003526 1.4358423 13.631777 -1.5567916631698608 0.9833127856254578
Car 0.0 0 1.7069101333618164 474.4384460449219 169.71511840820312 501.3414306640625 189.09886169433594 3.6795325 1.4330912 1.5491614 -8.921099 0.63700867 54.129192 1.5435672998428345 0.6419110894203186
Car 0.0 0 -0.5164961218833923 1016.4024047851562 147.64234924316406 1127.1402587890625 185.5616912841797 3.5262332 1.5289357 1.5720476 19.321215 0.20558417 29.40245 0.06487464904785156 0.534051775932312
