Pedestrian 0.0 0 1.015313982963562 665.4111328125 173.6636505126953 686.3834838867188 205.95486450195312 0.9838544 1.6730622 0.6831618 3.4303193 1.716734 38.003994 1.1053321361541748 0.630189061164856
Pedestrian 0.0 0 2.2172598838806152 856.8012084960938 163.47874450683594 884.6947021484375 222.78656005859375 0.46236357 1.7927225 0.6625957 7.978472 1.5096908 22.211287 2.5621142387390137 0.2595193088054657
Pedestrian 0.0 0 -1.8520773649215698 722.6314697265625 172.87246704101562 737.8472900390625 202.77633666992188 1.6383108 1.6270914 0.39221036 6.6381807 1.628497 40.09415 -1.6880009174346924 0.10427241027355194
Cyclist 0.0 0 -1.8520773649215698 722.6314697265625 172.87246704101562 737.8472900390625 202.77633666992188 1.6383108 1.6270914 0.39221036 6.6381807 1.628497 40.09415 -1.6880009174346924 0.3238894045352936
Car 0.0 0 2.0694961547851562 63.639678955078125 192.50497436523438 313.7319641113281 327.6141052246094 3.1563332 1.4546267 1.5912827 -5.5118155 1.7656524 9.815915 1.557852864265442 0.9713143706321716
Car 0.0 0 -1.9008277654647827 749.01806640625 187.284912109375 939.0196533203125 307.0578918457031 3.5366964 1.431394 1.5907209 3.239026 1.6848328 10.852445 -1.6107839345932007 0.9708949327468872
Car 0.0 0 -2.161228895187378 829.7735595703125 185.38795471191406 1242.0 375.0 3.93576 1.4641345 1.6334362 3.1409361 1.5945487 5.464807 -1.6395772695541382 0.9443952441215515
Car 0.0 0 1.9223699569702148 248.3926239013672 184.42623901367188 405.3166198730469 273.8182373046875 3.937698 1.490467 1.6572134 -5.5344915 1.7554761 14.51929 1.5581905841827393 0.9334656596183777
Car 0.0 0 0.8273500204086304 472.0369873046875 178.54542541503906 531.7102661132812 203.59584045410156 3.6485183 1.437986 1.524365 -6.641218 1.7986869 43.942867 0.6773521900177002 0.6742822527885437
Car 0.0 0 2.82558274269104 681.0239868164062 174.1180419921875 729.42578125 191.8540496826172 3.731899 1.4591401 1.5583481 7.964515 1.5676563 60.626076 2.9562058448791504 0.4560600519180298
Car 0.0 0 1.7174676656723022 261.214599609375 177.99658203125 317.2452697753906 216.39886474609375 4.202464 1.5633317 1.6885461 -14.279528 1.8094149 32.22371 1.30033540725708 0.39662137627601624
