Cyclist 0.0 0 2.863548755645752 744.51806640625 156.14024353027344 792.1959228515625 199.5111846923828 1.7888484 1.7428161 0.63716143 6.3951297 1.0715493 29.366285 3.077972173690796 0.7218832969665527
Cyclist 0.0 0 -3.2778077125549316 777.78662109375 173.7583770751953 844.8292236328125 227.0072784423828 1.9738791 1.6591345 0.7420823 6.3472743 1.6889427 22.994684 -3.0084822177886963 0.25604599714279175
Car 0.0 0 2.684512138366699 874.5634155273438 173.0751495361328 1029.6768798828125 226.58860778808594 3.6522496 1.4478801 1.5205554 9.511445 1.4547114 20.32143 3.12227463722229 0.9129465818405151
Car 0.0 0 2.450221061706543 1030.060791015625 159.71942138671875 1230.5687255859375 217.06980895996094 4.5696297 1.5405186 1.6975721 14.561657 1.1880617 20.38794 3.0704329013824463 0.8809596300125122
Car 0.0 0 0.6140201687812805 0.0 187.4037628173828 215.4445343017578 264.3265380859375 4.4627333 1.8993187 1.8142862 -13.212469 2.3033519 19.089619 0.008596658706665039 0.5186100602149963
Car 0.0 0 2.390697479248047 0.0 201.33872985839844 111.59288024902344 246.27865600585938 3.7684484 1.4775184 1.5974568 -21.829689 2.6708674 28.22832 1.7324340343475342 0.4690779447555542
Car 0.0 0 1.2957922220230103 193.46218872070312 191.275146484375 272.50201416015625 231.99179077148438 4.4016714 1.3806583 1.6286595 -15.030241 2.1656194 28.57245 0.811530590057373 0.42746129631996155
Car 0.0 0 3.083812713623047 593.032958984375 179.5076904296875 670.4674682617188 210.27769470214844 3.8717573 1.5224156 1.6144879 1.035971 1.8713704 36.935265 3.11185359954834 0.30708685517311096
Car 0.0 0 -1.5249146223068237 400.4485778808594 162.60711669921875 440.6152648925781 199.8043975830078 3.56705 1.5769286 1.5889019 -8.52067 1.1428837 32.496056 -1.7813481092453003 0.29904571175575256
Car 0.0 0 -0.0982183888554573 591.6835327148438 169.79135131835938 657.4589233398438 197.23960876464844 3.693606 1.5661452 1.6534054 0.78602916 1.3917539 42.137695 -0.07956672459840775 0.2415490448474884
Car 0.0 0 1.4676704406738281 684.9773559570312 173.79318237304688 719.8600463867188 201.8597412109375 3.5406008 1.4516134 1.5157032 4.9450207 1.5053531 39.22179 1.593087077140808 0.2184554785490036
