Pedestrian 0.0 0 -0.2888113856315613 593.5192260742188 158.45228576660156 604.953857421875 189.8045196533203 0.5490143 1.9892815 0.7204964 -0.72299075 1.0758584 46.204395 -0.30445775389671326 0.4123810827732086
Pedestrian 0.0 0 1.7011008262634277 714.6586303710938 151.4778594970703 746.7940063476562 221.74136352539062 0.8390919 1.7660248 0.7178481 3.0771222 1.2291082 18.63815 1.8647228479385376 0.24899613857269287
Pedestrian 0.0 0 2.1404826641082764 613.6892700195312 180.60072326660156 639.3536376953125 230.07662963867188 0.70020354 1.6268848 0.5792541 0.514163 1.8932015 24.316786 2.161623954772949 0.20406095683574677
Pedestrian 0.0 0 1.7615277767181396 0.0 186.4814910888672 34.987117767333984 250.51829528808594 1.562455 1.7465155 0.5204642 -17.151691 2.1556816 20.831856 1.072716474533081 0.10482916235923767
Cyclist 0.0 0 1.7615277767181396 0.0 186.4814910888672 34.987117767333984 250.51829528808594 1.562455 1.7465155 0.5204642 -17.151691 2.1556816 20.831856 1.072716474533081 0.23157857358455658
Car 0.0 0 -1.8048125505447388 446.3802795410156 185.763427734375 540.1165161132812 250.85922241210938 3.6706562 1.4843968 1.6397809 -3.253524 1.8653104 19.257593 -1.972179651260376 0.9680795669555664
Car 0.0 0 -1.4807106256484985 227.7721405029297 188.67442321777344 290.43829345703125 238.2721710205078 4.098737 1.5676227 1.6993059 -12.804318 2.1962645 26.434647 -1.9317814111709595 0.9169055819511414
Car 0.0 0 -1.7358102798461914 402.99749755859375 187.43263244628906 460.5269775390625 230.46890258789062 4.034654 1.5469297 1.6355753 -7.4109697 2.1890373 29.583172 -1.981271743774414 0.8940762877464294
Car 0.0 0 -1.7619528770446777 425.4342041015625 184.5040283203125 491.5329284667969 235.60208129882812 3.5083344 1.5866354 1.6091816 -5.3984947 2.025235 25.210373 -1.9729048013687134 0.8244872093200684
Car 0.0 0 -1.6296268701553345 384.59552001953125 185.5173797607422 416.3984680175781 213.25099182128906 3.41613 1.4574506 1.5518705 -12.1125145 2.2188778 41.492153 -1.9136571884155273 0.6132033467292786
Car 0.0 0 1.7457475662231445 0.0 158.97817993164062 231.0825958251953 366.6020812988281 4.293611 1.7952304 1.6737095 -5.6588106 1.6756103 8.538494 1.1604676246643066 0.23767919838428497
