Cyclist 0.0 0 1.4851957559585571 629.5504760742188 171.27467346191406 643.4073486328125 201.1973114013672 1.723764 1.7115467 0.66126496 1.504551 1.6215688 42.145855 1.5208792686462402 0.8023004531860352
Car 0.0 0 -1.2414426803588867 294.85595703125 185.1776580810547 512.2531127929688 336.36968994140625 3.664927 1.5337003 1.5971763 -2.5086412 1.7287004 9.508593 -1.4993938207626343 0.9824605584144592
Car 0.0 0 -1.6795250177383423 713.1827392578125 183.7130584716797 792.7379150390625 261.505615234375 2.9538474 1.6101564 1.4924824 3.213173 1.8878043 16.890602 -1.4915368556976318 0.9312316179275513
Car 0.0 0 -2.839165687561035 365.69281005859375 176.79513549804688 495.95556640625 223.09005737304688 3.7504084 1.4144692 1.5649375 -5.7192054 1.5458258 23.087496 -3.081996202468872 0.8788619637489319
Car 0.0 0 1.6166867017745972 541.7427368164062 172.50875854492188 589.4376220703125 218.92034912109375 4.1744885 1.7458206 1.7383314 -1.7723507 1.7331922 29.238407 1.5561435222625732 0.8574903011322021
Car 0.0 0 -1.612298607826233 700.64404296875 184.03585815429688 758.7963256835938 240.8851318359375 3.4271023 1.5135227 1.5651988 3.4831564 1.878104 21.706158 -1.4531865119934082 0.8354882597923279
Car 0.0 0 2.5597410202026367 0.0 157.9248046875 261.3354797363281 375.0 3.8670034 1.4999036 1.6044263 -2.9718459 1.4948685 2.238568 1.6345279216766357 0.7415271401405334
Car 0.0 0 1.491046667098999 664.8338623046875 178.65931701660156 692.3826293945312 200.7633056640625 4.4183445 1.5509073 1.6983067 5.066655 2.0037088 54.01046 1.584581732749939 0.6835966110229492
Car 0.0 0 0.13214677572250366 496.7197570800781 168.83937072753906 563.5509643554688 198.6351318359375 3.5327184 1.6314226 1.6282103 -4.4665422 1.4119655 40.356606 0.021918535232543945 0.669786274433136
Car 0.0 0 -2.65291690826416 0.0 0.0 1242.0 375.0 3.7492769 1.4752345 1.5740222 2.6326873 1.5925905 1.6371486 -1.6384549140930176 0.42209091782569885
