Pedestrian 0.0 0 3.4231173992156982 243.14825439453125 155.94932556152344 301.29644775390625 262.5799560546875 0.78708035 1.7881801 0.5492184 -5.8593946 1.505049 12.430772 2.9826414585113525 0.22857937216758728
Pedestrian 0.0 0 0.9710838794708252 105.59518432617188 154.7770538330078 159.57949829101562 232.84713745117188 0.845274 1.5967271 0.56853974 -10.090142 1.2273667 15.176491 0.3843376636505127 0.19471904635429382
Pedestrian 0.0 0 -0.577272891998291 409.52264404296875 158.51072692871094 434.3970642089844 209.04959106445312 0.7230167 1.9147735 0.58925664 -7.2873387 1.3717058 27.799955 -0.8336396217346191 0.18578118085861206
Pedestrian 0.0 0 -1.1806739568710327 209.01779174804688 110.28089904785156 285.3661193847656 260.5163879394531 0.67693865 1.8079721 0.64805377 -4.583763 1.0553093 9.043408 -1.6497963666915894 0.17236311733722687
Pedestrian 0.0 0 2.089665651321411 441.8535461425781 158.47377014160156 466.3960876464844 204.93870544433594 1.033991 1.9035095 0.56471676 -6.545021 1.3147585 30.134108 1.875791072845459 0.1673613339662552
Cyclist 0.0 0 1.0076510906219482 97.62863159179688 160.35354614257812 161.3301544189453 238.2657470703125 1.2402372 1.5928558 0.5400587 -10.206536 1.3376513 15.246934 0.41774773597717285 0.12934130430221558
Car 0.0 0 -0.20801472663879395 670.7274780273438 180.26123046875 792.7567138671875 218.9232177734375 4.435897 1.4378262 1.6860327 4.6415806 1.7366749 28.13235 -0.04449702054262161 0.979876697063446
Car 0.0 0 -3.1744587421417236 643.2555541992188 180.14132690429688 699.41748046875 202.2654571533203 3.8414807 1.4963485 1.6469822 4.2165933 2.0142794 50.323708 -3.090864658355713 0.8041025996208191
Car 0.0 0 -0.5057727098464966 742.2896728515625 176.0867156982422 804.4135131835938 198.2904052734375 4.06565 1.5379349 1.6233472 11.671391 1.776048 51.715527 -0.28380686044692993 0.19154836237430573
Car 0.0 0 0.35811683535575867 645.7859497070312 175.715576171875 701.0407104492188 196.7251434326172 3.791027 1.5152221 1.6250651 4.716662 1.7359233 54.006744 0.44523048400878906 0.1299235224723816
