Car 0.0 0 -1.912653923034668 764.80517578125 183.97776794433594 978.5244750976562 310.0830993652344 4.126833 1.4539257 1.6082655 3.5489569 1.6523815 10.765111 -1.5942020416259766 0.970465898513794
Car 0.0 0 -2.1470322608947754 884.4818725585938 193.4713897705078 1242.0 375.0 3.7960498 1.4320154 1.610223 3.6027865 1.6463491 5.5849805 -1.5741199254989624 0.965394139289856
Car 0.0 0 -1.801936388015747 723.1844482421875 181.8493194580078 840.7913208007812 263.4852600097656 3.98118 1.5231805 1.6055031 3.5785615 1.7466908 15.898558 -1.5805389881134033 0.9584459066390991
Car 0.0 0 1.9700329303741455 145.58590698242188 191.77130126953125 381.80865478515625 325.2606201171875 3.926325 1.478516 1.6548607 -4.786794 1.8072324 10.536463 1.543602705001831 0.9526006579399109
Car 0.0 0 1.8624072074890137 319.4750671386719 188.14633178710938 452.2204284667969 266.73919677734375 4.2714367 1.4066387 1.6021624 -4.787526 1.7888893 15.879377 1.5695809125900269 0.9519866108894348
Car 0.0 0 1.7610198259353638 484.4498596191406 181.16397094726562 534.1887817382812 218.4224090576172 3.2807617 1.5130421 1.5749977 -4.4128075 1.8981657 31.726559 1.6228177547454834 0.9398298263549805
Car 0.0 0 -1.7204749584197998 707.7284545898438 181.02525329589844 782.5460815429688 236.76075744628906 3.8136508 1.462394 1.6074923 3.8662317 1.7272522 21.423933 -1.5419334173202515 0.9217610359191895
Car 0.0 0 2.3128256797790527 0.0 203.13336181640625 192.5498504638672 375.0 3.8877966 1.4762492 1.5714427 -4.727569 1.7628179 4.850491 1.5402604341506958 0.8223438858985901
Car 0.0 0 1.7580084800720215 503.8538513183594 179.631591796875 551.73046875 212.7469940185547 4.198478 1.5300345 1.6447575 -4.114449 1.892302 36.371193 1.6453635692596436 0.7470872402191162
Car 0.0 0 -1.7363866567611694 690.0006713867188 179.70721435546875 751.4779663085938 222.91197204589844 4.0830927 1.4509158 1.5974171 4.004712 1.7266629 26.935875 -1.588792085647583 0.7080416083335876
