Pedestrian 0.0 0 -1.8966898918151855 274.7191162109375 154.6907501220703 329.9003601074219 272.2823791503906 0.69563806 1.8009156 0.61860806 -4.928631 1.3345572 11.470948 -2.3025026321411133 0.1649177372455597
Pedestrian 0.0 0 1.1183030605316162 744.0835571289062 156.7511749267578 765.4096069335938 197.49343872070312 0.8283328 1.8010664 0.6386997 6.5567737 0.5438854 32.25491 1.3188502788543701 0.1599131077528
Cyclist 0.0 0 0.673984169960022 754.4351806640625 153.758544921875 797.5863037109375 202.24082946777344 1.5593424 1.7505684 0.54916495 6.206025 0.61586434 26.73421 0.9020822048187256 0.13937215507030487
Car 0.0 0 -1.6666501760482788 507.71832275390625 165.1942901611328 548.1226196289062 197.91685485839844 3.6132324 1.4808421 1.5763456 -3.9053586 0.5759155 34.458393 -1.7795040607452393 0.9544535279273987
Car 0.0 0 -1.6921559572219849 582.27392578125 164.5311279296875 622.6361083984375 196.2792205810547 3.7558277 1.5476495 1.6248611 -0.35315746 0.5404538 37.006756 -1.7016987800598145 0.8879023194313049
Car 0.0 0 -1.5772587060928345 504.0700988769531 162.25399780273438 531.720947265625 190.24560546875 3.9936264 1.7514182 1.7212648 -5.9211125 0.31584987 47.06712 -1.7024027109146118 0.23081257939338684
Car 0.0 0 1.9690574407577515 184.62649536132812 172.91136169433594 272.6147766113281 213.262939453125 4.028846 1.4539701 1.5858864 -14.666282 1.0117451 27.972689 1.4861537218093872 0.14022210240364075
Car 0.0 0 1.8938746452331543 230.14089965820312 164.49961853027344 301.8856201171875 202.10841369628906 4.3058124 1.571492 1.6221224 -15.264952 0.70699745 32.267643 1.4519996643066406 0.1401352882385254
Car 0.0 0 -0.1452685445547104 420.4208984375 175.53292846679688 504.83428955078125 205.08062744140625 4.056793 1.4582815 1.6290439 -7.491657 0.9815352 36.927483 -0.3454268276691437 0.10030296444892883
Car 0.0 0 -1.7547988891601562 554.3837890625 171.73426818847656 582.1975708007812 190.80755615234375 3.9133055 1.53455 1.6212317 -3.3361487 0.45102698 59.92521 -1.8104133605957031 0.1002468541264534
