Car 0.0 0 -1.9986143112182617 791.2759399414062 176.78500366210938 1145.0460205078125 375.0 3.7610605 1.5824475 1.6493104 3.1228042 1.6330438 7.3183823 -1.5952988862991333 0.9728500843048096
Car 0.0 0 -1.7596968412399292 684.3424072265625 186.32106018066406 760.0759887695312 242.75733947753906 3.3332963 1.4310155 1.5383981 3.1021006 1.851296 20.799181 -1.611642837524414 0.9697307348251343
Car 0.0 0 3.6256520748138428 22.038055419921875 184.5843963623047 343.45166015625 294.3922424316406 4.0024242 1.544427 1.6740496 -6.5173388 1.7427964 11.259287 3.100935935974121 0.9491012692451477
Car 0.0 0 -2.7520811557769775 217.82362365722656 182.3338623046875 421.389404296875 252.30880737304688 3.8277798 1.435283 1.5914658 -6.313868 1.6544008 15.832729 -3.131540298461914 0.9059213399887085
Car 0.0 0 3.210050106048584 362.6624450683594 180.79965209960938 486.0652770996094 225.77354431152344 4.085217 1.4841387 1.6731465 -6.4936614 1.7775886 25.42091 2.9599525928497314 0.8724563717842102
Car 0.0 0 -3.3548145294189453 741.0952758789062 187.2501678466797 852.9193115234375 227.62974548339844 3.9639335 1.4899035 1.6204538 7.1808176 2.069208 28.131735 -3.1048943996429443 0.8568621873855591
Car 0.0 0 3.8848743438720703 0.0 201.52777099609375 123.443603515625 375.0 4.0940247 1.4414026 1.5973651 -6.4818244 1.7059172 5.619512 3.02833890914917 0.8145532011985779
Car 0.0 0 3.5409085750579834 141.05577087402344 194.57223510742188 411.4846496582031 281.2010498046875 4.297395 1.4606243 1.5843362 -6.109878 1.8912143 13.440069 3.114234447479248 0.768014669418335
Car 0.0 0 3.1479358673095703 488.699951171875 177.29298400878906 553.3377685546875 203.544189453125 4.3097315 1.74059 1.7354672 -6.09723 2.0512786 49.327785 3.0249533653259277 0.6528409719467163
Car 0.0 0 0.3302885890007019 271.95233154296875 188.8546600341797 460.2972106933594 250.91603088378906 4.2020683 1.4576117 1.6195929 -6.095161 1.8797685 18.193419 0.007020711898803711 0.64923095703125
Car 0.0 0 3.281273126602173 469.8504333496094 180.0156707763672 541.7491455078125 209.13253784179688 4.1793976 1.7395045 1.7432585 -6.4034495 2.189456 44.41481 3.1380860805511475 0.6386513710021973
