Pedestrian 0.0 0 -1.619076132774353 700.5518798828125 167.09458923339844 713.4201049804688 205.31495666503906 1.7642246 1.7072431 0.4974967 4.405526 1.4503374 33.12706 -1.486863136291504 0.13945570588111877
Cyclist 0.0 0 2.3518660068511963 34.624446868896484 203.81307983398438 86.81415557861328 251.91571044921875 1.689682 1.6930532 0.54635113 -20.86723 2.9062183 27.390018 1.7008206844329834 0.48404181003570557
Cyclist 0.0 0 -1.619076132774353 700.5518798828125 167.09458923339844 713.4201049804688 205.31495666503906 1.7642246 1.7072431 0.4974967 4.405526 1.4503374 33.12706 -1.486863136291504 0.428861141204834
Cyclist 0.0 0 -0.9416074156761169 0.0 220.0712890625 36.78885269165039 286.6747131347656 1.5182658 1.6200736 0.34530962 -16.200132 2.9409325 19.4072 -1.6371803283691406 0.1422998607158661
Car 0.0 0 2.1421327590942383 0.0 204.36427307128906 22.716501235961914 283.5538330078125 4.003099 1.5105468 1.5885965 -16.475458 2.3698838 17.554153 1.3884228467941284 0.36920371651649475
Car 0.0 0 1.921322226524353 432.5371398925781 189.1288299560547 466.9752502441406 209.0399169921875 3.7933667 1.5042614 1.5780392 -13.248255 2.896836 59.73647 1.7030763626098633 0.33842647075653076
Car 0.0 0 -2.274029493331909 0.0 194.3427734375 90.61312866210938 228.0914306640625 3.7228699 1.5484804 1.6107903 -28.055574 2.6481519 35.746696 -2.939460277557373 0.17455297708511353
Car 0.0 0 2.2241930961608887 0.0 191.1262969970703 98.02088928222656 233.0880584716797 4.2058067 1.5216122 1.6861969 -23.726568 2.3382804 30.117384 1.5569335222244263 0.1742871105670929
Car 0.0 0 1.4988709688186646 672.154296875 176.93899536132812 721.9205322265625 215.21253967285156 4.3738756 1.4039998 1.6673828 3.3993573 1.5820487 29.161442 1.614917516708374 0.1346869170665741
Car 0.0 0 2.2416443824768066 96.07379150390625 205.494384765625 200.43394470214844 247.83900451660156 3.8938968 1.5176831 1.7298535 -19.75222 3.0125074 31.007435 1.6744513511657715 0.11472437530755997
