Car 0.0 0 -1.7895967960357666 684.5916748046875 175.25692749023438 815.6401977539062 274.6794128417969 4.2100987 1.7422186 1.7215585 2.6524649 1.7992802 14.884149 -1.6132408380508423 0.9688603281974792
Car 0.0 0 0.6065673828125 0.0 184.63897705078125 296.66558837890625 317.79278564453125 3.9459965 1.5802126 1.6458648 -6.5293746 1.7501509 9.543992 0.00656890869140625 0.9624944925308228
Car 0.0 0 3.401947259902954 281.9358215332031 179.5219268798828 436.75360107421875 243.3213348388672 3.562018 1.5822328 1.5957783 -6.553269 1.7668058 19.007824 3.069941997528076 0.8735219836235046
Car 0.0 0 0.49498844146728516 72.94738006591797 184.02322387695312 376.49700927734375 285.3531799316406 4.1681724 1.5369561 1.6485666 -6.2816434 1.7359154 11.9778185 0.011980772018432617 0.8688890933990479
Car 0.0 0 -1.6840811967849731 657.0785522460938 182.35125732421875 716.5176391601562 231.7351531982422 3.8637147 1.5836399 1.6700563 2.6256878 1.9495015 25.824034 -1.582753300666809 0.8419633507728577
Car 0.0 0 -2.6452178955078125 165.1654052734375 185.27230834960938 402.6143493652344 262.0579833984375 4.0913105 1.4004707 1.4785227 -6.4346104 1.6628859 14.334166 -3.0671567916870117 0.8328944444656372
Car 0.0 0 3.454744338989258 231.5095977783203 185.18052673339844 410.7628479003906 252.14137268066406 3.5929508 1.4519417 1.5064615 -6.680685 1.7546921 16.830042 3.0768699645996094 0.7941323518753052
Car 0.0 0 -1.6625080108642578 638.7344970703125 181.4372100830078 676.5938720703125 212.71641540527344 3.9508326 1.5103463 1.6199538 2.4179764 1.9857128 37.93092 -1.5988472700119019 0.7851662039756775
Car 0.0 0 3.3204376697540283 383.6108703613281 176.195068359375 494.7763977050781 214.44232177734375 4.0403056 1.4499898 1.6034807 -6.7002873 1.5861453 28.416965 3.0888822078704834 0.7521134614944458
Car 0.0 0 3.2274818420410156 420.8019714355469 181.8344268798828 513.2835083007812 213.2003173828125 4.386078 1.4872886 1.6754481 -7.081678 1.9477706 35.895126 3.0326952934265137 0.7117102742195129
Car 0.0 0 -1.7278311252593994 670.6055297851562 185.86663818359375 746.4923095703125 246.1302490234375 3.565739 1.4936169 1.5703686 2.655425 1.8956155 20.463652 -1.5987892150878906 0.7021694779396057
