Pedestrian 0.0 0 2.432180166244507 1204.3441162109375 132.88758850097656 1242.0 231.8366241455078 0.49868694 1.8732672 0.63177985 11.970866 1.1169953 13.973292 3.1405489444732666 0.13595673441886902
Pedestrian 0.0 0 3.5762887001037598 128.61683654785156 126.61597442626953 183.78976440429688 243.55006408691406 0.5591873 1.740226 0.49121436 -6.971778 1.0524644 11.014936 3.0120010375976562 0.12466937303543091
Pedestrian 0.0 0 0.8774707317352295 1153.177490234375 182.3780975341797 1204.5673828125 268.9752502441406 0.6572783 1.8030332 0.5753413 12.10636 2.0115547 15.430964 1.5427196025848389 0.12263444066047668
Car 0.0 0 -1.193427562713623 117.80430603027344 179.00794982910156 408.8040466308594 351.3871765136719 3.940462 1.4933163 1.6110487 -3.6838946 1.5822883 8.388844 -1.6072155237197876 0.9837896227836609
Car 0.0 0 -1.4618147611618042 490.4580078125 175.62181091308594 524.3775024414062 202.4353485107422 3.5239353 1.4710816 1.5703342 -5.9267597 1.6384097 41.738255 -1.602869987487793 0.871408224105835
Car 0.0 0 -1.6066155433654785 572.7542724609375 174.32040405273438 600.9965209960938 200.75283813476562 3.4668486 1.5147053 1.5647002 -1.45482 1.606747 43.32622 -1.6401811838150024 0.6970216035842896
Car 0.0 0 1.6343740224838257 437.33367919921875 174.0128173828125 457.98431396484375 190.8782958984375 4.0032516 1.4553407 1.5559462 -14.53605 1.5628984 64.64689 1.4131994247436523 0.20784200727939606
Car 0.0 0 0.9358330965042114 704.9439086914062 183.49615478515625 770.233642578125 210.14756774902344 4.3009977 1.5174918 1.8341879 7.906202 2.2201328 45.278206 1.1087040901184082 0.16386845707893372
Car 0.0 0 2.7705094814300537 161.38490295410156 165.56442260742188 232.453125 193.84146118164062 3.700636 1.799241 1.78586 -27.41648 1.3357697 47.908276 2.2507290840148926 0.13468149304389954
Car 0.0 0 -1.6005581617355347 402.095703125 183.25794982910156 434.41741943359375 213.24586486816406 3.731525 1.4661993 1.5561478 -10.351209 2.0533369 38.68113 -1.8620350360870361 0.12286507338285446
