Pedestrian 0.0 0 0.530829668045044 435.31268310546875 171.54283142089844 455.9684753417969 209.54885864257812 0.7247865 1.852419 0.73257554 -7.8822803 1.4172838 34.915802 0.30880045890808105 0.6009291410446167
Pedestrian 0.0 0 -1.6468132734298706 460.4173278808594 167.7438507080078 476.92779541015625 199.95266723632812 0.98365223 1.6304624 0.75992763 -7.0294967 0.986151 36.36165 -1.8377792835235596 0.39039042592048645
Pedestrian 0.0 0 -1.1994225978851318 82.23057556152344 152.29063415527344 107.33181762695312 190.88442993164062 0.85661554 1.9106605 0.76484686 -25.633104 0.5155342 35.50949 -1.8246737718582153 0.3528706729412079
Pedestrian 0.0 0 -0.45556381344795227 919.4599609375 142.36622619628906 961.1176147460938 196.9730224609375 1.0615525 1.7377337 0.59067625 10.7740555 0.5257648 22.79801 -0.01408565416932106 0.24224315583705902
Cyclist 0.0 0 -1.0878487825393677 350.2566223144531 174.5256805419922 381.46533203125 218.3671417236328 1.7935873 1.8032304 0.47865796 -10.150946 1.5589901 29.999619 -1.4141247272491455 0.8868392705917358
Cyclist 0.0 0 -0.31555280089378357 561.3264770507812 166.5510711669922 592.5655517578125 193.01429748535156 1.858552 1.6604067 0.71111906 -1.7884645 0.7865421 45.014656 -0.3552626371383667 0.782868504524231
Cyclist 0.0 0 -0.2889273464679718 641.9058227539062 161.67599487304688 676.8721923828125 195.0164794921875 1.815277 1.7947464 0.55942273 2.951127 0.78283876 38.52092 -0.21246568858623505 0.7352258563041687
Cyclist 0.0 0 0.08777889609336853 701.6375732421875 159.15769958496094 739.5585327148438 195.49195861816406 1.7996615 1.7649267 0.60016906 5.6856785 0.72966963 34.852722 0.24948883056640625 0.6109867691993713
Cyclist 0.0 0 -1.6468132734298706 460.4173278808594 167.7438507080078 476.92779541015625 199.95266723632812 0.98365223 1.6304624 0.75992763 -7.0294967 0.986151 36.36165 -1.8377792835235596 0.13914833962917328
Car 0.0 0 -1.4486427307128906 493.79205322265625 175.0405731201172 542.0501098632812 211.9202880859375 3.5920615 1.4862319 1.6266314 -3.6903598 1.2677132 30.285471 -1.5698974132537842 0.959786593914032
Car 0.0 0 2.3849995136260986 1087.962890625 126.04737854003906 1224.0 195.48158264160156 4.2843857 1.5102259 1.6002053 13.741167 0.32747275 16.292276 3.0856587886810303 0.6896467208862305
Car 0.0 0 -1.900641918182373 1025.12353515625 148.52914428710938 1074.959716796875 174.7820281982422 3.7756453 1.6246805 1.6416044 29.301512 -0.3924622 46.660255 -1.3399055004119873 0.38708192110061646
Car 0.0 0 -0.4489730894565582 896.6271362304688 167.00625610351562 1008.268310546875 205.10098266601562 3.649414 1.4535606 1.4750015 13.5412 0.9401943 27.720907 0.0054187774658203125 0.32921284437179565
