Pedestrian 0.0 0 1.8305071592330933 611.867919921875 163.75857543945312 636.7769775390625 217.03953552246094 0.8064572 1.8642727 0.70622736 0.6667457 1.2800277 25.220806 1.856937289237976 0.6015225052833557
Pedestrian 0.0 0 2.3424408435821533 1100.3929443359375 104.78312683105469 1224.0 337.8779296875 0.56928915 1.8121357 0.67771727 4.5969086 1.2252032 5.8657446 3.007155418395996 0.1961560845375061
Pedestrian 0.0 0 0.4602236747741699 226.41580200195312 157.69036865234375 268.5286865234375 248.7998046875 0.5379296 1.6454743 0.47398576 -6.6147556 1.2351637 13.00438 -0.010324708186089993 0.19359196722507477
Pedestrian 0.0 0 3.129291534423828 541.2081909179688 168.06591796875 555.0272216796875 202.61175537109375 0.7169846 1.8035337 0.68197364 -3.014656 1.1558031 37.280724 3.0486035346984863 0.16088075935840607
Pedestrian 0.0 0 1.7039203643798828 436.1309814453125 193.40478515625 459.449951171875 273.9579772949219 0.50253505 1.1722572 0.28067464 -2.407263 1.372843 10.631389 1.4812453985214233 0.14479337632656097
Pedestrian 0.0 0 0.07393945008516312 512.2835693359375 164.6290283203125 522.2767944335938 191.47650146484375 0.62896293 1.8246218 0.7159218 -6.002849 0.74730235 48.4209 -0.049403510987758636 0.13884572684764862
Pedestrian 0.0 0 1.5650100708007812 534.732177734375 181.19557189941406 548.9150390625 224.20156860351562 0.6047483 1.3527311 0.44504687 -2.0504324 1.3768002 22.567596 1.4744014739990234 0.11641109734773636
Pedestrian 0.0 0 2.062952995300293 498.4891662597656 190.0732421875 529.6190795898438 253.14405822753906 0.69209164 1.4311475 0.45156834 -2.164899 1.6625634 16.564795 1.9329968690872192 0.10938435047864914
Pedestrian 0.0 0 1.3737515211105347 519.605712890625 185.769287109375 540.016357421875 237.16690063476562 0.7280248 1.385165 0.42489344 -2.1181545 1.535499 19.545166 1.2658004760742188 0.10759391635656357
Cyclist 0.0 0 1.821714997291565 598.28369140625 163.73794555664062 625.2896728515625 214.34034729003906 1.616676 1.742957 0.58230865 0.22775626 1.1671349 25.204756 1.8307509422302246 0.32399728894233704
Cyclist 0.0 0 -2.1011319160461426 1077.0052490234375 95.60133361816406 1224.0 354.9493103027344 1.6925033 1.8472625 0.5258919 4.6244493 1.2442664 5.9049335 -1.4367501735687256 0.20868997275829315
Car 0.0 0 2.360280752182007 501.4466247558594 171.0752410888672 550.3246459960938 191.7337646484375 3.9419405 1.6341195 1.685023 -6.4392853 0.8898452 57.98666 2.2496862411499023 0.25112953782081604
Car 0.0 0 -1.6746814250946045 649.73095703125 167.1050567626953 686.310791015625 198.01214599609375 3.7300458 1.6495062 1.6536659 3.4739525 0.93602747 39.608456 -1.5871978998184204 0.2217005491256714
Car 0.0 0 -1.5159461498260498 565.0231323242188 166.09060668945312 591.76953125 190.7572479248047 3.9494007 1.7076968 1.713525 -1.8739004 0.7114233 50.934605 -1.5527198314666748 0.14865246415138245
Car 0.0 0 -1.525640845298767 527.7745971679688 172.29574584960938 565.7268676757812 205.80368041992188 3.895188 1.4769266 1.5997216 -2.6945632 1.1167767 33.13468 -1.6067838668823242 0.1173110380768776
Car 0.0 0 -1.5897830724716187 643.1896362304688 168.739990234375 670.92138671875 196.53021240234375 3.9723704 1.6817254 1.6689681 3.2574372 0.9714291 44.8101 -1.517216444015503 0.10905618965625763
Car 0.0 0 -1.8140934705734253 539.2120361328125 175.233154296875 580.9730224609375 201.2456512451172 3.7879086 1.4678701 1.5989023 -2.716236 1.1720523 41.940586 -1.8787670135498047 0.10576649010181427
