Pedestrian 0.0 0 -1.5248973369598389 280.84600830078125 173.7288818359375 317.8526306152344 261.7309265136719 1.115894 1.7220664 0.6480184 -6.281361 1.5911968 14.467613 -1.934506893157959 0.432005375623703
Pedestrian 0.0 0 -1.729743242263794 1018.50439453125 141.1693878173828 1038.7916259765625 184.62937927246094 0.5374569 2.0192158 0.741306 19.892462 0.19330984 33.232742 -1.190368413925171 0.25301265716552734
Pedestrian 0.0 0 -1.7306920289993286 985.8949584960938 144.37295532226562 1005.6327514648438 187.4417266845703 0.5239308 2.0319095 0.7492466 18.619923 0.32894644 33.725494 -1.2262362241744995 0.23132671415805817
Pedestrian 0.0 0 -2.940556049346924 987.9589233398438 150.69334411621094 1027.44970703125 219.17221069335938 0.7891976 1.7198529 0.5599922 10.343739 0.9728502 18.223019 -2.424286127090454 0.20166434347629547
Pedestrian 0.0 0 -1.5075527429580688 789.569091796875 161.4255828857422 805.2898559570312 195.9444122314453 0.9936654 1.8102505 0.747892 10.244665 0.81135553 37.665344 -1.2419853210449219 0.19474604725837708
Pedestrian 0.0 0 3.6194682121276855 125.92362213134766 165.7434539794922 203.6787872314453 300.09185791015625 0.73848283 1.8098803 0.5742852 -6.157322 1.612758 9.836288 3.060164213180542 0.18277110159397125
Pedestrian 0.0 0 -0.11518053710460663 768.724365234375 158.86228942871094 801.3868408203125 191.18748474121094 1.7607788 1.8362489 0.5717746 10.31319 0.6084931 40.560074 0.13381242752075195 0.12141009420156479
Cyclist 0.0 0 1.2250865697860718 878.6863403320312 157.33460998535156 906.1851196289062 194.6650390625 1.9868288 1.7138302 0.561748 13.567644 0.6517701 33.459206 1.6103236675262451 0.5445616841316223
Cyclist 0.0 0 -0.11518053710460663 768.724365234375 158.86228942871094 801.3868408203125 191.18748474121094 1.7607788 1.8362489 0.5717746 10.31319 0.6084931 40.560074 0.13381242752075195 0.24235135316848755
Cyclist 0.0 0 -2.127614974975586 980.6881103515625 150.10792541503906 1029.43408203125 218.78672790527344 1.4086064 1.7165997 0.4180072 10.342211 0.95855653 18.380304 -1.6150896549224854 0.18998998403549194
Car 0.0 0 -0.8246896862983704 0.0 203.9197235107422 285.4600830078125 370.0 3.6385038 1.4680457 1.5381252 -3.2073162 1.6447613 3.4579034 -1.5725092887878418 0.8892567753791809
Car 0.0 0 0.6602897047996521 567.3043212890625 170.86485290527344 668.136474609375 211.77883911132812 3.612488 1.4509771 1.5772918 0.42018646 1.1108006 26.815166 0.6759581565856934 0.8199352025985718
Car 0.0 0 1.3677750825881958 60.63100051879883 193.41610717773438 120.77687072753906 227.83139038085938 3.1265876 1.4255993 1.6127293 -23.440502 2.0448892 32.168514 0.7380599975585938 0.292391836643219
Car 0.0 0 1.6125904321670532 89.50804138183594 181.37535095214844 120.62040710449219 204.33822631835938 3.9286947 1.4988785 1.5777754 -34.16535 1.5626453 48.38247 0.9977478981018066 0.28261899948120117
