Pedestrian 0.0 0 -1.5718783140182495 798.4837646484375 159.05596923828125 852.5748901367188 273.29876708984375 0.8302804 1.6607276 0.75831604 3.365219 1.3357747 10.947657 -1.2736539840698242 0.7220028638839722
Pedestrian 0.0 0 1.4899404048919678 703.0033569335938 157.6352081298828 727.9119262695312 222.62367248535156 0.66892123 1.7354175 0.61494327 3.0638857 1.0993085 19.5359 1.645506739616394 0.2814251780509949
Pedestrian 0.0 0 2.3158507347106934 518.3165283203125 155.6820526123047 537.0548095703125 189.97120666503906 0.9633004 1.9122294 0.5459107 -4.166959 0.47322938 40.606457 2.213590621948242 0.27457156777381897
Pedestrian 0.0 0 -0.014305531978607178 658.167236328125 116.8127670288086 763.8276977539062 292.3572082519531 1.1037948 1.8375162 0.4139345 1.130553 1.1617626 7.7932153 0.12975835800170898 0.23183129727840424
Pedestrian 0.0 0 -0.5226844549179077 857.6859741210938 159.56512451171875 905.6212768554688 231.9241180419922 0.8880017 1.7501256 0.6700175 6.8904047 1.2207879 17.770222 -0.15278273820877075 0.20652958750724792
Pedestrian 0.0 0 -1.284929633140564 539.0090942382812 154.5294189453125 553.1355590820312 185.97813415527344 0.78047365 1.931108 0.68214655 -3.4262493 0.27571994 44.55928 -1.3616706132888794 0.1776076704263687
Cyclist 0.0 0 1.8224585056304932 299.04876708984375 149.76715087890625 389.40582275390625 307.58343505859375 1.8928487 1.647028 0.54874474 -3.017306 1.3172147 8.461605 1.4799268245697021 0.9610146880149841
Cyclist 0.0 0 1.9510524272918701 399.89862060546875 160.25108337402344 486.1554870605469 285.0268249511719 1.7761714 1.7784309 0.7027141 -2.457969 1.4768852 11.169288 1.7344400882720947 0.9343629479408264
Cyclist 0.0 0 -0.3914736807346344 521.799072265625 162.21116638183594 546.361572265625 189.78395080566406 1.4596509 1.7289448 0.5350842 -4.269122 0.5201667 45.617264 -0.48478755354881287 0.16647177934646606
Car 0.0 0 -1.2236326932907104 563.2421875 159.83522033691406 609.23046875 185.27249145507812 4.01925 1.5488455 1.6713899 -0.91198456 0.23044938 45.907574 -1.2434957027435303 0.4451654255390167
Car 0.0 0 -0.3716353178024292 854.4163818359375 169.2876739501953 1022.262939453125 232.78274536132812 3.434269 1.4929911 1.5224862 8.192186 1.2070392 17.751997 0.06072402000427246 0.32526257634162903
Car 0.0 0 -1.8898168802261353 746.400390625 151.86859130859375 807.4357299804688 188.29122924804688 3.578233 1.5247546 1.5798776 7.7113137 0.2852792 31.916695 -1.6527525186538696 0.23328791558742523
Car 0.0 0 2.1916189193725586 0.0 135.47938537597656 65.95076751708984 374.0 3.6341991 1.483374 1.5203751 -5.573938 1.2883683 5.002363 1.352230429649353 0.21806976199150085
Car 0.0 0 1.416948914527893 765.7164916992188 146.3936767578125 845.13818359375 200.4497528076172 4.270964 1.4603691 1.6328005 5.989496 0.513103 21.61965 1.687210202217102 0.19404546916484833
Car 0.0 0 1.1285489797592163 1106.008056640625 170.91064453125 1238.0 361.68194580078125 4.219976 1.4833959 1.6490412 7.2137947 1.4024501 7.8426404 1.8722054958343506 0.1808309257030487
