Pedestrian 0.0 0 0.5496700406074524 140.1672821044922 156.5529327392578 247.62429809570312 302.3525695800781 1.0628247 1.8193004 0.5577156 -5.326482 1.5221647 9.107311 0.02045893669128418 0.9432452321052551
Pedestrian 0.0 0 1.397377848625183 838.5048217773438 171.74232482910156 870.4815063476562 243.2201690673828 0.78142846 1.75572 0.6313843 6.2352886 1.5422018 17.799265 1.734330177307129 0.20189906656742096
Pedestrian 0.0 0 2.464719772338867 978.7954711914062 158.36953735351562 1040.803466796875 264.3883972167969 0.7044759 1.6759075 0.51876765 6.5234075 1.3277329 11.484072 2.9813075065612793 0.11300700902938843
Pedestrian 0.0 0 2.479929208755493 1012.9637451171875 170.92323303222656 1073.586669921875 275.6968688964844 0.6153229 1.6923532 0.60249686 7.229201 1.5393183 11.748835 3.031531572341919 0.1098775640130043
Pedestrian 0.0 0 -2.2430639266967773 823.8648071289062 130.2632598876953 878.7113647460938 235.32180786132812 0.6834622 1.809837 0.63516974 4.339488 0.94605815 12.603517 -1.9114691019058228 0.10671863704919815
Cyclist 0.0 0 -3.5178189277648926 1026.457275390625 210.29090881347656 1126.5125732421875 297.3861999511719 1.5568916 1.6012211 0.42227098 9.012259 2.1921337 13.613161 -2.9330363273620605 0.12049103528261185
Cyclist 0.0 0 -1.916490077972412 853.5078735351562 130.00892639160156 912.0994873046875 241.16632080078125 1.6577841 1.7569306 0.3767198 4.6388288 0.96053505 12.00351 -1.5477137565612793 0.11653921008110046
Cyclist 0.0 0 -1.6571953296661377 777.0370483398438 138.3152313232422 814.9907836914062 245.9344940185547 0.9369872 1.8135774 0.5600626 3.2986355 1.1043373 12.41981 -1.3975940942764282 0.1048603281378746
Car 0.0 0 1.946036696434021 486.6596984863281 148.14927673339844 578.0394287109375 202.35806274414062 3.4819555 1.4729577 1.5393809 -2.1060574 0.5955062 21.091677 1.846514105796814 0.10318462550640106
Car 0.0 0 -0.4932165741920471 1151.630615234375 184.02403259277344 1224.0 241.68898010253906 3.0129333 1.422155 1.6784152 16.628433 1.5229493 18.738379 0.23259329795837402 0.10189002007246017
