Car 0.0 0 -1.7298113107681274 677.4879760742188 182.8534698486328 761.40234375 247.66665649414062 3.7309031 1.5539339 1.6737393 2.8414576 1.8541422 19.754976 -1.5869560241699219 0.9782852530479431
Car 0.0 0 -1.967763066291809 768.4613647460938 184.72601318359375 1093.250244140625 375.0 3.7435272 1.5421711 1.6725463 2.9192066 1.699159 7.619791 -1.6019026041030884 0.9774912595748901
Car 0.0 0 -1.6319046020507812 654.4537353515625 177.13894653320312 699.1810302734375 218.33079528808594 3.8468168 1.6108708 1.6402501 2.729165 1.8043102 30.564445 -1.5428485870361328 0.9173003435134888
Car 0.0 0 0.4345552921295166 260.0263977050781 175.93511962890625 448.96832275390625 243.05673217773438 4.2051325 1.5959563 1.6587709 -6.4389606 1.6787453 18.274248 0.09578704833984375 0.9051475524902344
Car 0.0 0 3.814572334289551 0.0 183.65606689453125 266.9769592285156 352.43499755859375 4.14906 1.6146907 1.6951342 -6.2687254 1.7454213 7.85721 3.141155481338501 0.8701925277709961
Car 0.0 0 -2.5463693141937256 0.0 173.1637420654297 346.5098876953125 295.13232421875 4.150659 1.6295981 1.6508697 -6.2971377 1.6349082 10.588109 -3.0829098224639893 0.8293638229370117
Car 0.0 0 3.3685920238494873 337.2173767089844 169.66720581054688 479.7705993652344 226.30601501464844 4.1130605 1.7390677 1.7294778 -6.4049225 1.6415769 23.104918 3.0981719493865967 0.8212493658065796
Car 0.0 0 -2.615760087966919 87.37140655517578 184.45909118652344 351.72998046875 276.960205078125 3.961966 1.5506595 1.6716791 -7.069064 1.7783077 13.224351 -3.106663465499878 0.6143068075180054
Car 0.0 0 3.205573081970215 413.2534484863281 178.6807403564453 510.7113037109375 218.3397674560547 3.9516537 1.6052234 1.6866639 -6.2521152 1.8619084 30.63283 3.004239797592163 0.6011853814125061
Car 0.0 0 -2.4147462844848633 998.9332885742188 218.8408966064453 1242.0 375.0 3.5663843 1.5034705 1.5643145 2.6736531 1.7507107 2.0329418 -1.494049310684204 0.5545583963394165
Car 0.0 0 -1.2365219593048096 776.6218872070312 162.86395263671875 818.643798828125 188.48033142089844 3.6520908 1.6501303 1.6236595 12.599733 1.0069592 48.44601 -0.9820809364318848 0.5358949899673462
