Pedestrian 0.0 0 -1.7211602926254272 706.7369995117188 170.00164794921875 722.87060546875 197.9607696533203 1.115455 1.5678445 0.7474245 5.9174047 1.4082532 41.01879 -1.5778878927230835 0.7026427388191223
Pedestrian 0.0 0 -0.5360223054885864 1070.755859375 124.13011932373047 1127.6822509765625 220.65370178222656 0.697546 1.7347487 0.5183249 8.918459 0.8594274 13.2434225 0.05664491653442383 0.1362210512161255
Pedestrian 0.0 0 1.626947283744812 779.8489990234375 156.28248596191406 796.0004272460938 196.162109375 0.68596417 1.8975364 0.71909225 8.536636 1.1093949 34.76235 1.867753505706787 0.1244240552186966
Cyclist 0.0 0 -1.8234106302261353 707.1257934570312 169.10345458984375 723.5626220703125 198.99900817871094 1.4093795 1.6641564 0.5861882 5.9284863 1.4557381 40.89445 -1.679443120956421 0.18370048701763153
Cyclist 0.0 0 0.07210233807563782 836.3746337890625 134.0171661376953 880.24072265625 186.1606903076172 1.3915362 1.7563113 0.56019074 8.50082 0.44855753 24.830227 0.40195274353027344 0.12415942549705505
Car 0.0 0 2.0869181156158447 189.4774932861328 190.1216278076172 274.1422424316406 229.03652954101562 3.784465 1.4998164 1.6059264 -16.405802 2.2983043 31.428366 1.6058210134506226 0.9483257532119751
Car 0.0 0 1.9816819429397583 347.73919677734375 183.11068725585938 400.6914367675781 209.7240447998047 4.281117 1.5917364 1.7163239 -15.338635 2.292701 47.070724 1.6666691303253174 0.8892014026641846
Car 0.0 0 1.6736235618591309 433.7859191894531 181.55587768554688 457.2217102050781 199.85853576660156 3.8226101 1.4465451 1.546542 -13.876652 2.205501 60.907566 1.4496158361434937 0.43749290704727173
Car 0.0 0 2.064070463180542 143.9218292236328 189.06072998046875 202.20997619628906 217.41741943359375 3.7986312 1.6535687 1.5846554 -27.946028 2.735733 46.22333 1.5202850103378296 0.13859833776950836
Car 0.0 0 2.0383005142211914 377.0262145996094 182.57891845703125 416.2912292480469 200.69493103027344 3.7276366 1.4038866 1.6280615 -17.723732 2.239877 60.017227 1.7511513233184814 0.11915836483240128
