Pedestrian 0.0 0 -1.7540456056594849 707.5740356445312 161.58465576171875 729.4382934570312 209.70962524414062 0.8796935 1.763391 0.6545627 3.9938323 1.350819 26.887068 -1.6065828800201416 0.8065494894981384
Pedestrian 0.0 0 0.3790883719921112 890.77099609375 111.30763244628906 1038.761962890625 364.5185546875 0.9018159 1.776563 0.5080612 2.6639624 1.3451031 5.5633307 0.8256676197052002 0.4095726013183594
Pedestrian 0.0 0 -1.7804293632507324 955.6181640625 135.80711364746094 983.2736206054688 196.4162139892578 0.5718346 1.9925811 0.7221048 11.947583 0.77498794 24.085077 -1.3199406862258911 0.38205307722091675
Cyclist 0.0 0 1.904383897781372 338.3436584472656 176.0655517578125 416.6072082519531 296.15216064453125 1.9055847 1.7295438 0.58696264 -3.6760488 1.7849203 11.399387 1.5924350023269653 0.9493705630302429
Cyclist 0.0 0 1.7839620113372803 396.57012939453125 177.18594360351562 456.9161376953125 289.85540771484375 1.9007428 1.6690041 0.56385463 -2.9897647 1.7455034 11.719475 1.5341789722442627 0.938039243221283
Cyclist 0.0 0 1.610931634902954 498.6634826660156 175.208740234375 518.044921875 227.18470764160156 1.7277004 1.7756197 0.6158486 -3.6415155 1.8624971 25.61786 1.469730019569397 0.9282543659210205
Car 0.0 0 1.7826454639434814 485.4027099609375 182.11956787109375 534.4083862304688 212.50146484375 4.345221 1.4857416 1.7398102 -5.3579817 2.0139997 38.874786 1.6456817388534546 0.8879221677780151
Car 0.0 0 1.9008781909942627 351.32403564453125 184.88877868652344 466.1789245605469 257.645263671875 4.497839 1.7276744 1.7119292 -5.505435 2.1031864 20.190409 1.634674072265625 0.8666076064109802
Car 0.0 0 -1.5228536128997803 638.8160400390625 175.16482543945312 670.1264038085938 203.62705993652344 3.554221 1.5257165 1.601961 2.51822 1.6627862 40.830326 -1.4612563848495483 0.8292061686515808
Car 0.0 0 2.3625216484069824 0.0 212.66317749023438 121.54646301269531 375.0 3.7824671 1.4815967 1.5921534 -4.942347 1.8254426 4.284062 1.5058962106704712 0.5707691311836243
Car 0.0 0 -1.5385727882385254 703.5616455078125 168.0943603515625 735.831298828125 197.8107147216797 3.7866569 1.5124067 1.5930798 5.8902516 1.2705238 38.726475 -1.387630820274353 0.36781802773475647
