Pedestrian 0.0 0 -1.8184128999710083 524.8377685546875 167.01629638671875 549.0090942382812 207.41641235351562 0.76596254 1.57104 0.7878699 -2.5751016 1.0088271 28.423225 -1.9087647199630737 0.6141343712806702
Pedestrian 0.0 0 -3.6471753120422363 1108.18896484375 128.16116333007812 1174.035888671875 237.08763122558594 0.68932015 1.7369018 0.5327546 8.781956 0.88767505 11.762265 -3.005840301513672 0.5739008784294128
Pedestrian 0.0 0 0.14963579177856445 355.564208984375 165.6195831298828 385.81756591796875 250.35130310058594 0.49976912 1.655771 0.5582804 -4.642782 1.3466977 14.350656 -0.1632605791091919 0.5469943284988403
Pedestrian 0.0 0 -0.6680616736412048 1075.651611328125 133.11013793945312 1131.9591064453125 231.48486328125 0.60418016 1.6843414 0.53829783 8.7508135 0.8571057 12.58339 -0.060412295162677765 0.48482561111450195
Pedestrian 0.0 0 2.046724796295166 332.7672424316406 172.40345764160156 386.2494812011719 259.82293701171875 1.0119497 1.7775258 0.68385077 -5.125819 1.5938045 15.154831 1.7205736637115479 0.2807021141052246
Pedestrian 0.0 0 -1.7539427280426025 473.6031494140625 184.89735412597656 515.577392578125 274.4606018066406 0.9882555 1.6936631 0.64759886 -2.161758 1.7647716 14.197598 -1.9050443172454834 0.26502692699432373
Pedestrian 0.0 0 -2.2136874198913574 1182.5633544921875 130.75680541992188 1238.0 228.88438415527344 0.83753616 1.8319434 0.6269824 11.804771 0.8858806 13.845682 -1.507688283920288 0.24928465485572815
Pedestrian 0.0 0 0.6946702003479004 0.0 107.4285888671875 95.05591583251953 282.7382507324219 0.8505866 1.7671772 0.5866999 -5.9981704 1.0218803 7.5413833 0.022760391235351562 0.21479766070842743
Cyclist 0.0 0 -1.9056767225265503 636.0125732421875 174.10684204101562 652.7188720703125 206.76394653320312 1.6586771 1.6718454 0.3446592 2.2345634 1.294226 37.616726 -1.8463430404663086 0.36294567584991455
Cyclist 0.0 0 2.764343500137329 689.2398681640625 155.88174438476562 725.8190307617188 190.12428283691406 1.7478222 1.7381722 0.6447327 5.452471 0.43864444 36.974274 2.910754919052124 0.2639033794403076
Cyclist 0.0 0 -2.3045079708099365 1180.03759765625 134.1310272216797 1238.0 231.79652404785156 1.0541306 1.8053886 0.5559505 11.797565 0.93101674 13.810427 -1.5975513458251953 0.12298234552145004
Car 0.0 0 -1.9132245779037476 722.656005859375 152.43177795410156 913.0195922851562 290.92822265625 3.7487144 1.797979 1.6172081 3.107027 1.4219426 11.251241 -1.6437897682189941 0.9432594180107117
Car 0.0 0 -1.5134494304656982 529.6643676757812 178.5453643798828 565.1173706054688 208.8702850341797 3.6736555 1.5021868 1.6360095 -2.7759554 1.3567098 37.431316 -1.5874751806259155 0.5401918292045593
Car 0.0 0 -1.6970595121383667 511.0694274902344 168.8263397216797 554.8699951171875 207.5308380126953 2.620461 1.5218493 1.4763696 -2.8799062 1.0245343 29.683138 -1.793778419494629 0.32100751996040344
