Pedestrian 0.0 0 -1.545959711074829 804.9003295898438 162.69776916503906 824.4463500976562 210.157470703125 0.64444745 1.7180874 0.67668015 7.4842157 1.3507799 26.525404 -1.2709559202194214 0.22970183193683624
Pedestrian 0.0 0 -3.1337239742279053 645.5504760742188 182.3401641845703 660.8704833984375 214.07315063476562 0.8595236 1.7734016 0.6222023 2.4140913 2.3154776 40.862362 -3.074713945388794 0.14912916719913483
Cyclist 0.0 0 -2.7879691123962402 1085.260498046875 198.5068359375 1181.6724853515625 270.50714111328125 1.7957613 1.6329998 0.75700325 12.975989 2.3073912 17.999609 -2.163351058959961 0.14602971076965332
Car 0.0 0 2.0559091567993164 177.54409790039062 189.3286895751953 290.98089599609375 236.81141662597656 4.607065 1.5118077 1.7982038 -13.865139 2.1788864 26.885908 1.5797784328460693 0.930915892124176
Car 0.0 0 1.6937737464904785 427.45849609375 182.42529296875 457.0816650390625 205.94384765625 4.5568275 1.8329061 1.8765322 -14.043222 2.6674469 60.518467 1.465760588645935 0.8013024926185608
Car 0.0 0 -0.115781769156456 641.2734985351562 181.478759765625 719.9027709960938 208.98654174804688 4.36139 1.5375547 1.7030293 4.0097156 2.0481083 41.78439 -0.02011265978217125 0.41400012373924255
Car 0.0 0 2.082838535308838 88.5462875366211 201.1219482421875 179.70440673828125 241.2815704345703 3.8208992 1.4719334 1.6204882 -20.474154 2.770298 31.166906 1.5016142129898071 0.14544257521629333
Car 0.0 0 1.621680498123169 1198.071044921875 187.80880737304688 1242.0 219.9552764892578 4.039886 1.5940341 1.7119057 33.646194 2.4610028 39.75046 2.324101448059082 0.13245339691638947
Car 0.0 0 2.3010754585266113 0.0 197.57931518554688 103.44642639160156 244.29319763183594 3.5171459 1.4346055 1.6218235 -20.328924 2.383691 25.876064 1.6351605653762817 0.11047403514385223
Car 0.0 0 -2.562016487121582 1031.31396484375 224.56915283203125 1242.0 375.0 3.730633 1.4575646 1.5508629 3.046146 1.7415433 2.075083 -1.5892277956008911 0.11036577075719833
