Pedestrian 0.0 0 -1.3870805501937866 0.0 155.17398071289062 22.429983139038086 207.05718994140625 0.61910474 1.9808943 0.7035402 -23.26063 0.83503723 27.88418 -2.082322597503662 0.17092891037464142
Cyclist 0.0 0 -0.013963483273983002 531.0657958984375 165.54737854003906 564.19873046875 200.8476104736328 1.6517715 1.7616493 0.63623816 -3.0683863 0.7812381 36.26825 -0.09836504608392715 0.17282329499721527
Car 0.0 0 -1.6182390451431274 585.735595703125 182.89505004882812 656.711181640625 244.98182678222656 3.3068044 1.404541 1.5910677 0.2101019 1.353174 17.93911 -1.6065276861190796 0.9714969396591187
Car 0.0 0 -1.6372355222702026 652.3369750976562 171.85035705566406 681.0983276367188 195.2089385986328 3.9396324 1.4530945 1.595964 3.7673855 0.6227929 46.69575 -1.5567305088043213 0.8071197867393494
Car 0.0 0 -1.5942950248718262 585.3289184570312 175.77113342285156 636.1399536132812 222.67861938476562 3.720128 1.5231249 1.6518431 0.013085871 1.2175838 25.21662 -1.5937761068344116 0.5959241390228271
Car 0.0 0 -1.5891215801239014 581.3194580078125 174.45526123046875 617.2799072265625 208.33175659179688 3.549921 1.4871722 1.580191 -0.4632591 1.0159227 33.35336 -1.6030100584030151 0.3628186285495758
Car 0.0 0 -1.3210153579711914 406.9453430175781 158.9202880859375 447.6729431152344 186.75682067871094 3.8279867 1.7467144 1.6912603 -11.773231 0.09783518 47.02144 -1.5663516521453857 0.23791258037090302
Car 0.0 0 1.710502028465271 519.5843505859375 174.3485870361328 543.9978637695312 192.76292419433594 4.004065 1.5228641 1.5354685 -6.474793 0.6252871 61.47304 1.60556161403656 0.1994684487581253
Car 0.0 0 -1.257868766784668 674.7269897460938 157.16416931152344 709.4684448242188 182.66409301757812 4.729823 2.2525992 1.827206 7.841762 -0.2440332 66.53501 -1.1405508518218994 0.18070439994335175
Car 0.0 0 1.5931813716888428 507.9664306640625 186.93692016601562 547.2560424804688 225.19873046875 4.0425153 1.4699259 1.5144047 -3.3218694 1.5475928 29.880264 1.4824633598327637 0.17501337826251984
