Pedestrian 0.0 0 1.4997509717941284 940.3736572265625 147.9432830810547 956.2425537109375 183.42306518554688 0.5867433 1.9059114 0.7392448 18.323456 0.56810963 39.163357 1.9373677968978882 0.1509356051683426
Pedestrian 0.0 0 0.2170763611793518 1172.1326904296875 145.6116943359375 1242.0 322.4928894042969 0.6517441 1.7206321 0.63263464 6.2648416 1.4559873 7.4672494 0.915135383605957 0.1493147611618042
Pedestrian 0.0 0 0.7443344593048096 755.0336303710938 143.6973419189453 778.2678833007812 190.92332458496094 0.6051986 1.872746 0.69282484 6.266143 0.7168971 29.05674 0.9567337036132812 0.10777315497398376
Pedestrian 0.0 0 -2.050417184829712 975.3475341796875 154.1478729248047 997.9699096679688 193.745849609375 0.7354266 1.6785257 0.5862634 16.11155 0.88594687 30.950459 -1.5704578161239624 0.10316286981105804
Cyclist 0.0 0 1.7812882661819458 622.593994140625 174.34307861328125 634.6683959960938 197.1009979248047 1.9003333 1.7413735 0.5592033 1.4362307 1.8600215 56.325996 1.80678129196167 0.6224479675292969
Car 0.0 0 -1.5581037998199463 573.65087890625 177.95562744140625 600.7339477539062 202.73052978515625 3.7249212 1.4721868 1.6382881 -1.4487189 1.8077173 45.523956 -1.5899162292480469 0.7305700182914734
Car 0.0 0 1.7893083095550537 421.2713317871094 180.31265258789062 472.2661437988281 214.07244873046875 3.8123136 1.4450744 1.528263 -7.5814652 1.8128731 33.634296 1.5676047801971436 0.24443712830543518
Car 0.0 0 1.6393041610717773 406.11090087890625 189.92141723632812 430.019287109375 209.00389099121094 4.1343794 1.502091 1.7375158 -16.721449 3.0426095 62.914074 1.3795275688171387 0.13513919711112976
Car 0.0 0 1.6903712749481201 480.572265625 178.4043426513672 512.787353515625 205.80104064941406 3.706796 1.568249 1.5084083 -6.892516 1.9210922 43.94056 1.5347790718078613 0.11630542576313019
Car 0.0 0 1.883471131324768 272.6508483886719 176.14480590820312 388.2735290527344 241.61917114257812 3.8938608 1.450676 1.5794657 -6.929639 1.5429645 18.16862 1.5190951824188232 0.11171962320804596
Car 0.0 0 1.7726397514343262 425.0882568359375 188.0502471923828 453.4847106933594 206.21839904785156 3.9821944 1.4495429 1.6475731 -14.87639 2.8182015 62.95095 1.540579915046692 0.10430818051099777
Car 0.0 0 -1.8047454357147217 917.7352294921875 143.74362182617188 968.3787841796875 177.47210693359375 3.8351395 1.8128612 1.7514559 18.741463 0.24857491 40.830532 -1.374427318572998 0.10010870546102524
