Car 0.0 0 2.016568183898926 97.16212463378906 204.88534545898438 323.46343994140625 330.62176513671875 3.8056033 1.4528581 1.5549906 -5.985461 2.0388405 11.254557 1.5277854204177856 0.9679930210113525
Car 0.0 0 -0.4736434817314148 877.9154052734375 146.79739379882812 1079.949462890625 212.6143035888672 4.2106423 1.5718653 1.6757851 9.08444 0.94992924 18.084274 -0.008126232773065567 0.9543906450271606
Car 0.0 0 -1.7580446004867554 671.228515625 174.97828674316406 742.0337524414062 223.38783264160156 4.0353575 1.4648386 1.5948622 3.082721 1.5421491 24.073212 -1.6306816339492798 0.9291030764579773
Car 0.0 0 1.8112739324569702 364.08599853515625 190.95526123046875 453.8428649902344 246.8910675048828 4.3695183 1.440582 1.6574987 -6.099302 2.053673 22.2148 1.5433166027069092 0.924586832523346
Car 0.0 0 1.8950501680374146 275.0520935058594 196.99403381347656 402.2760925292969 276.6210632324219 3.7445843 1.4545311 1.5480461 -5.9835305 2.0610094 16.219927 1.5416381359100342 0.918213427066803
Car 0.0 0 1.7748233079910278 434.48016357421875 189.15972900390625 494.2658386230469 227.91136169433594 4.1582026 1.3866245 1.5964931 -5.9412913 2.1042688 29.653503 1.5770843029022217 0.8710924386978149
Car 0.0 0 2.621657609939575 872.7890014648438 144.67869567871094 1008.39453125 200.14779663085938 3.2050123 1.5204273 1.5154594 9.372575 0.74849045 20.680283 3.047180414199829 0.7940205335617065
Car 0.0 0 2.7094786167144775 817.2875366210938 161.7423858642578 959.4119262695312 208.9044189453125 3.928248 1.4442976 1.584373 8.770195 1.1043717 23.017696 3.073516368865967 0.7705760598182678
Car 0.0 0 2.3844001293182373 0.0 217.49563598632812 148.8705291748047 375.0 4.037569 1.5086781 1.6482219 -5.962761 1.9991858 5.883447 1.5923067331314087 0.7544844150543213
Car 0.0 0 -1.6833596229553223 662.0983276367188 175.31410217285156 713.0498046875 216.15325927734375 4.012824 1.5434902 1.6158437 3.0620592 1.6513855 29.523697 -1.5800138711929321 0.7501000761985779
Car 0.0 0 2.7709717750549316 776.5615234375 162.66888427734375 904.9556274414062 207.0878143310547 4.061661 1.531865 1.6313292 8.155647 1.1809716 25.826096 3.0768520832061768 0.650083601474762
