Pedestrian 0.0 0 -3.2293989658355713 738.4598388671875 168.12799072265625 772.8648071289062 228.34957885742188 0.93101186 1.7292832 0.6172755 4.3610797 1.3755872 20.660425 -3.021368980407715 0.38812410831451416
Pedestrian 0.0 0 -2.6510446071624756 251.52734375 173.38967895507812 268.7303466796875 203.80502319335938 0.7065748 1.7836461 0.6181586 -20.383808 1.3680487 41.780296 -3.104949951171875 0.2918536067008972
Pedestrian 0.0 0 -0.5108188986778259 0.0 148.03334045410156 23.047990798950195 198.67347717285156 0.71296215 1.857591 0.60295844 -22.330053 0.6681602 26.37056 -1.2134404182434082 0.2592337727546692
Pedestrian 0.0 0 1.2796624898910522 834.38037109375 124.62049102783203 901.3735961914062 253.36000061035156 1.2794185 1.8690985 0.62092435 3.9833834 1.0594788 10.917111 1.62952721118927 0.17335939407348633
Pedestrian 0.0 0 0.861258864402771 745.1416625976562 140.40003967285156 787.129150390625 216.92222595214844 0.7251502 1.8712105 0.7336634 4.010673 0.8922372 17.77681 1.0831563472747803 0.15966986119747162
Pedestrian 0.0 0 -1.807418942451477 140.2716064453125 194.93954467773438 168.00851440429688 246.07376098632812 0.7517331 1.6234013 0.6072787 -14.823204 2.10847 23.19229 -2.376124382019043 0.1426960825920105
Pedestrian 0.0 0 -0.7972322702407837 421.9340515136719 169.14947509765625 443.4131774902344 195.46151733398438 1.4729233 1.7540168 0.53941107 -11.666265 0.99868655 47.899517 -1.0361378192901611 0.11351477354764938
Cyclist 0.0 0 -1.86892569065094 754.3419799804688 142.8693084716797 792.1893920898438 224.267333984375 1.7353966 1.7508973 0.33491296 3.765751 0.9430672 16.080957 -1.638896107673645 0.36736494302749634
Cyclist 0.0 0 -0.7982688546180725 420.9399108886719 168.19711303710938 444.23406982421875 195.1395721435547 1.6508574 1.7927517 0.53346103 -11.667513 0.975438 47.888443 -1.0372521877288818 0.2765876054763794
Cyclist 0.0 0 1.2280462980270386 829.2015991210938 131.7480926513672 899.9111328125 257.28564453125 1.4770224 1.8317027 0.5647911 3.975464 1.1220335 11.050727 1.5733777284622192 0.26646697521209717
Cyclist 0.0 0 -1.864197850227356 884.8187866210938 152.48597717285156 911.14892578125 201.10769653320312 1.6308424 1.6801462 0.4110665 10.425676 0.7136401 25.259068 -1.4727487564086914 0.13749322295188904
Car 0.0 0 -1.5038083791732788 549.9951782226562 165.1051788330078 573.2190551757812 183.46568298339844 4.197227 1.4726737 1.6529673 -3.5592868 0.23910478 58.81054 -1.5642558336257935 0.5329267382621765
Car 0.0 0 -2.615302324295044 184.3949737548828 176.37767028808594 271.1875305175781 204.94552612304688 4.3611684 1.6872144 1.7014178 -22.732147 1.44512 42.68388 -3.1046650409698486 0.316540390253067
Car 0.0 0 -1.5758028030395508 522.6724243164062 168.40374755859375 542.013671875 186.231689453125 3.8738174 1.4293512 1.5450386 -6.0268297 0.46076834 58.69104 -1.6781315803527832 0.17908667027950287
Car 0.0 0 2.2891013622283936 194.54232788085938 181.18734741210938 285.89178466796875 217.2877960205078 3.5212607 1.4430895 1.532346 -15.518487 1.4757762 30.22378 1.8147494792938232 0.1765577644109726
Car 0.0 0 -1.5609759092330933 571.9716186523438 165.74468994140625 589.9232177734375 183.20953369140625 3.8039525 1.5699458 1.6133846 -2.1851711 0.24473152 65.4734 -1.5943384170532227 0.1450461894273758
