Pedestrian 0.0 0 -3.21071457862854 909.9512939453125 168.051025390625 1043.84228515625 376.0 0.7063997 1.7903813 0.7758825 2.2884526 1.6921163 4.6516805 -2.7535176277160645 0.17358143627643585
Car 0.0 0 -1.5584328174591064 563.9733276367188 171.8638153076172 628.0466918945312 232.44351196289062 3.3324504 1.6135808 1.70692 -0.366396 1.2590758 20.814098 -1.5760343074798584 0.9492889046669006
Car 0.0 0 3.161323308944702 484.8620910644531 174.9031524658203 554.4149169921875 204.83245849609375 3.5477028 1.5300734 1.6239184 -4.632299 1.0039979 37.7353 3.0391767024993896 0.38397714495658875
Car 0.0 0 -1.5481370687484741 533.349853515625 171.8362579345703 559.5765380859375 196.78126525878906 3.6536472 1.538266 1.5993116 -3.9289725 0.71433705 46.198387 -1.6329785585403442 0.2479320615530014
Car 0.0 0 3.2686197757720947 344.44073486328125 190.7830047607422 504.6137390136719 250.3412628173828 4.0906925 1.5336274 1.6294063 -4.96368 1.6959354 19.755484 3.0224595069885254 0.246713787317276
Car 0.0 0 -1.417982816696167 479.9006652832031 184.6300811767578 529.7626953125 220.44979858398438 3.4826422 1.430805 1.5803443 -4.3378534 1.4085438 30.46082 -1.5594393014907837 0.24594005942344666
Car 0.0 0 -1.6065399646759033 505.611083984375 176.60369873046875 533.1378173828125 202.5104217529297 3.2577846 1.472427 1.4965513 -5.2906537 0.9840894 42.579918 -1.7301586866378784 0.16367360949516296
Car 0.0 0 -1.3928439617156982 299.5968322753906 164.71087646484375 472.126708984375 297.07452392578125 4.4491277 1.6362853 1.7347281 -3.2285666 1.3839349 11.18475 -1.6738630533218384 0.15905149281024933
Car 0.0 0 -1.7099190950393677 616.5653686523438 165.85548400878906 641.30908203125 183.7607879638672 4.0713224 1.5153816 1.6231892 1.8213645 -0.13124911 63.291233 -1.6811494827270508 0.13611063361167908
Car 0.0 0 1.5529085397720337 613.4032592773438 171.49032592773438 638.7476806640625 195.59523010253906 4.164805 1.539152 1.6087523 1.1637938 0.663888 47.98425 1.5771574974060059 0.13568715751171112
Car 0.0 0 -1.4337140321731567 566.3857421875 159.64585876464844 603.8009033203125 189.00038146972656 4.2003098 1.6889986 1.7078822 -1.3464879 0.21889459 43.536522 -1.4646319150924683 0.13471123576164246
