Pedestrian 0.0 0 1.366633653640747 1209.792724609375 116.98241424560547 1242.0 184.68423461914062 0.9687771 1.927887 0.70834976 18.099005 0.33723772 21.139057 2.074709177017212 0.1717667281627655
Cyclist 0.0 0 -0.7672632336616516 615.069580078125 178.11155700683594 640.4561157226562 205.26736450195312 1.734586 1.8056494 0.6925392 1.185842 2.1702363 49.141624 -0.7431368231773376 0.36025065183639526
Cyclist 0.0 0 -1.7744247913360596 632.544189453125 159.00950622558594 647.2357177734375 194.62538146972656 1.6603122 1.8119451 0.43460858 1.5111492 1.107969 37.559673 -1.7342132329940796 0.2695315182209015
Car 0.0 0 -0.8912532925605774 671.6078491210938 191.65023803710938 752.9688110351562 234.15025329589844 3.2538984 1.5327865 1.5624244 4.1265693 2.337365 29.188036 -0.7508053183555603 0.9138616919517517
Car 0.0 0 -3.34492826461792 1047.43505859375 169.18055725097656 1242.0 262.0029296875 4.3847713 1.4915191 1.6823933 10.6654625 1.4328499 13.33615 -2.6703455448150635 0.8998541831970215
Car 0.0 0 -2.0732181072235107 0.0 227.5989990234375 107.68705749511719 298.1981201171875 2.8889337 1.6344241 1.6493399 -15.813964 3.258681 20.076921 -2.7403945922851562 0.3602483868598938
Car 0.0 0 -1.8278069496154785 627.7296142578125 150.07814025878906 671.9118041992188 187.11705017089844 4.3704033 2.239363 1.7453126 2.4435031 0.86269826 45.937843 -1.7746654748916626 0.23875893652439117
Car 0.0 0 0.9908807277679443 81.04547119140625 164.99925231933594 153.82858276367188 192.57894897460938 3.9270265 1.5649841 1.6544304 -29.016428 1.1196318 42.45385 0.3913271427154541 0.19078928232192993
Car 0.0 0 -1.1271758079528809 802.4716186523438 163.2852020263672 933.474609375 242.1894073486328 4.3993673 1.9707099 1.7248672 7.2538314 1.7320778 20.180489 -0.782109260559082 0.1589730829000473
Car 0.0 0 2.356462001800537 574.4583129882812 164.57476806640625 638.0298461914062 194.11737060546875 4.898783 2.1119258 1.824782 -0.25944033 1.5204222 53.96024 2.351654052734375 0.1468929797410965
