Pedestrian 0.0 0 1.3324249982833862 964.8505249023438 192.0216522216797 990.4747314453125 240.71707153320312 1.1504968 1.7071573 0.57825804 13.404917 2.4258585 26.41201 1.8020793199539185 0.22934675216674805
Pedestrian 0.0 0 1.66492760181427 761.7556762695312 161.55221557617188 807.9892578125 258.0619201660156 1.0911118 1.9256161 0.84115803 3.6087646 1.7004744 15.046082 1.9003283977508545 0.22838319838047028
Pedestrian 0.0 0 2.0066404342651367 290.1413269042969 179.078857421875 335.8158874511719 261.3138427734375 0.83855945 1.6681527 0.5884269 -6.2674437 1.8027935 15.130706 1.6139355897903442 0.20388467609882355
Pedestrian 0.0 0 -0.266055166721344 543.58984375 183.4225311279297 558.418212890625 211.50230407714844 0.8380067 1.7958854 0.57484293 -3.864924 2.48883 46.86855 -0.34833207726478577 0.1942424327135086
Pedestrian 0.0 0 3.673297643661499 79.77777099609375 149.15426635742188 208.16014099121094 319.8134765625 0.9976197 1.7777386 0.6180462 -5.0938687 1.5312189 7.8442116 3.0973589420318604 0.14077647030353546
Pedestrian 0.0 0 1.453914761543274 715.4654541015625 143.0156707763672 739.6569213867188 203.52899169921875 0.9638299 1.8591549 0.6392675 3.6381874 0.9427879 22.660116 1.6131107807159424 0.1369045227766037
Pedestrian 0.0 0 -2.326988935470581 186.3115997314453 185.85072326660156 277.4649353027344 331.09320068359375 0.6755697 1.6671727 0.7185547 -4.6574316 1.834336 8.808802 -2.8133513927459717 0.1342010200023651
Pedestrian 0.0 0 1.6165010929107666 689.2777099609375 166.59710693359375 704.0797729492188 207.10450744628906 1.6452866 1.8247488 0.6074573 3.976449 1.5432504 33.361824 1.7351330518722534 0.11478948593139648
Cyclist 0.0 0 1.4664932489395142 969.56591796875 195.1486358642578 991.4122314453125 244.34999084472656 1.5013549 1.6976641 0.55514383 13.510997 2.5391495 26.419018 1.9392285346984863 0.25167062878608704
Cyclist 0.0 0 1.6165010929107666 689.2777099609375 166.59710693359375 704.0797729492188 207.10450744628906 1.6452866 1.8247488 0.6074573 3.976449 1.5432504 33.361824 1.7351330518722534 0.16769513487815857
Cyclist 0.0 0 2.0066404342651367 290.1413269042969 179.078857421875 335.8158874511719 261.3138427734375 0.83855945 1.6681527 0.5884269 -6.2674437 1.8027935 15.130706 1.6139355897903442 0.10187055915594101
Car 0.0 0 1.7184913158416748 488.17144775390625 189.57968139648438 545.9711303710938 237.52569580078125 3.7566028 1.5526832 1.5745836 -3.392625 2.2131383 26.579317 1.591536283493042 0.9570218920707703
Car 0.0 0 1.6346238851547241 565.5987548828125 173.91921997070312 590.4041748046875 196.84544372558594 4.057243 1.7076148 1.6689719 -2.4735308 1.7936311 55.97425 1.5904620885849 0.3101363182067871
Car 0.0 0 3.336408853530884 349.1828308105469 197.53353881835938 480.1571044921875 253.17633056640625 3.4256692 1.4830409 1.6305512 -5.6436906 2.2329845 20.982664 3.073657989501953 0.20178119838237762
Car 0.0 0 1.620621919631958 657.9957275390625 174.31436157226562 679.0906372070312 194.251953125 3.9735968 1.6238186 1.587746 4.965706 1.7521241 61.14011 1.701662540435791 0.16221074759960175
Car 0.0 0 -1.5347884893417358 650.2393188476562 188.67613220214844 677.9896850585938 216.35879516601562 3.7511666 1.5888364 1.6168066 3.4220028 2.6319435 45.59631 -1.459878921508789 0.15311957895755768
