Car 0.0 0 -2.174560070037842 140.99923706054688 214.10569763183594 442.7113952636719 375.0 3.4622915 1.4499007 1.5874532 -3.892371 2.0320325 8.600116 -2.5995700359344482 0.9807688593864441
Car 0.0 0 -2.0300610065460205 0.0 227.82151794433594 218.4266815185547 355.5413818359375 3.584685 1.4243414 1.5783118 -7.8479657 2.3726697 10.903891 -2.6539127826690674 0.9433938264846802
Car 0.0 0 -1.7548255920410156 1133.16748046875 169.43673706054688 1242.0 246.16720581054688 4.1216674 1.5056822 1.6219145 13.145842 1.4389833 16.355219 -1.0777897834777832 0.9209422469139099
Car 0.0 0 -1.5291768312454224 863.6563110351562 175.1474609375 966.975341796875 267.12255859375 4.111304 1.5605674 1.6775748 6.1826377 1.614283 14.567109 -1.127793788909912 0.9131929874420166
Car 0.0 0 -1.4852352142333984 921.5321044921875 178.1195068359375 973.603759765625 222.0747528076172 3.1591473 1.4855082 1.4717566 12.407654 1.6921911 26.53419 -1.0478336811065674 0.7231861352920532
Car 0.0 0 -1.7029337882995605 1089.67236328125 162.90061950683594 1160.6766357421875 214.79913330078125 3.4864533 1.6974816 1.5841987 18.076694 1.3722874 25.50865 -1.0864262580871582 0.6047682762145996
Car 0.0 0 -1.9972877502441406 1184.9136962890625 164.3383331298828 1242.0 291.8969421386719 3.923311 1.5431175 1.6244015 10.3975 1.4404585 10.845895 -1.2329939603805542 0.5634292364120483
Car 0.0 0 -1.57352876663208 1072.4158935546875 159.9927215576172 1114.5281982421875 199.564208984375 3.7666178 1.8099958 1.6215104 23.40431 1.2220803 35.017628 -0.984356164932251 0.45319241285324097
Car 0.0 0 1.0588979721069336 0.0 209.62112426757812 51.0815544128418 310.1991271972656 4.1455793 1.4801536 1.6285948 -12.485767 2.2136092 13.004224 0.2938365936279297 0.4184451997280121
Car 0.0 0 -1.6237915754318237 1134.890869140625 165.55502319335938 1205.0718994140625 223.36026000976562 3.006502 1.5663989 1.4597232 16.329153 1.3689702 21.201365 -0.9674913883209229 0.3612677752971649
