Car 0.0 0 -1.2789303064346313 250.21299743652344 200.2587127685547 470.39166259765625 348.4770202636719 4.2708263 1.4185177 1.5909082 -3.1340842 1.8744966 9.845166 -1.5871243476867676 0.9824284911155701
Car 0.0 0 -1.8515137434005737 727.3699340820312 192.90020751953125 939.7608032226562 335.4861145019531 3.9174569 1.42095 1.6002772 2.6687105 1.7458427 9.709889 -1.583292007446289 0.9822192192077637
Car 0.0 0 -1.7872729301452637 694.33935546875 193.0263671875 817.5827026367188 281.42877197265625 4.0141525 1.4835641 1.6466306 2.8282275 1.9619691 15.064768 -1.60169517993927 0.966084897518158
Car 0.0 0 -1.4219412803649902 484.0002136230469 193.5163116455078 552.643310546875 246.42315673828125 3.7857041 1.4080752 1.58547 -2.8294902 2.1105833 22.605103 -1.5464640855789185 0.9610065817832947
Car 0.0 0 -1.764501690864563 663.9853515625 189.45249938964844 749.0311889648438 250.45120239257812 3.9276073 1.4536719 1.6169068 2.556343 1.9674973 20.303205 -1.6392524242401123 0.9349722266197205
Car 0.0 0 -1.6882201433181763 659.5294799804688 178.31277465820312 721.8113403320312 229.9656982421875 3.7386804 1.6109983 1.6795257 2.645448 1.8130369 24.77678 -1.581851840019226 0.9059057235717773
Car 0.0 0 2.05338716506958 0.0 211.51483154296875 370.62353515625 375.0 3.7096121 1.4372327 1.544653 -2.7800343 1.776834 4.4186788 1.4918055534362793 0.89574134349823
Car 0.0 0 1.5683987140655518 530.0353393554688 184.1472930908203 566.7787475585938 222.37071228027344 4.017822 1.599415 1.5977329 -2.9050999 2.1563482 33.48541 1.481858253479004 0.8151230812072754
Car 0.0 0 -1.6432873010635376 634.9646606445312 186.27528381347656 664.7774047851562 213.25994873046875 3.5559673 1.4839664 1.5232468 2.3202968 2.3222253 43.251415 -1.5896919965744019 0.7608742117881775
Car 0.0 0 1.610764741897583 560.9754028320312 183.9689483642578 582.3131103515625 204.6084442138672 3.8336504 1.6037623 1.6240367 -3.187835 2.5591443 60.066338 1.5577425956726074 0.6282819509506226
