Pedestrian 0.0 0 3.4666218757629395 297.1071472167969 107.91461181640625 406.6072998046875 294.0094909667969 0.8872997 1.7130944 0.44662383 -2.4978576 1.1156535 6.873062 3.1180355548858643 0.2229137420654297
Pedestrian 0.0 0 -1.7730176448822021 603.7865600585938 168.0795440673828 623.5335083007812 213.0911407470703 0.61692476 1.8339956 0.7042164 0.10616104 1.6398184 29.768158 -1.769451379776001 0.10882017761468887
Pedestrian 0.0 0 -1.5678901672363281 280.2484436035156 180.8212127685547 295.82012939453125 221.04042053222656 0.68559635 1.6612872 0.59327114 -13.608743 2.0022123 30.406464 -1.9887138605117798 0.10427435487508774
Car 0.0 0 -0.29068389534950256 818.132568359375 181.49378967285156 1130.4373779296875 281.5985412597656 4.5393353 1.5465658 1.7594603 6.0352435 1.7122228 12.578844 0.15666794776916504 0.9664406180381775
Car 0.0 0 0.8190986514091492 0.0 182.62802124023438 199.9384765625 258.08074951171875 3.7122087 1.4944563 1.6157143 -11.222274 1.7239177 15.749586 0.20000338554382324 0.9350775480270386
Car 0.0 0 -2.3573286533355713 42.26518630981445 174.33741760253906 190.99624633789062 221.30984497070312 3.9752064 1.418845 1.5555819 -15.727888 1.4687997 22.99217 -2.9572722911834717 0.1856645792722702
Car 0.0 0 -0.5570705533027649 882.4891967773438 171.72511291503906 1055.8087158203125 229.0758514404297 4.0613346 1.5135142 1.6458256 9.865044 1.4840804 20.060587 -0.1000346764922142 0.12044849991798401
Car 0.0 0 -2.1815404891967773 329.36920166015625 179.35379028320312 384.9845275878906 204.1317138671875 3.6035843 1.5019743 1.5876906 -16.278229 1.9348834 46.319466 -2.5194921493530273 0.11019109189510345
Car 0.0 0 1.8432316780090332 0.0 177.76107788085938 31.45712661743164 202.24468994140625 3.7725132 1.5066557 1.5769289 -39.50868 1.8423493 47.26152 1.1469460725784302 0.10928148776292801
Car 0.0 0 0.5197504162788391 234.45420837402344 171.05593872070312 289.57586669921875 187.3635711669922 4.3861833 1.4875801 1.5862397 -32.19387 1.3239183 66.76129 0.07042479515075684 0.10758829116821289
