Pedestrian 0.0 0 1.8381972312927246 1073.843505859375 139.78857421875 1100.2347412109375 191.30247497558594 0.5575411 1.9198486 0.7125422 18.032482 0.687906 27.339575 2.421273708343506 0.5436236262321472
Pedestrian 0.0 0 -2.1669979095458984 834.7933349609375 145.31614685058594 853.7657470703125 184.77964782714844 0.5350481 2.0036707 0.7548645 11.973419 0.60585606 36.994038 -1.853980302810669 0.31162580847740173
Pedestrian 0.0 0 -1.748389720916748 815.3140258789062 147.68739318847656 838.1434326171875 198.13421630859375 0.72056884 1.9403262 0.73596966 8.4069805 0.97270584 28.148981 -1.458162546157837 0.2450702041387558
Cyclist 0.0 0 1.386110782623291 788.008544921875 181.7220001220703 802.7723388671875 210.62144470214844 1.5589921 1.6362251 0.5559549 10.7842455 2.164244 42.13389 1.6366832256317139 0.275947242975235
Car 0.0 0 1.93729567527771 280.1374816894531 186.4378204345703 379.5482482910156 246.67306518554688 3.7456691 1.6242082 1.6050482 -8.526983 2.0772898 22.171398 1.5701406002044678 0.9481671452522278
Car 0.0 0 2.1955718994140625 0.0 195.0227508544922 202.64590454101562 338.51715087890625 4.3202176 1.6082861 1.6953875 -8.256963 2.0116372 10.935482 1.5488393306732178 0.9408764839172363
Car 0.0 0 -1.5914429426193237 572.7230224609375 184.40423583984375 610.6441650390625 222.74957275390625 4.4794297 1.6144701 1.6708319 -0.95548743 2.1960218 34.0264 -1.619516372680664 0.9233003854751587
Car 0.0 0 1.7008328437805176 402.86370849609375 188.0396728515625 447.9944152832031 222.38372802734375 3.9032593 1.4775125 1.6208553 -8.895973 2.2546723 34.87205 1.451056957244873 0.6985481381416321
Car 0.0 0 1.7369778156280518 466.0232849121094 181.603515625 502.7536926269531 208.9781494140625 3.837594 1.5274391 1.565096 -7.5420756 2.0775533 43.410168 1.5649551153182983 0.21140582859516144
Car 0.0 0 1.7269909381866455 482.71142578125 187.2288055419922 513.460693359375 210.29112243652344 3.8476045 1.4796478 1.5536263 -7.839286 2.5268333 50.61661 1.5733360052108765 0.19161580502986908
