Pedestrian 0.0 0 -2.111802816390991 858.625 172.50241088867188 885.6218872070312 219.939208984375 0.6027846 1.695976 0.7105397 9.455735 1.683764 26.158173 -1.7649348974227905 0.6603403687477112
Pedestrian 0.0 0 -1.7580699920654297 1075.5496826171875 182.46095275878906 1169.7960205078125 368.3920593261719 0.77806884 1.6656064 0.60444003 4.88108 1.765432 6.98913 -1.1484310626983643 0.51948481798172
Pedestrian 0.0 0 0.12055660039186478 520.8308715820312 196.1780242919922 540.5968627929688 237.14111328125 0.8092416 1.814756 0.7509311 -3.6364903 2.8869274 32.77469 0.010054349899291992 0.2048875391483307
Pedestrian 0.0 0 1.2418797016143799 1174.6119384765625 196.79922485351562 1242.0 375.0 0.69795126 1.594186 0.51334685 5.65405 1.831884 6.7308426 1.940551996231079 0.20422114431858063
Pedestrian 0.0 0 -3.8182923793792725 1159.202392578125 135.0896759033203 1240.85107421875 266.5448303222656 0.5951434 1.7187213 0.62111425 7.8978505 1.2253262 9.742947 -3.1371078491210938 0.2028941959142685
Pedestrian 0.0 0 -3.112692356109619 916.6551513671875 194.0883026123047 931.0938720703125 228.9854278564453 0.6577579 1.7372833 0.77892303 16.065224 2.8413513 37.008858 -2.703146457672119 0.18420745432376862
Cyclist 0.0 0 -1.2366251945495605 506.7571105957031 200.64382934570312 532.2991333007812 251.87701416015625 1.5122727 1.5683275 0.35922906 -3.0055163 2.511684 23.704418 -1.362743616104126 0.3435710072517395
Cyclist 0.0 0 0.7109965085983276 848.4835815429688 148.16708374023438 908.0674438476562 216.60650634765625 1.5043356 1.7831712 0.5741602 7.2168875 1.1403183 19.593683 1.0639042854309082 0.22275136411190033
Cyclist 0.0 0 -2.816802740097046 1031.9356689453125 170.90371704101562 1106.8468017578125 232.123779296875 1.7353897 1.7049719 0.5959552 13.270278 1.6510149 20.953606 -2.2522449493408203 0.20815125107765198
Cyclist 0.0 0 0.09169650077819824 541.2717895507812 201.73475646972656 578.345458984375 240.04428100585938 1.761644 1.8322755 0.65428317 -2.4912286 3.2625153 35.374565 0.02138829231262207 0.1763496994972229
Car 0.0 0 1.913720965385437 588.8993530273438 198.13006591796875 640.4707641601562 230.3894805908203 3.81746 1.6035937 1.7679148 0.2864242 3.122329 41.245197 1.9206652641296387 0.6004515290260315
Car 0.0 0 -2.9790782928466797 520.8646850585938 203.95199584960938 584.7720947265625 237.97064208984375 2.9380164 1.5654148 1.7095261 -2.855179 3.1574955 35.954533 -3.0583229064941406 0.39716199040412903
Car 0.0 0 -1.7798960208892822 722.6116333007812 183.6858673095703 769.9872436523438 215.63475036621094 3.656708 1.4943217 1.6438938 6.8642406 2.0756178 36.84673 -1.5957155227661133 0.1881149560213089
Car 0.0 0 -2.9250359535217285 1002.9799194335938 180.67617797851562 1144.9801025390625 237.133544921875 3.2763357 1.5011227 1.5912141 13.644198 1.7519329 21.379137 -2.356999635696411 0.17550347745418549
Car 0.0 0 -2.78654146194458 387.7934265136719 156.29835510253906 493.4261779785156 203.48355102539062 3.2696545 1.6070242 1.6839863 -6.010772 1.0435332 25.609747 -3.017075300216675 0.1567610651254654
Car 0.0 0 -1.6633164882659912 742.6116333007812 182.1397705078125 792.2659301757812 223.13287353515625 3.7396607 1.4918215 1.6024243 6.2390356 1.8917177 29.09119 -1.4520519971847534 0.15489304065704346
