Pedestrian 0.0 0 1.335403323173523 843.2036743164062 172.5860595703125 896.3753051757812 274.44818115234375 1.3717811 1.7823349 0.6150099 4.7248535 1.7780044 13.336736 1.6758803129196167 0.20515480637550354
Pedestrian 0.0 0 1.2160192728042603 904.7040405273438 196.68919372558594 960.8283081054688 309.7904968261719 0.6156525 1.7185568 0.63508415 5.0465207 2.1072164 11.425247 1.631948709487915 0.19684340059757233
Pedestrian 0.0 0 0.5136798024177551 1020.817626953125 210.86001586914062 1096.2861328125 340.3760986328125 0.71411484 1.7828513 0.66729695 6.580817 2.370955 10.6816025 1.0658454895019531 0.1313333511352539
Pedestrian 0.0 0 2.8896517753601074 756.0036010742188 192.27491760253906 784.9522094726562 238.4612579345703 0.9437955 1.7283243 0.67309874 6.100249 2.4824007 27.6471 3.1068191528320312 0.12607498466968536
Cyclist 0.0 0 -2.063805341720581 642.4633178710938 185.26156616210938 668.021240234375 226.42709350585938 1.5832744 1.6066489 0.3267038 1.7914834 2.1264982 29.419985 -2.0029869079589844 0.1855926662683487
Cyclist 0.0 0 1.4223403930664062 842.0042114257812 176.96414184570312 887.2677001953125 278.74627685546875 1.4001353 1.787656 0.58934087 4.680591 1.8690032 13.47246 1.7567142248153687 0.16004043817520142
Cyclist 0.0 0 -0.0717577338218689 934.9472045898438 213.5057373046875 1078.1600341796875 345.1304931640625 1.8790098 1.8186123 0.6461694 5.9629536 2.480913 11.066341 0.42247462272644043 0.14584991335868835
Cyclist 0.0 0 1.3529669046401978 762.1698608398438 190.05172729492188 786.1477661132812 235.81491088867188 1.5540473 1.6649082 0.56877905 6.226439 2.34197 27.610483 1.5747666358947754 0.14148296415805817
Car 0.0 0 1.9636285305023193 249.38284301757812 185.5904998779297 374.21319580078125 247.5600128173828 4.2001987 1.443216 1.6645921 -8.039371 1.829809 19.772339 1.5774481296539307 0.9542779326438904
Car 0.0 0 1.6547473669052124 508.7580871582031 177.18626403808594 529.2379760742188 193.7086181640625 4.062044 1.416773 1.4974113 -8.190332 1.8198447 65.009 1.529420018196106 0.46517863869667053
Car 0.0 0 0.21481767296791077 647.9771118164062 178.43365478515625 761.3165893554688 218.26608276367188 4.2868233 1.4987682 1.5506133 3.763614 1.734682 29.005854 0.34385037422180176 0.35502275824546814
Car 0.0 0 1.8588714599609375 333.3348388671875 188.5451202392578 384.144287109375 216.83253479003906 4.212567 1.4650575 1.6565163 -14.545691 2.422946 41.885918 1.5246315002441406 0.15417315065860748
Car 0.0 0 0.6292567253112793 831.08642578125 207.43138122558594 1070.9512939453125 318.8236389160156 3.4782765 1.4671398 1.642682 5.7244596 2.1638103 12.609389 1.0554187297821045 0.13555002212524414
Car 0.0 0 2.0900719165802 224.8065643310547 194.2025604248047 303.9729309082031 232.29969787597656 3.2352436 1.4180976 1.615604 -14.519947 2.367569 30.40262 1.6445136070251465 0.1352057009935379
