Pedestrian 0.0 0 1.5375005006790161 1007.2283935546875 153.8246307373047 1027.6292724609375 199.2963409423828 0.9472789 1.8455521 0.70243955 16.81518 1.0735687 29.864428 2.0503079891204834 0.12596121430397034
Pedestrian 0.0 0 -2.041672706604004 1103.1513671875 134.66976928710938 1146.57470703125 199.8671112060547 0.905798 1.9298699 0.73903453 15.536888 0.7999579 21.857248 -1.4237122535705566 0.12468557059764862
Pedestrian 0.0 0 2.462669849395752 838.4846801757812 161.1609649658203 853.7716064453125 195.6449432373047 0.528366 1.9153832 0.6423087 13.207188 1.2662617 40.46853 2.7781286239624023 0.1034674346446991
Pedestrian 0.0 0 1.2689056396484375 1075.05712890625 137.3118896484375 1109.4461669921875 197.15650939941406 0.9641748 1.8454502 0.6442288 15.182069 0.74978375 22.80087 1.8563458919525146 0.10112003982067108
Cyclist 0.0 0 1.6756811141967773 1013.9580688476562 169.6370849609375 1036.6610107421875 217.23098754882812 1.5000383 1.6569632 0.5539699 14.865043 1.5453252 25.887356 2.1969292163848877 0.1273878663778305
Car 0.0 0 2.088122844696045 66.18550109863281 188.47705078125 203.5082244873047 242.02996826171875 4.1257544 1.372432 1.6314814 -14.221241 1.8910989 21.826738 1.510657787322998 0.9224043488502502
Car 0.0 0 1.8250508308410645 351.066650390625 180.33197021484375 390.7818908691406 205.3090057373047 3.6388078 1.4771149 1.5199565 -15.107356 1.9699452 45.65015 1.505457878112793 0.5500018000602722
Car 0.0 0 -1.6975300312042236 584.3544921875 172.39785766601562 609.8074951171875 191.68252563476562 3.6531146 1.4876571 1.5765517 -1.0855435 1.4528255 57.57964 -1.7163807153701782 0.36688336730003357
Car 0.0 0 1.8732460737228394 322.0356750488281 170.47474670410156 366.3285217285156 196.05203247070312 4.421386 1.7772251 1.7816658 -19.25871 1.6122613 52.385258 1.520946979522705 0.20158466696739197
Car 0.0 0 -0.938054084777832 561.620361328125 176.7906494140625 601.7658081054688 194.9921417236328 3.6737764 1.485643 1.5610228 -2.412529 1.83332 61.69732 -0.9771368503570557 0.1442607194185257
Car 0.0 0 1.5193965435028076 868.2178344726562 180.070556640625 893.9632568359375 203.9384002685547 4.0122533 1.7427862 1.665499 21.035078 2.3264585 56.155212 1.8778060674667358 0.1381821185350418
Car 0.0 0 1.2179887294769287 923.7703857421875 164.0765838623047 970.179931640625 190.17410278320312 4.0614734 1.8336935 1.7757784 24.561274 1.2173222 52.791843 1.6534498929977417 0.10138078033924103
