Pedestrian 0.0 0 1.398173213005066 625.4876098632812 167.34190368652344 645.7208251953125 216.5152587890625 0.84740937 1.7815908 0.6067592 1.2331992 1.2696792 26.48174 1.4447075128555298 0.8314788341522217
Pedestrian 0.0 0 -0.6294588446617126 554.9102172851562 169.99072265625 589.361083984375 226.85916137695312 0.8818211 1.8205345 0.70572734 -0.98595 1.4531862 23.54406 -0.6713111996650696 0.7428069114685059
Pedestrian 0.0 0 1.904584288597107 190.2304229736328 154.02859497070312 287.33087158203125 334.7912292480469 0.7857429 1.7400701 0.668647 -3.7301002 1.476995 7.3468456 1.434784173965454 0.6345856785774231
Pedestrian 0.0 0 1.9555073976516724 634.0145874023438 174.74380493164062 664.2595825195312 236.55694580078125 0.62636274 1.7055832 0.6650054 1.3171583 1.5203153 20.244667 2.020477771759033 0.6078749895095825
Pedestrian 0.0 0 1.1746554374694824 352.6919250488281 163.61016845703125 400.7462463378906 254.1232147216797 0.75300586 1.7712953 0.69186383 -4.598092 1.4224508 14.565705 0.8688766956329346 0.6057507395744324
Pedestrian 0.0 0 1.7137974500656128 576.115966796875 177.3272705078125 595.4610595703125 222.33328247070312 0.80507916 1.6623832 0.6191932 -0.60306954 1.5092947 26.967344 1.6914381980895996 0.5418424606323242
Pedestrian 0.0 0 2.737311840057373 503.232177734375 173.65585327148438 538.5741577148438 239.24485778808594 0.7375761 1.6456075 0.5680788 -2.1031332 1.4499841 18.44953 2.623807907104492 0.5412871837615967
Pedestrian 0.0 0 1.3166437149047852 649.5667724609375 167.85340881347656 664.4903564453125 201.14035034179688 0.86758536 1.689698 0.5638629 2.8490095 0.99784577 36.937916 1.3936209678649902 0.33219558000564575
Pedestrian 0.0 0 1.5299469232559204 666.1768188476562 169.40878295898438 678.3365478515625 202.9275360107422 0.8454863 1.7115226 0.5897853 3.6501064 1.0949917 37.11566 1.6279758214950562 0.23729828000068665
Pedestrian 0.0 0 -1.7634540796279907 711.1077880859375 162.21875 726.5444946289062 196.18605041503906 0.97722936 1.7651632 0.6251345 6.171969 0.76403874 37.824814 -1.601707100868225 0.2309478521347046
Pedestrian 0.0 0 -1.5129401683807373 253.9099578857422 185.04251098632812 305.0343017578125 302.75628662109375 0.7572833 1.6627176 0.6514988 -4.7986355 1.7188323 10.64223 -1.9365464448928833 0.195199653506279
Pedestrian 0.0 0 0.31033676862716675 1136.0511474609375 187.42274475097656 1238.0 374.0 0.7590844 1.5569724 0.4719925 4.162781 1.6026846 4.925036 1.012054204940796 0.19481685757637024
Pedestrian 0.0 0 -2.29492449760437 654.5198364257812 168.05712890625 669.7432250976562 202.8162384033203 0.59394574 1.8283985 0.55099577 3.221843 1.1221246 38.18597 -2.210751533508301 0.17919482290744781
Pedestrian 0.0 0 0.28436726331710815 615.38134765625 168.51153564453125 633.0018310546875 204.50267028808594 0.7474769 1.7595483 0.5461791 1.1181053 1.1254563 35.49129 0.3158605098724365 0.16987788677215576
Pedestrian 0.0 0 -1.3638033866882324 716.2258911132812 166.7434539794922 752.7957763671875 234.9523468017578 1.7295706 1.6739082 0.58836573 3.4194543 1.3129596 18.537708 -1.181394338607788 0.12026286125183105
Cyclist 0.0 0 -1.3571470975875854 715.20458984375 167.12693786621094 753.4549560546875 236.62779235839844 1.8262839 1.7000072 0.59978825 3.4144642 1.3496299 18.526192 -1.1748876571655273 0.27296769618988037
Cyclist 0.0 0 -1.1554862260818481 596.9794921875 178.5011444091797 617.81298828125 215.2427520751953 1.609785 1.6607149 0.34697282 0.2744137 1.5261055 33.27109 -1.1472386121749878 0.24347834289073944
Cyclist 0.0 0 -1.0489858388900757 721.1907348632812 163.32261657714844 742.5636596679688 193.58241271972656 1.6435038 1.6681678 0.41945812 7.335929 0.6668986 40.36094 -0.8691904544830322 0.22775417566299438
Cyclist 0.0 0 -2.0541810989379883 677.2498779296875 169.7962188720703 699.215087890625 202.6182098388672 1.6783234 1.6920911 0.41521764 4.5629516 1.0895793 37.88827 -1.9343265295028687 0.20216484367847443
Cyclist 0.0 0 -0.9660739898681641 519.7691040039062 166.46092224121094 549.4849243164062 205.73910522460938 1.6412344 1.6808468 0.44839746 -2.936974 1.038241 31.562622 -1.05885910987854 0.19812420010566711
