Pedestrian 0.0 0 1.1562861204147339 871.14697265625 154.38673400878906 974.4058837890625 364.5007629394531 0.7620866 1.8347391 0.6183994 2.815792 1.6738389 6.683678 1.5550134181976318 0.34935522079467773
Cyclist 0.0 0 1.1562861204147339 871.14697265625 154.38673400878906 974.4058837890625 364.5007629394531 0.7620866 1.8347391 0.6183994 2.815792 1.6738389 6.683678 1.5550134181976318 0.107514388859272
Car 0.0 0 -1.579581379890442 555.0203247070312 181.9547576904297 730.712158203125 343.26947021484375 3.6312773 1.474789 1.66049 0.2995876 1.6072904 8.637511 -1.5449107885360718 0.9657704830169678
Car 0.0 0 -1.77426278591156 689.791259765625 179.40708923339844 756.1981811523438 221.2810516357422 4.428664 1.4431149 1.6467676 4.215228 1.7166834 27.824528 -1.6239128112792969 0.917507529258728
Car 0.0 0 -1.4413228034973145 471.5179138183594 167.09475708007812 534.7583618164062 222.4285430908203 3.981128 1.767494 1.6680918 -3.666903 1.5838879 25.048456 -1.586682677268982 0.916740357875824
Car 0.0 0 -0.8741934895515442 0.0 186.7800750732422 310.6500549316406 375.0 3.8139648 1.5693585 1.6219056 -3.3045328 1.6830319 3.9603753 -1.5695602893829346 0.8392666578292847
Car 0.0 0 -1.3678703308105469 414.6097106933594 178.2776336669922 515.3009643554688 246.22389221191406 4.4296007 1.5070771 1.6646273 -3.629913 1.6638209 18.579157 -1.560815453529358 0.8068095445632935
Car 0.0 0 -1.6018315553665161 584.2945556640625 177.1315460205078 650.515625 237.74652099609375 3.714245 1.4369986 1.5972394 0.0803758 1.5626016 19.245686 -1.5976552963256836 0.6761115789413452
Car 0.0 0 -1.5190680027008057 601.0598754882812 178.55172729492188 638.2997436523438 211.2324676513672 3.6029093 1.4811542 1.6338183 0.4788588 1.7740728 35.195084 -1.5054630041122437 0.6259874105453491
Car 0.0 0 -0.3135946989059448 556.4334106445312 171.81576538085938 610.017333984375 189.39892578125 4.5306873 1.5491531 1.7019316 -2.4383264 1.458037 65.1459 -0.3510059416294098 0.4931420087814331
