Pedestrian 0.0 0 1.634198784828186 706.5927734375 126.70332336425781 741.8170166015625 204.97901916503906 0.92491 1.8310543 0.7850829 2.7161674 0.75183856 17.412182 1.7889440059661865 0.5112852454185486
Pedestrian 0.0 0 -0.8616601824760437 1099.104248046875 125.36779022216797 1232.5025634765625 311.0419921875 0.99522465 1.8354646 0.602172 5.7286553 1.3664021 7.5286636 -0.21121151745319366 0.49148017168045044
Pedestrian 0.0 0 -1.2451359033584595 408.1935119628906 181.57093811035156 431.85760498046875 227.05723571777344 0.67794573 1.6922482 0.6873802 -7.237236 2.0273063 27.340588 -1.503907561302185 0.48176905512809753
Car 0.0 0 -1.8059098720550537 684.5369873046875 184.50869750976562 807.7606201171875 272.33087158203125 3.6223428 1.5151243 1.6419401 2.591746 1.7845532 14.796957 -1.6325148344039917 0.97294020652771
Car 0.0 0 -1.70489501953125 644.4021606445312 184.20355224609375 701.1982421875 231.26893615722656 3.2301652 1.4695122 1.5259799 2.067427 1.8887469 24.974735 -1.6223026514053345 0.9644131064414978
Car 0.0 0 -1.4261521100997925 409.3446044921875 192.6845703125 482.91412353515625 251.6991729736328 3.6472962 1.4538162 1.5650744 -4.701461 2.0806224 20.91254 -1.647290825843811 0.9603018164634705
Car 0.0 0 -1.4221625328063965 457.17138671875 183.1444549560547 512.2919311523438 226.33641052246094 4.160354 1.6074632 1.6542042 -5.161274 2.0648944 29.948057 -1.5928269624710083 0.8736692667007446
Car 0.0 0 2.2927846908569336 0.0 214.220703125 203.67776489257812 375.0 4.2177095 1.4858974 1.6851313 -4.7298145 1.8874643 4.8460703 1.5195263624191284 0.8529083728790283
Car 0.0 0 1.6620702743530273 495.54669189453125 183.70401000976562 528.071533203125 214.70346069335938 3.907704 1.7495935 1.6218497 -5.9897475 2.4430106 44.099106 1.5270717144012451 0.7560911774635315
Car 0.0 0 -1.6824874877929688 623.7070922851562 180.21437072753906 660.0089721679688 210.11117553710938 3.7347736 1.5708817 1.6343402 1.7200447 2.0067859 40.7742 -1.64032781124115 0.7065222859382629
Car 0.0 0 -2.191507577896118 1005.5288696289062 173.07867431640625 1242.0 375.0 3.7216399 1.4854785 1.5943882 2.7047353 1.4872016 2.3888795 -1.344178557395935 0.6419720649719238
