Pedestrian 0.0 0 2.0957698822021484 0.0 169.0218963623047 161.48138427734375 375.0 1.6249411 1.6806371 0.56278145 -3.3791897 1.6629406 4.2417154 1.4230711460113525 0.16669784486293793
Cyclist 0.0 0 1.8988730907440186 184.2667694091797 171.8878936767578 332.28289794921875 375.0 1.8906493 1.7463624 0.591403 -3.0665648 1.7394806 6.378231 1.4507144689559937 0.9438557624816895
Cyclist 0.0 0 2.112410306930542 0.0 157.2994384765625 165.36654663085938 375.0 1.7893883 1.6988317 0.58303016 -3.3455904 1.6298658 4.139328 1.4326622486114502 0.6819397807121277
Car 0.0 0 -1.7286970615386963 598.7169189453125 183.4202117919922 665.8440551757812 236.64776611328125 3.5053117 1.5383574 1.6293315 0.60216033 1.9088491 23.427935 -1.7030000686645508 0.96758633852005
Car 0.0 0 -1.4640388488769531 403.5803527832031 190.94496154785156 454.5205078125 231.40304565429688 3.6185327 1.4131027 1.5955441 -7.1987643 2.1833515 28.801586 -1.7089641094207764 0.9470857977867126
Car 0.0 0 -2.214625597000122 868.4224853515625 180.81484985351562 1242.0 375.0 3.620459 1.4482176 1.4653552 2.8744729 1.5147594 4.1584606 -1.6098065376281738 0.9173704385757446
Car 0.0 0 1.883591890335083 176.7176513671875 196.4586639404297 366.58917236328125 307.6126708984375 4.2998 1.4602478 1.7233953 -5.694262 1.9477143 12.655485 1.4607844352722168 0.9162448048591614
Car 0.0 0 -1.6859657764434814 570.9423217773438 183.67266845703125 611.6473999023438 216.15858459472656 3.4485114 1.3787107 1.5009351 -0.9566021 1.9107257 33.64156 -1.7143932580947876 0.9123241305351257
Car 0.0 0 -1.128955602645874 0.0 206.51992797851562 252.2094268798828 375.0 3.402848 1.395343 1.4976318 -4.9445815 1.8125458 7.13012 -1.7352910041809082 0.8889986276626587
Car 0.0 0 -1.9161776304244995 680.1678466796875 179.49049377441406 865.9702758789062 296.1385192871094 3.7586925 1.4894792 1.6199198 2.3028922 1.613022 11.412899 -1.717071294784546 0.8353537321090698
Car 0.0 0 -0.37433114647865295 710.4332275390625 175.0920867919922 845.08740234375 221.97915649414062 3.9279015 1.4346869 1.5531353 5.3133616 1.5104206 23.237158 -0.14953771233558655 0.5909326672554016
Car 0.0 0 -1.4463633298873901 422.16485595703125 186.17942810058594 464.3819274902344 221.2339324951172 4.035203 1.652767 1.6615229 -8.687347 2.388029 37.698692 -1.6728510856628418 0.4865182042121887
