Pedestrian 0.0 0 1.5661184787750244 600.7714233398438 167.3274383544922 617.4056396484375 212.6829833984375 1.0702327 1.8951004 0.69503754 0.3065923 1.303905 30.548698 1.576154351234436 0.8635568022727966
Pedestrian 0.0 0 1.2344348430633545 609.4544067382812 166.67562866210938 636.783447265625 222.45068359375 0.9454975 1.7991705 0.62275666 0.68390507 1.3220676 23.71399 1.2632665634155273 0.7462821006774902
Pedestrian 0.0 0 -0.19015321135520935 774.2766723632812 157.69900512695312 802.4952392578125 223.87359619140625 0.63185424 1.7611182 0.6190542 5.0230017 1.1288623 19.443287 0.06266045570373535 0.6823376417160034
Pedestrian 0.0 0 2.5357584953308105 561.5701293945312 177.69281005859375 619.0476684570312 261.3385009765625 1.0218562 1.7576592 0.7290597 -0.2798246 1.6788914 15.68616 2.5179214477539062 0.6207015514373779
Pedestrian 0.0 0 -2.3499341011047363 234.41326904296875 162.0117950439453 312.5226745605469 287.79931640625 0.8506095 1.8003118 0.65253276 -4.9375486 1.5227051 10.733749 -2.7810747623443604 0.526216983795166
Pedestrian 0.0 0 -1.2657251358032227 593.8673095703125 163.63238525390625 612.2479858398438 198.45770263671875 0.9653986 1.6178292 0.6072731 0.07096507 0.7887018 33.919956 -1.2636330127716064 0.44122427701950073
Pedestrian 0.0 0 0.8570253849029541 464.864013671875 180.08935546875 501.1502990722656 255.34280395507812 0.539415 1.5785301 0.5517082 -2.5837946 1.5501735 15.449785 0.6913206577301025 0.4399406909942627
Pedestrian 0.0 0 1.3157185316085815 706.1876831054688 163.1234588623047 722.7575073242188 201.77578735351562 0.704285 1.750325 0.5900968 5.1629677 0.9191021 32.906033 1.471350073814392 0.3843082785606384
Pedestrian 0.0 0 1.1459614038467407 637.8229370117188 166.4782257080078 656.185546875 203.395751953125 0.8221459 1.8072026 0.6255178 2.2507918 1.0727425 35.6568 1.2090015411376953 0.34888729453086853
Pedestrian 0.0 0 1.135525107383728 626.8055419921875 167.4127197265625 646.5313110351562 206.26316833496094 0.75956565 1.8419456 0.69065344 1.6815792 1.1749625 34.53647 1.1841766834259033 0.34777727723121643
Pedestrian 0.0 0 -0.9386005401611328 761.62744140625 174.4356231689453 787.1741943359375 218.35057067871094 0.7677803 1.6092399 0.5863354 6.431536 1.3514118 26.79223 -0.7030060887336731 0.34077513217926025
Pedestrian 0.0 0 2.8755524158477783 586.7468872070312 168.7036895751953 602.4950561523438 195.66705322265625 0.97383827 1.831032 0.52466255 -0.45587662 0.962718 49.16301 2.8662798404693604 0.31550708413124084
Pedestrian 0.0 0 -1.842271327972412 685.031494140625 161.48582458496094 701.404052734375 190.99855041503906 1.1268907 1.744746 0.69562906 5.5008564 0.5623077 43.071842 -1.7152454853057861 0.31349536776542664
Pedestrian 0.0 0 1.393075942993164 733.4649658203125 169.32049560546875 772.5961303710938 255.93905639648438 1.3580698 1.7012318 0.550674 3.065295 1.4632701 14.791966 1.597410798072815 0.29882970452308655
Pedestrian 0.0 0 1.800053358078003 507.1694641113281 183.5828399658203 535.5396728515625 242.75930786132812 1.1051723 1.8159035 0.6581092 -2.5441096 1.8844374 22.668835 1.6882916688919067 0.28452175855636597
Pedestrian 0.0 0 -1.2471939325332642 12.689131736755371 205.42184448242188 124.38856506347656 374.0 0.74276686 1.5844548 0.6431228 -5.028737 1.8259876 6.7562103 -1.8870456218719482 0.258465051651001
Pedestrian 0.0 0 1.8218895196914673 532.7411499023438 169.65170288085938 569.833251953125 239.34326171875 1.7829406 1.7954375 0.5795413 -1.366971 1.4913694 19.43263 1.7516610622406006 0.17423076927661896
Cyclist 0.0 0 1.886138677597046 530.032470703125 167.34324645996094 571.3453369140625 236.32955932617188 1.7843571 1.776696 0.59400004 -1.3818003 1.413274 19.435146 1.8151600360870361 0.5031365156173706
Cyclist 0.0 0 -1.0222368240356445 485.5857238769531 164.28834533691406 519.2616577148438 208.60601806640625 1.7405666 1.6575934 0.4494824 -3.8283722 1.0148671 27.752474 -1.1593186855316162 0.37094298005104065
Cyclist 0.0 0 1.3812251091003418 738.0355834960938 182.92454528808594 780.4237060546875 269.13604736328125 1.8236159 1.6479422 0.5015655 3.158886 1.6800944 14.675696 1.5932364463806152 0.2704000771045685
Car 0.0 0 1.0196874141693115 690.2567749023438 179.7179718017578 801.05029296875 228.7642822265625 4.09576 1.4330361 1.5721908 4.501624 1.382102 23.17923 1.2115089893341064 0.28967583179473877
