Car 0.0 0 1.9895658493041992 118.62342071533203 201.3760528564453 432.4177551269531 375.0 3.3962603 1.5240855 1.5104904 -3.0340128 1.8773533 7.211725 1.5913382768630981 0.9766929745674133
Car 0.0 0 -1.8809248208999634 792.4268798828125 192.04348754882812 1010.004150390625 341.40576171875 3.3757606 1.5466499 1.6672245 3.5762036 1.8491893 9.635612 -1.525538682937622 0.9659586548805237
Car 0.0 0 -1.6836148500442505 702.2517700195312 193.6747589111328 771.8812255859375 250.89596557617188 4.2669883 1.486608 1.6398779 3.8119962 2.1991143 22.501213 -1.515795350074768 0.9510560035705566
Car 0.0 0 1.3517361879348755 734.887939453125 196.30357360839844 854.1365356445312 281.3632507324219 4.220135 1.5229576 1.6677761 3.9210677 2.1193647 16.212622 1.5890322923660278 0.8902866840362549
Car 0.0 0 -2.191995620727539 968.1421508789062 216.4751739501953 1242.0 375.0 3.6593468 1.4381748 1.5258652 3.787081 1.8293417 4.5834885 -1.501455545425415 0.8268666863441467
Car 0.0 0 1.6492376327514648 554.1943969726562 185.63128662109375 589.2337646484375 218.783447265625 3.9132903 1.684653 1.6475365 -2.119649 2.4313133 40.164005 1.596511721611023 0.7756578922271729
Car 0.0 0 -1.773669719696045 678.4370727539062 192.72926330566406 726.9417724609375 228.5821075439453 3.556524 1.5090536 1.588066 4.301847 2.5030696 34.235672 -1.6486709117889404 0.6142576336860657
Car 0.0 0 -1.717361569404602 692.5526123046875 191.66748046875 746.2213134765625 234.3248748779297 3.436396 1.4467483 1.5381129 4.093362 2.214301 27.702553 -1.5706619024276733 0.48863306641578674
Car 0.0 0 -1.6800785064697266 671.815673828125 190.94383239746094 710.2277221679688 222.6501007080078 3.8253736 1.5333798 1.6451006 4.2913456 2.5592473 38.988148 -1.5704518556594849 0.4861944913864136
Car 0.0 0 -1.4692800045013428 463.7499694824219 179.36248779296875 547.6636962890625 257.44293212890625 4.3921514 1.7330146 1.6908087 -2.6092966 1.9213445 18.609585 -1.6085844039916992 0.41463562846183777
