Pedestrian 0.0 0 -0.2868172526359558 1116.75390625 154.75665283203125 1234.187744140625 324.212158203125 0.9019794 1.8104706 0.6296492 6.307565 1.6174756 8.163122 0.3710482120513916 0.29895833134651184
Pedestrian 0.0 0 -1.6729084253311157 369.1407470703125 176.32154846191406 387.7005615234375 219.0298614501953 0.47490364 1.7665344 0.69573843 -9.754436 1.9140329 30.257406 -1.98477041721344 0.17186541855335236
Pedestrian 0.0 0 -3.747828960418701 1057.9969482421875 112.96748352050781 1196.63330078125 290.7896728515625 0.9628956 1.719098 0.607385 5.136757 1.1405023 7.2803645 -3.1333789825439453 0.1515653431415558
Pedestrian 0.0 0 -3.1083486080169678 631.303466796875 164.52273559570312 639.9651489257812 189.27699279785156 0.61901236 1.8196788 0.68269104 1.8719046 1.2076067 53.39894 -3.073307752609253 0.14806996285915375
Pedestrian 0.0 0 -3.5694854259490967 910.34033203125 112.58909606933594 997.8939819335938 255.34979248046875 0.80688494 1.7464353 0.6416811 4.2907577 1.009554 9.149158 -3.1309616565704346 0.14652800559997559
Car 0.0 0 1.857616901397705 375.7281494140625 182.36659240722656 447.1683349609375 223.0234832763672 3.9762049 1.4284095 1.6392549 -7.730325 1.8281845 28.289213 1.590868592262268 0.9671838283538818
Car 0.0 0 -1.3255010843276978 792.9789428710938 158.2312469482422 826.7677001953125 180.71774291992188 3.679742 1.6837008 1.6873156 15.526484 0.5891631 56.03981 -1.0552191734313965 0.405351847410202
Car 0.0 0 1.806594967842102 506.816650390625 175.83840942382812 533.6520385742188 192.86331176757812 3.7077074 1.413652 1.4836303 -7.766079 1.6805358 62.50991 1.6829907894134521 0.3321467638015747
Car 0.0 0 1.851693034172058 301.9068908691406 184.2906951904297 357.7168884277344 215.95675659179688 3.9633746 1.4877357 1.6641577 -14.491009 2.1137621 37.42302 1.482250690460205 0.23478639125823975
Car 0.0 0 -1.7985655069351196 0.0 171.63548278808594 51.54019546508789 207.37847900390625 3.6691236 1.5245146 1.5783247 -26.765028 1.4729002 32.515095 -2.4872679710388184 0.1677847057580948
Car 0.0 0 1.4943974018096924 639.9548950195312 179.35061645507812 673.6209106445312 208.1904754638672 3.7991343 1.4650704 1.540492 2.4766421 1.837598 39.421883 1.5571390390396118 0.16082391142845154
Car 0.0 0 1.7197155952453613 142.4008331298828 175.91845703125 192.93846130371094 207.88038635253906 4.453947 1.6041402 1.6886158 -23.891598 1.7804552 39.04692 1.1706146001815796 0.15384458005428314
