Pedestrian 0.0 0 -1.007667064666748 277.799072265625 169.19085693359375 293.9253845214844 199.67941284179688 0.6264305 1.8289673 0.6571693 -19.63481 1.6095784 43.637444 -1.4304821491241455 0.16779890656471252
Pedestrian 0.0 0 1.9686216115951538 235.3934783935547 189.83880615234375 264.85931396484375 242.45448303222656 0.8187199 1.7384682 0.6301625 -12.278961 2.3267527 24.543905 1.504745602607727 0.12938156723976135
Car 0.0 0 1.9156081676483154 270.34051513671875 189.1896514892578 365.52142333984375 237.29855346679688 4.23332 1.4032671 1.6725416 -9.880924 2.0102632 24.646412 1.5343198776245117 0.9052597880363464
Car 0.0 0 1.7732000350952148 381.93792724609375 184.3553924560547 429.4596252441406 217.56271362304688 3.5912998 1.566367 1.6678532 -10.500387 2.1887147 37.165993 1.4978498220443726 0.8464014530181885
Car 0.0 0 2.0932703018188477 27.688587188720703 161.0858612060547 99.7825698852539 195.39993286132812 4.4762845 2.1344476 1.7610925 -35.658165 1.4027884 47.20942 1.4463739395141602 0.20708255469799042
Car 0.0 0 1.8360662460327148 271.55126953125 182.36080932617188 306.8533020019531 204.19827270507812 4.1260357 1.6955911 1.6632378 -26.679895 2.5160196 60.072697 1.4181071519851685 0.2036372572183609
Car 0.0 0 1.4080066680908203 484.81878662109375 175.2130126953125 514.4743041992188 196.75694274902344 3.6838107 1.4990183 1.5563813 -8.108542 1.6779696 52.630398 1.2551428079605103 0.19107240438461304
Car 0.0 0 1.214909315109253 711.5587158203125 182.24606323242188 770.8140258789062 214.98077392578125 3.870319 1.4692292 1.6188077 6.3637843 1.9597566 35.60575 1.3917709589004517 0.17306889593601227
Car 0.0 0 1.2112789154052734 932.4390258789062 170.158203125 978.6173095703125 195.58399963378906 3.6656759 1.6274424 1.5800533 22.93217 1.4552491 48.07479 1.656366229057312 0.17222528159618378
Car 0.0 0 2.329589366912842 228.28469848632812 170.66416931152344 301.8521423339844 200.12286376953125 3.9189222 1.6762118 1.7597893 -20.599878 1.5519676 43.188454 1.884529709815979 0.12760770320892334
Car 0.0 0 1.854918360710144 828.7562255859375 182.1025390625 871.3663330078125 207.90805053710938 3.9918044 1.6055856 1.6680542 16.149052 2.2550535 48.522766 2.176201343536377 0.12594173848628998
