Car 0.0 0 -1.8509430885314941 686.4996948242188 184.07240295410156 810.2108154296875 273.6431579589844 3.3392494 1.5506248 1.5723678 2.6264303 1.8061316 14.666152 -1.6737403869628906 0.9740797281265259
Car 0.0 0 -1.983435034751892 772.3567504882812 185.73193359375 1048.1341552734375 367.57611083984375 3.1784868 1.531648 1.5724695 2.9539669 1.7028172 7.936661 -1.6271278858184814 0.9601384997367859
Car 0.0 0 -1.7744982242584229 652.0238647460938 179.5649871826172 740.7796020507812 247.9137725830078 3.6720247 1.607061 1.6124419 2.1481516 1.8040798 19.238775 -1.6633013486862183 0.9549088478088379
Car 0.0 0 1.7389016151428223 411.1549072265625 184.6598663330078 496.32342529296875 247.04833984375 3.8809986 1.5017956 1.6828387 -4.281847 1.8631648 20.087046 1.5288804769515991 0.930984377861023
Car 0.0 0 -1.7146114110946655 633.3438720703125 182.6765594482422 698.180908203125 231.09133911132812 4.313853 1.4868131 1.6377825 1.8141662 1.861211 25.262821 -1.6429227590560913 0.8925740122795105
Car 0.0 0 -2.3127169609069824 933.9596557617188 202.6287078857422 1242.0 375.0 3.8290071 1.5129071 1.6375437 3.008741 1.7232383 3.1553254 -1.5510947704315186 0.8419669270515442
Car 0.0 0 -3.2862939834594727 741.9940185546875 160.34873962402344 816.8311157226562 188.4903564453125 4.3080826 1.7018496 1.6833746 10.399108 0.9459584 44.651592 -3.057478189468384 0.7928923964500427
Car 0.0 0 2.257300853729248 0.0 194.89266967773438 278.707763671875 375.0 3.8974915 1.5254189 1.6094245 -3.500077 1.7065878 3.9374595 1.5306423902511597 0.7424460053443909
Car 0.0 0 0.418841689825058 183.75135803222656 180.3860626220703 368.1661682128906 251.45352172851562 3.5384538 1.5594206 1.676237 -7.751566 1.7448888 16.870945 -0.011853314936161041 0.5536900162696838
Car 0.0 0 -1.4503051042556763 482.8187561035156 182.12754821777344 525.7447509765625 216.02899169921875 4.056047 1.541124 1.6416947 -5.2469206 2.0300732 35.965145 -1.5951721668243408 0.48009127378463745
