Pedestrian 0.0 0 -1.460101842880249 1047.7305908203125 144.6753387451172 1115.9068603515625 284.331787109375 0.53846174 1.7074348 0.6775641 5.990486 1.3632814 9.241657 -0.8849897384643555 0.177522674202919
Pedestrian 0.0 0 -0.6919559836387634 1084.402587890625 125.0205307006836 1122.6278076171875 191.04437255859375 0.6258313 1.976231 0.75149626 14.9923 0.5448339 21.997766 -0.09372884780168533 0.1446402668952942
Pedestrian 0.0 0 1.2248507738113403 1206.2205810546875 137.7392120361328 1242.0 220.07273864746094 0.72360516 1.8755766 0.66514504 14.469441 1.076012 16.890259 1.933206558227539 0.13691028952598572
Pedestrian 0.0 0 -3.131458282470703 651.3576049804688 176.77261352539062 661.7249755859375 202.0618133544922 0.69523937 1.6975746 0.68404424 3.1274307 1.9655755 48.911964 -3.0676052570343018 0.10003780573606491
Cyclist 0.0 0 -1.813896894454956 710.5228881835938 174.04104614257812 723.822509765625 205.44041442871094 1.6150684 1.7020099 0.3481609 5.8977427 1.769514 39.990986 -1.6674754619598389 0.15812397003173828
Car 0.0 0 -1.4858626127243042 591.7244873046875 177.89178466796875 622.027587890625 203.4542694091797 4.0664625 1.6105547 1.6945419 -0.19865073 1.9633355 48.378204 -1.4899687767028809 0.5841404795646667
Car 0.0 0 -2.038546085357666 808.6607666015625 157.56959533691406 850.6220092773438 178.05274963378906 3.7667701 1.5502723 1.6196396 17.155716 0.39382583 56.6019 -1.7442529201507568 0.1908644586801529
Car 0.0 0 1.804392695426941 479.0281066894531 183.0147705078125 508.3669128417969 202.67620849609375 3.8478425 1.5288985 1.5670441 -9.677028 2.4038084 60.124504 1.6448115110397339 0.16029813885688782
Car 0.0 0 1.4731782674789429 650.27734375 175.06842041015625 678.8246459960938 201.80755615234375 3.913695 1.766745 1.5904202 3.710764 1.9265437 49.973827 1.547296404838562 0.1269652396440506
Car 0.0 0 1.7167372703552246 441.7975769042969 181.257080078125 485.6028137207031 214.34146118164062 3.781548 1.4937044 1.5787685 -7.174984 1.9298279 35.484352 1.517225980758667 0.11762525886297226
Car 0.0 0 1.5967060327529907 695.9057006835938 173.94871520996094 720.1282348632812 199.12245178222656 4.0071588 1.6916445 1.5877792 6.8996587 1.7722301 50.77173 1.7317743301391602 0.10803719609975815
