Car 0.0 0 -1.7831776142120361 637.5910034179688 179.04087829589844 761.1046752929688 271.0958557128906 3.8422554 1.6315771 1.6905705 1.6722035 1.5232662 14.73269 -1.6701583862304688 0.9727869033813477
Car 0.0 0 -1.282641887664795 237.7368621826172 192.9612579345703 382.1466369628906 273.9217834472656 3.5663238 1.3446614 1.6593863 -5.7243304 1.5182302 14.145211 -1.667178988456726 0.970928430557251
Car 0.0 0 -1.565438985824585 520.8509521484375 179.92233276367188 566.895263671875 223.04449462890625 3.5175812 1.6072237 1.7141339 -2.5720723 1.4110645 28.613708 -1.6550875902175903 0.9554988145828247
Car 0.0 0 -1.386697769165039 352.0869140625 188.2436065673828 436.1092529296875 244.45606994628906 3.9448519 1.4351513 1.6060498 -6.0520606 1.5317314 20.613008 -1.6722763776779175 0.9406988024711609
Car 0.0 0 -0.947577714920044 0.0 197.25881958007812 198.4740753173828 376.0 3.6906378 1.4501313 1.535457 -4.9580135 1.5782588 5.6664715 -1.6663928031921387 0.8690193295478821
Car 0.0 0 -1.1678624153137207 118.2645263671875 163.1773681640625 280.3694763183594 243.1871795654297 4.7642527 1.8146081 1.9375088 -10.433507 1.3159138 18.769854 -1.6751973628997803 0.868462860584259
Car 0.0 0 -1.4409093856811523 444.72625732421875 180.77166748046875 479.29400634765625 206.7869415283203 3.2658179 1.4076872 1.5038317 -8.214932 1.168352 40.574944 -1.6406723260879517 0.6744492650032043
Car 0.0 0 -1.6879692077636719 560.1017456054688 182.135009765625 586.431884765625 201.2679901123047 3.8798835 1.4565523 1.6287829 -2.7718744 1.2231582 56.76905 -1.7367576360702515 0.63528972864151
Car 0.0 0 -1.2952535152435303 303.12188720703125 180.3533172607422 369.4421081542969 218.56893920898438 3.4389381 1.3891438 1.5295361 -10.495535 1.2135272 27.904448 -1.655009388923645 0.5791406035423279
Car 0.0 0 -1.4810540676116943 512.7938842773438 185.17221069335938 549.4976806640625 214.9140167236328 3.637054 1.4941463 1.6083905 -4.027301 1.493093 37.940735 -1.5868052244186401 0.5403490662574768
