Pedestrian 0.0 0 -3.0230536460876465 659.116455078125 167.81582641601562 671.5076293945312 193.34762573242188 0.77887475 1.7361896 0.62449706 3.7628717 1.3939463 49.44422 -2.947096586227417 0.3495638370513916
Pedestrian 0.0 0 0.8917537331581116 1103.08642578125 205.25851440429688 1242.0 375.0 0.67700773 1.4852009 0.5453814 3.3086164 1.6888475 4.18264 1.5610045194625854 0.2497938722372055
Pedestrian 0.0 0 -0.3963615596294403 889.4545288085938 148.36546325683594 1001.0078125 314.6853332519531 0.93929166 1.7493228 0.6250218 3.5973833 1.4921145 7.9128685 0.03033137321472168 0.24196259677410126
Pedestrian 0.0 0 -3.3317830562591553 852.9769287109375 148.0184783935547 959.8112182617188 308.487060546875 1.1022475 1.8653371 0.6313919 3.5305743 1.5769991 8.799396 -2.9502174854278564 0.21846866607666016
Pedestrian 0.0 0 1.1878502368927002 804.1411743164062 173.82562255859375 868.2872314453125 289.3299560546875 0.79493636 1.7148453 0.6957095 3.4248114 1.730784 11.142271 1.486055612564087 0.1839655637741089
Pedestrian 0.0 0 3.1930503845214844 529.3304443359375 177.47561645507812 545.4203491210938 209.19139099121094 0.9124997 1.8448001 0.57380927 -4.2950425 2.1185193 42.365948 3.0920159816741943 0.17639191448688507
Pedestrian 0.0 0 1.498428463935852 643.0623779296875 178.4383087158203 659.4030151367188 215.83108520507812 1.0600498 1.7377207 0.6971055 1.9110482 2.0071244 34.22437 1.5542093515396118 0.17023947834968567
Pedestrian 0.0 0 0.1979644000530243 519.5979614257812 175.54483032226562 534.3098754882812 208.61692810058594 0.72145957 1.8489733 0.6008511 -4.7191687 2.0024235 40.719265 0.08258390426635742 0.16864481568336487
Pedestrian 0.0 0 1.2600889205932617 1115.985595703125 163.0170440673828 1175.14111328125 255.0520477294922 1.5198269 1.7452903 0.50766206 10.6669 1.5591066 14.481198 1.894960880279541 0.15100382268428802
Cyclist 0.0 0 -2.1058120727539062 1118.1358642578125 181.64767456054688 1190.1298828125 269.8823547363281 1.5912044 1.6354712 0.3791869 10.727985 1.8205706 14.344323 -1.4636623859405518 0.22916050255298615
Cyclist 0.0 0 -1.7600314617156982 659.72021484375 167.9157257080078 671.0613403320312 193.7589874267578 0.76358557 1.7548634 0.64135146 3.7608008 1.4198912 49.408215 -1.684061050415039 0.10463950037956238
Car 0.0 0 1.7938735485076904 384.0964050292969 176.37152099609375 489.06256103515625 252.36473083496094 3.5263698 1.535984 1.5836998 -3.890956 1.625492 16.514597 1.5624864101409912 0.9705724120140076
Car 0.0 0 1.4291431903839111 621.8087158203125 187.36306762695312 648.3942260742188 206.9749755859375 4.110446 1.5149089 1.67759 2.0644383 2.7852943 61.02237 1.462961196899414 0.2959335744380951
Car 0.0 0 -0.2583218812942505 652.4051513671875 161.588623046875 718.6859130859375 184.64056396484375 4.323976 1.5733311 1.6549526 5.2253594 0.80480874 50.39467 -0.15500235557556152 0.2790772616863251
Car 0.0 0 1.5596070289611816 618.10498046875 186.51222229003906 642.1682739257812 210.2643585205078 4.2120237 1.5900376 1.6920338 1.4203246 2.6310704 52.85512 1.5864726305007935 0.172981396317482
Car 0.0 0 -1.5973020792007446 644.5375366210938 181.2384490966797 679.1983032226562 215.88900756835938 3.7050483 1.5843573 1.6064163 2.4894385 2.022502 35.786415 -1.5278501510620117 0.16971637308597565
Car 0.0 0 1.6778569221496582 639.6804809570312 178.58221435546875 661.9786987304688 196.25059509277344 4.3592877 1.5553428 1.6210213 3.819573 2.1079476 67.27677 1.734570026397705 0.1536986082792282
