Car 0.0 0 -0.9624383449554443 0.0 188.53204345703125 175.57244873046875 255.52622985839844 4.2891774 1.4283748 1.6231616 -12.758059 1.5211061 17.69404 -1.5871440172195435 0.9598897695541382
Car 0.0 0 -1.4469552040100098 454.8155822753906 183.37081909179688 516.737548828125 229.73141479492188 3.695433 1.4581915 1.6334221 -4.1155467 1.4012955 24.487444 -1.6134666204452515 0.9333863258361816
Car 0.0 0 -1.147399663925171 192.59963989257812 186.20071411132812 334.1658630371094 256.7024230957031 3.7099469 1.4935024 1.6526712 -8.077895 1.520693 17.145302 -1.5876966714859009 0.912348747253418
Car 0.0 0 -1.5599995851516724 562.922607421875 178.21609497070312 607.7870483398438 217.1862030029297 3.5986812 1.4730315 1.6962372 -0.9232408 1.2095846 28.985054 -1.5918411016464233 0.8821749687194824
Car 0.0 0 -1.2897634506225586 271.0244445800781 184.6995849609375 473.2899169921875 312.7684631347656 4.261993 1.533473 1.6860367 -3.2734134 1.5284243 10.746775 -1.585430383682251 0.8488494753837585
Car 0.0 0 2.2999377250671387 0.0 206.08592224121094 88.35697937011719 376.0 3.950309 1.4352008 1.5972503 -7.5421443 1.7103971 7.4133844 1.5059301853179932 0.6481425762176514
Car 0.0 0 -1.4820340871810913 509.5106201171875 177.75558471679688 545.5760498046875 207.66925048828125 3.4630032 1.4375163 1.510206 -4.0373406 1.0801482 36.28892 -1.5928338766098022 0.5998811721801758
Car 0.0 0 2.0763373374938965 183.36367797851562 179.1971435546875 277.4560852050781 224.51510620117188 3.1037145 1.4246621 1.4816049 -12.626983 1.236588 24.164104 1.5948117971420288 0.4627690315246582
Car 0.0 0 1.9526550769805908 274.47601318359375 185.5876922607422 344.74920654296875 221.42420959472656 3.639642 1.4413539 1.5318336 -12.711508 1.459358 30.77401 1.5609411001205444 0.36968186497688293
Car 0.0 0 -1.2417036294937134 419.00286865234375 185.7832794189453 471.5333251953125 215.74203491210938 3.4801457 1.4434873 1.5625559 -8.225783 1.4748847 36.515068 -1.4632759094238281 0.3616824448108673
