Pedestrian 0.0 0 2.63037371635437 574.8604736328125 162.69378662109375 606.614501953125 217.68927001953125 0.8536026 1.7629715 0.60057485 -0.67649597 1.437627 23.604303 2.60172176361084 0.5215233564376831
Pedestrian 0.0 0 2.5932788848876953 602.9265747070312 168.53350830078125 635.7698364257812 228.7533721923828 0.8274161 1.8151337 0.58442146 0.24059184 1.6852642 22.208498 2.604111671447754 0.3518953323364258
Pedestrian 0.0 0 2.4722390174865723 627.7288208007812 175.7056427001953 653.4772338867188 222.0640411376953 0.790621 1.7866099 0.62996805 1.1596874 1.9009554 28.3518 2.513119697570801 0.3270162343978882
Pedestrian 0.0 0 -1.6341983079910278 762.9082641601562 158.6654815673828 781.2901611328125 202.15524291992188 0.76041186 1.8047626 0.70666766 6.776825 1.2163178 30.370564 -1.4146568775177002 0.2921474575996399
Pedestrian 0.0 0 0.9245572090148926 932.4114379882812 148.85614013671875 947.4235229492188 190.27587890625 0.36127165 1.8203076 0.48430374 14.562146 0.7660117 31.936077 1.3523712158203125 0.23107010126113892
Cyclist 0.0 0 -3.558216094970703 1025.010009765625 156.532958984375 1110.720703125 223.4735870361328 1.791821 1.6997923 0.5977456 11.823043 1.2857176 18.745024 -2.99550724029541 0.4954773485660553
Cyclist 0.0 0 -2.9089882373809814 565.2804565429688 161.61944580078125 628.3357543945312 220.17269897460938 1.8850366 1.792193 0.6025624 -0.45467034 1.4486849 22.575281 -2.9291257858276367 0.2375156432390213
Cyclist 0.0 0 -3.4113526344299316 1116.141845703125 182.767333984375 1242.0 282.5704650878906 1.9175197 1.6159203 0.82041866 10.026271 1.7995436 12.582774 -2.7385506629943848 0.23084501922130585
Cyclist 0.0 0 3.0480637550354004 574.8849487304688 162.1217041015625 604.3264770507812 219.4324188232422 0.90736616 1.8436455 0.6044683 -0.71656126 1.4987531 23.564617 3.017664670944214 0.10075696557760239
Car 0.0 0 1.2864453792572021 265.6392517089844 183.93063354492188 362.0473327636719 235.52354431152344 4.1452837 1.4086039 1.7032279 -9.464151 1.7914958 22.76749 0.8924891948699951 0.8429356217384338
Car 0.0 0 1.581342339515686 193.79908752441406 183.33001708984375 251.36256408691406 234.84825134277344 3.4869723 1.4179223 1.474238 -12.101206 1.7725261 22.509562 1.088066816329956 0.7937682271003723
Car 0.0 0 -2.2331762313842773 0.0 169.04397583007812 205.7870635986328 290.2185974121094 4.613634 1.9914432 1.7731527 -10.111735 1.9291852 13.302055 -2.883150339126587 0.5908013582229614
Car 0.0 0 1.5368807315826416 654.03759765625 159.86639404296875 696.8526000976562 198.78201293945312 4.1241884 1.5396003 1.6561989 2.6764083 1.0261354 30.646324 1.623991847038269 0.4439646899700165
Car 0.0 0 3.377218723297119 38.87242889404297 157.2238006591797 152.8157958984375 189.05029296875 4.3654604 1.5178618 1.6455812 -25.55812 0.77278763 35.9857 2.759660005569458 0.33256950974464417
Car 0.0 0 1.815501093864441 415.0953369140625 162.8745880126953 494.45526123046875 218.8651885986328 3.177462 1.4723984 1.4852598 -4.390453 1.2103255 20.585155 1.6053671836853027 0.2286457121372223
