Car 0.0 0 -2.0554158687591553 811.1831665039062 181.08639526367188 1242.0 375.0 3.9771914 1.522985 1.6213601 2.9464774 1.6121582 5.782334 -1.5841453075408936 0.9761415123939514
Car 0.0 0 -2.2982282638549805 718.3336791992188 177.0981903076172 798.673583984375 213.0626983642578 3.3646312 1.4298168 1.5164118 6.270225 1.6230474 30.951406 -2.0983505249023438 0.9431487917900085
Car 0.0 0 -1.7934097051620483 624.3673706054688 176.65350341796875 661.9656982421875 202.2747039794922 3.4069784 1.4543263 1.5329722 1.9171064 1.6922731 43.303658 -1.7491673231124878 0.9120948314666748
Car 0.0 0 0.4684322774410248 126.64446258544922 184.0705108642578 410.3658447265625 277.6993103027344 4.212106 1.5003667 1.6641073 -5.9026384 1.7118094 12.67565 0.03262591361999512 0.9081871509552002
Car 0.0 0 3.7026476860046387 0.0 173.38165283203125 290.2073974609375 307.741943359375 3.6459637 1.7014321 1.6438688 -6.67802 1.7097507 10.012228 3.1144237518310547 0.906589150428772
Car 0.0 0 0.29573288559913635 312.1784973144531 174.44476318359375 446.7005310058594 223.78822326660156 3.6360939 1.460436 1.6195195 -7.075709 1.5116639 22.238598 -0.01231137290596962 0.8915315866470337
Car 0.0 0 3.5431289672851562 162.78553771972656 185.4424285888672 393.41705322265625 257.9741516113281 4.114827 1.4046452 1.4976577 -6.8464565 1.6815848 15.049372 3.116180419921875 0.7226204872131348
Car 0.0 0 0.15803027153015137 434.307861328125 175.6661834716797 518.65380859375 205.4560089111328 4.2680116 1.565393 1.6978066 -7.1977396 1.7212118 38.983692 -0.024548180401325226 0.5315150022506714
Car 0.0 0 3.816171884536743 0.0 158.35682678222656 194.97146606445312 313.7970886230469 3.7110448 1.4162853 1.5170767 -6.6352057 1.2845529 7.4297833 3.087207078933716 0.4936227798461914
Car 0.0 0 3.3990180492401123 334.3717956542969 179.88040161132812 469.8846130371094 225.92018127441406 4.103415 1.4766524 1.6016501 -6.9506927 1.7213479 24.242802 3.1197965145111084 0.47990307211875916
