Pedestrian 0.0 0 0.6506233215332031 445.8468933105469 174.12841796875 464.1409912109375 204.97195434570312 0.9547213 1.8326452 0.51976496 -9.011007 1.4554291 42.445007 0.44143080711364746 0.5458110570907593
Pedestrian 0.0 0 2.9593353271484375 560.441162109375 167.53846740722656 576.3953857421875 197.69961547851562 0.9052372 1.8530434 0.53183365 -2.2716105 1.0580664 43.798397 2.9075167179107666 0.42983171343803406
Pedestrian 0.0 0 -1.8109755516052246 938.42236328125 134.781982421875 967.6869506835938 194.49923706054688 1.0765928 1.785481 0.56409943 10.650653 0.42012432 21.721224 -1.355090618133545 0.3708900213241577
Pedestrian 0.0 0 0.7756161689758301 452.8350830078125 175.2718505859375 468.784912109375 203.5167694091797 0.8174591 1.7172172 0.5375667 -8.861669 1.4007179 43.429485 0.5743319988250732 0.33540940284729004
Pedestrian 0.0 0 -2.702848196029663 1059.412841796875 128.91818237304688 1103.8013916015625 206.922119140625 0.675525 1.7513399 0.5590263 10.949088 0.59483975 16.303102 -2.111441135406494 0.3175538182258606
Pedestrian 0.0 0 -0.030425341799855232 591.698974609375 167.4495086669922 619.163818359375 196.15293884277344 1.7588823 1.8431185 0.531936 0.022131884 1.00645 45.688553 -0.029940934851765633 0.13866083323955536
Cyclist 0.0 0 -1.1870769262313843 381.3721923828125 178.19009399414062 404.1998291015625 213.66908264160156 1.755681 1.7049158 0.45649225 -10.467824 1.5953572 34.86684 -1.4787381887435913 0.8225384950637817
Cyclist 0.0 0 -3.0939242839813232 647.23046875 165.2543182373047 677.5418090820312 195.02220153808594 1.81266 1.7932037 0.5573305 3.4875963 0.8761732 42.979977 -3.0129570960998535 0.7907386422157288
Cyclist 0.0 0 -0.030425341799855232 591.698974609375 167.4495086669922 619.163818359375 196.15293884277344 1.7588823 1.8431185 0.531936 0.022131884 1.00645 45.688553 -0.029940934851765633 0.49075600504875183
Cyclist 0.0 0 -1.8315086364746094 937.7625122070312 135.48109436035156 967.6762084960938 194.57032775878906 1.2108773 1.7592804 0.52617663 10.623985 0.42048338 21.6911 -1.376065969467163 0.16024328768253326
Car 0.0 0 2.5804948806762695 943.3466186523438 143.04461669921875 1086.3563232421875 187.63096618652344 3.9596908 1.4522992 1.5557959 13.744842 0.23381943 23.879715 3.1027698516845703 0.9093659520149231
Car 0.0 0 -1.49908447265625 514.7451782226562 175.83370971679688 550.1608276367188 204.29403686523438 3.762516 1.451237 1.6274693 -3.8581474 1.2147188 37.953094 -1.6003921031951904 0.8779457211494446
Car 0.0 0 -1.4620102643966675 600.8770751953125 178.58787536621094 629.844970703125 201.41070556640625 3.5893736 1.4822527 1.5795504 0.7365539 1.3594003 47.79383 -1.4466004371643066 0.35494163632392883
