Pedestrian 0.0 0 1.7053656578063965 194.77268981933594 176.103515625 220.48435974121094 232.28030395507812 0.6409659 1.7922335 0.6519779 -13.134976 1.900242 23.482807 1.1953765153884888 0.19955870509147644
Pedestrian 0.0 0 0.8986867070198059 870.8968505859375 164.3276824951172 962.8983154296875 299.2682189941406 0.98752564 1.7333713 0.6858212 4.1059456 1.6242046 9.834366 1.2941961288452148 0.18795758485794067
Pedestrian 0.0 0 2.6890978813171387 736.0230102539062 170.64967346191406 776.9302978515625 233.12857055664062 1.0115445 1.8329453 0.66497034 4.3362036 1.7686349 21.61414 2.8870882987976074 0.18510596454143524
Car 0.0 0 3.017123222351074 333.0832824707031 184.71548461914062 455.1964416503906 229.20599365234375 4.0220804 1.447896 1.6359074 -7.7797556 1.8993089 25.873346 2.725037097930908 0.954285740852356
Car 0.0 0 1.5451101064682007 500.89990234375 181.7383270263672 539.3048095703125 219.09776306152344 4.0705204 1.573656 1.6549519 -4.2691584 2.0133872 33.543613 1.4185187816619873 0.8042199015617371
Car 0.0 0 2.488528251647949 0.0 213.20413208007812 225.77435302734375 375.0 3.621368 1.4817171 1.573172 -3.6119654 1.7656215 3.204611 1.6434417963027954 0.7517014145851135
Car 0.0 0 -1.994064211845398 633.7171630859375 159.8681182861328 670.6439208984375 182.74078369140625 3.5141518 1.7910125 1.6871642 3.358032 0.7745285 58.43881 -1.9366649389266968 0.35918790102005005
Car 0.0 0 1.3577907085418701 490.4533996582031 175.3917236328125 517.8701782226562 194.2139129638672 3.8225124 1.5791175 1.5982121 -9.31494 1.8089068 63.16025 1.2113652229309082 0.24199052155017853
Car 0.0 0 1.660570740699768 461.82421875 184.62991333007812 496.5325012207031 213.6016845703125 3.8936715 1.5157638 1.6180286 -7.4916935 2.224554 41.39332 1.4815210103988647 0.23916813731193542
Car 0.0 0 -2.172149896621704 570.6180419921875 161.2649688720703 619.90380859375 190.52085876464844 4.7012696 2.3929749 1.8594722 -1.3246411 1.4454118 61.466724 -2.193697214126587 0.2221917062997818
Car 0.0 0 -0.005386322736740112 294.7180480957031 175.8179473876953 369.2276916503906 204.95907592773438 3.5830588 1.4636036 1.5914179 -14.618587 1.6254461 37.914284 -0.37339094281196594 0.18338966369628906
