Pedestrian 0.0 0 2.6665408611297607 684.4304809570312 148.78231811523438 711.1785278320312 194.89236450195312 0.93894386 1.8735178 0.5672446 3.576277 0.8958085 29.743616 2.786203145980835 0.48508220911026
Car 0.0 0 -1.888017177581787 757.74560546875 177.3780975341797 976.2578125 312.0731506347656 4.031627 1.4921998 1.6126807 3.2573316 1.5688736 10.147578 -1.5774110555648804 0.9787164330482483
Car 0.0 0 2.110081195831299 43.52398681640625 200.21273803710938 334.1639404296875 340.1636657714844 4.251813 1.4604458 1.6411736 -5.776344 1.9416783 10.524415 1.6081199645996094 0.971272885799408
Car 0.0 0 1.3416094779968262 695.2960205078125 181.38815307617188 781.217041015625 240.99539184570312 3.5922797 1.4508654 1.535281 3.3907409 1.708689 19.92584 1.5101629495620728 0.9615463018417358
Car 0.0 0 1.891735553741455 288.51568603515625 191.60804748535156 413.7760925292969 269.80181884765625 3.675822 1.4738885 1.5752071 -5.7511725 1.9470732 16.337196 1.5532540082931519 0.9412566423416138
Car 0.0 0 1.870063304901123 407.9405517578125 186.14085388183594 490.59637451171875 232.2850799560547 4.25957 1.4094379 1.6610998 -5.6052694 1.9195691 25.489094 1.6536002159118652 0.9164946675300598
Car 0.0 0 -1.7433358430862427 654.4056396484375 178.2314910888672 700.5692138671875 212.4164581298828 3.7398593 1.5094692 1.5603989 3.1205714 1.7805268 34.39145 -1.6528468132019043 0.9126711487770081
Car 0.0 0 -2.225283622741699 871.8037109375 192.73870849609375 1242.0 375.0 4.0304093 1.5155429 1.6591252 3.2635336 1.7005211 4.647904 -1.6131150722503662 0.9043005108833313
Car 0.0 0 -1.7315493822097778 675.9808349609375 180.8061065673828 739.868408203125 227.27279663085938 4.0341015 1.4871447 1.6206331 3.3736355 1.7946957 25.829441 -1.6016725301742554 0.5738202333450317
Car 0.0 0 1.7659112215042114 490.6489562988281 180.85946655273438 528.8471069335938 208.44737243652344 3.3928528 1.4407847 1.4917051 -5.608402 1.9089396 40.423756 1.6280510425567627 0.5683301687240601
Car 0.0 0 -2.5513317584991455 539.2828369140625 176.42967224121094 584.2482299804688 194.14913940429688 3.752107 1.5288812 1.6096306 -4.343045 1.8572246 64.54739 -2.6185150146484375 0.5038675665855408
