Car 0.0 0 1.9066396951675415 335.90692138671875 191.9132080078125 437.0709533691406 252.8795166015625 3.6541102 1.456049 1.5883518 -6.194445 2.04034 20.247026 1.6097391843795776 0.9674164056777954
Car 0.0 0 -1.7097669839859009 667.03662109375 174.04833984375 733.1272583007812 225.6800537109375 3.9016585 1.5582482 1.6190256 2.8417282 1.6013138 23.831154 -1.5910831689834595 0.9496416449546814
Car 0.0 0 1.816870093345642 401.2404479980469 188.40292358398438 473.7370300292969 236.28753662109375 4.0398335 1.495518 1.5882758 -6.131643 2.0974202 25.881128 1.5842435359954834 0.9307932257652283
Car 0.0 0 1.714746356010437 456.0716857910156 181.4376678466797 503.0591125488281 217.0325164794922 4.11975 1.5338899 1.6158304 -6.1508856 1.9657509 34.18289 1.5367110967636108 0.8190360069274902
Car 0.0 0 -0.9735000133514404 0.0 202.87159729003906 112.26634979248047 250.65455627441406 3.8807344 1.4985505 1.6181784 -20.804085 2.7090328 27.10162 -1.6281907558441162 0.7244454026222229
Car 0.0 0 -1.835759162902832 1125.0361328125 133.9593048095703 1199.9566650390625 175.26376342773438 3.9061527 1.7668585 1.7474054 25.120472 0.10343895 33.000374 -1.185117244720459 0.5383067727088928
Car 0.0 0 -2.5290303230285645 1146.2584228515625 136.64463806152344 1242.0 173.63467407226562 3.578242 1.6511592 1.6208935 27.725681 0.03520576 34.14755 -1.8470524549484253 0.40564581751823425
Car 0.0 0 -0.17231658101081848 765.50439453125 161.50071716308594 827.1937255859375 182.5965576171875 4.164881 1.5190004 1.6056299 13.598489 0.70186746 52.916496 0.07922077178955078 0.3729979693889618
Car 0.0 0 -0.9830512404441833 63.26068115234375 192.5161895751953 178.52587890625 237.54124450683594 4.0182233 1.4583987 1.6294234 -18.281609 2.2532659 27.139948 -1.575842022895813 0.30733993649482727
Car 0.0 0 1.6477267742156982 511.23101806640625 183.3073272705078 537.5509643554688 206.85267639160156 3.9280202 1.5217158 1.5300722 -5.972138 2.281078 50.39365 1.5297671556472778 0.3034444749355316
