Pedestrian 0.0 0 -1.8204121589660645 792.9481811523438 166.87855529785156 828.26416015625 252.74954223632812 0.5989043 1.6757054 0.542912 4.124929 1.3916306 14.322803 -1.5400030612945557 0.9079016447067261
Pedestrian 0.0 0 -2.0123724937438965 749.7686767578125 162.08148193359375 784.1690063476562 230.63186645507812 0.7390852 1.7102271 0.5957509 4.1876035 1.2269502 18.343779 -1.7879338264465332 0.7547720074653625
Pedestrian 0.0 0 -1.4563217163085938 188.0686492919922 164.50906372070312 272.16400146484375 346.5763244628906 0.89450353 1.7463872 0.6778661 -3.857569 1.5847828 7.4263544 -1.935402512550354 0.732551634311676
Pedestrian 0.0 0 1.594128966331482 684.61083984375 170.0861053466797 713.6288452148438 237.46653747558594 0.8716173 1.7052611 0.72925365 2.5134532 1.4175797 18.664492 1.727988600730896 0.7098667621612549
Pedestrian 0.0 0 3.1319961547851562 409.6079406738281 170.72909545898438 439.213134765625 231.83001708984375 0.8178925 1.7291008 0.603456 -5.13817 1.4254385 20.719997 2.888918399810791 0.6588230729103088
Pedestrian 0.0 0 -2.9566357135772705 543.8594970703125 175.66673278808594 560.0890502929688 204.27972412109375 0.93414605 1.7773507 0.5169936 -3.085822 1.4157377 44.929165 -3.025209903717041 0.6003740429878235
Pedestrian 0.0 0 2.5482866764068604 806.318603515625 165.8392333984375 841.9791259765625 234.98739624023438 0.60462016 1.5826137 0.52530473 5.1630716 1.2253919 16.777271 2.8468310832977295 0.5541602373123169
Pedestrian 0.0 0 -0.4858609735965729 664.4996948242188 151.00523376464844 781.7113037109375 333.3532409667969 0.9904953 1.7821038 0.70958316 1.209607 1.485446 7.512526 -0.3262191116809845 0.5353481769561768
Pedestrian 0.0 0 -0.7975995540618896 772.6937866210938 167.61309814453125 803.2998046875 218.08901977539062 0.88763756 1.714091 0.56682086 6.4342046 1.2435867 24.86332 -0.5443717837333679 0.4988953471183777
Pedestrian 0.0 0 1.38936448097229 858.131591796875 134.54931640625 907.0810546875 253.959228515625 0.64750963 1.7844164 0.5944846 4.2915745 1.0841104 11.105359 1.7581284046173096 0.4811861217021942
Pedestrian 0.0 0 2.6778879165649414 850.262451171875 136.0477294921875 930.774169921875 239.15785217285156 1.1849655 1.821278 0.6667445 5.2035246 1.019709 13.067976 3.0568320751190186 0.3365665674209595
Cyclist 0.0 0 1.971350908279419 326.65081787109375 162.09939575195312 433.38433837890625 327.55584716796875 1.7827175 1.7865033 0.58248866 -2.6567743 1.5783845 8.670172 1.6740082502365112 0.9396964311599731
Cyclist 0.0 0 -0.48853743076324463 663.972412109375 151.48362731933594 782.8541259765625 333.4626770019531 1.0145638 1.7797991 0.70257294 1.2144313 1.487602 7.5190015 -0.32840538024902344 0.19211465120315552
Car 0.0 0 1.716680645942688 501.8200378417969 169.4830322265625 548.8255004882812 206.98287963867188 4.660288 1.9226136 1.8920472 -4.0809917 1.3073688 39.19428 1.6129323244094849 0.803438127040863
Car 0.0 0 3.4066572189331055 203.4282684326172 190.32643127441406 383.4944152832031 251.9825439453125 3.9834893 1.469877 1.575538 -7.8220387 1.7109373 18.472122 3.006099224090576 0.48373347520828247
Car 0.0 0 3.4953272342681885 164.04010009765625 187.38674926757812 363.2525634765625 261.36517333984375 3.5569599 1.4747367 1.4921585 -7.1319103 1.609012 15.346262 3.0602893829345703 0.321102112531662
Car 0.0 0 -2.0315027236938477 259.0492248535156 176.712646484375 305.4279479980469 199.1456756591797 3.6083503 1.5549984 1.6036583 -22.913614 1.2237942 51.55897 -2.4497029781341553 0.28794974088668823
