Pedestrian 0.0 0 1.3328776359558105 899.4129638671875 153.54617309570312 971.7481079101562 296.6559753417969 0.90977997 1.7638512 0.65291667 4.2832584 1.4206548 9.359632 1.7620594501495361 0.7966896295547485
Pedestrian 0.0 0 0.251160204410553 584.4342041015625 159.82266235351562 603.0712280273438 193.01060485839844 0.9409386 1.8296596 0.5055849 -0.42720556 0.6353994 39.95696 0.24046897888183594 0.6243366003036499
Pedestrian 0.0 0 -1.7273197174072266 761.7643432617188 155.74234008789062 796.5390625 229.42723083496094 0.74488163 1.7650316 0.7175392 4.312387 1.1492356 17.60535 -1.4871019124984741 0.5555886030197144
Pedestrian 0.0 0 -0.7300294637680054 717.8037109375 157.7344207763672 736.5139770507812 194.8187713623047 0.713648 1.8393629 0.58996004 6.304611 0.6614879 36.06541 -0.5569677352905273 0.47812142968177795
Pedestrian 0.0 0 -1.726318359375 864.5494995117188 155.50100708007812 889.01025390625 206.06155395507812 0.8890894 1.8493392 0.7205177 10.237167 0.89942473 26.781506 -1.3612087965011597 0.31257399916648865
Pedestrian 0.0 0 2.8935229778289795 566.5315551757812 161.81393432617188 587.6063232421875 196.61575317382812 1.0683087 1.8849275 0.4722279 -1.3361627 0.8195245 39.27913 2.8595190048217773 0.2898087203502655
Pedestrian 0.0 0 1.1674683094024658 385.8287353515625 150.1155242919922 417.7607727050781 217.0648956298828 0.6235274 1.7780442 0.6422981 -5.4577703 0.9456998 19.519089 0.8948194980621338 0.28373095393180847
Pedestrian 0.0 0 2.5112414360046387 734.0116577148438 155.06170654296875 754.4071044921875 190.52438354492188 0.7984233 1.8338758 0.68264604 7.471202 0.4675354 37.622147 2.7072763442993164 0.27365684509277344
Pedestrian 0.0 0 -0.6715083122253418 793.8684692382812 155.0649871826172 915.0568237304688 373.0781555175781 0.7144427 1.7426181 0.6799185 2.1098862 1.5327103 6.179343 -0.3424780070781708 0.26390570402145386
Cyclist 0.0 0 1.9298791885375977 197.73684692382812 145.2560577392578 379.9965515136719 374.0 1.7185634 1.6944636 0.5597247 -2.0731883 1.4926955 4.894654 1.529227375984192 0.9410627484321594
Car 0.0 0 1.749848484992981 601.2745361328125 166.4593048095703 647.6085205078125 196.99264526367188 4.30872 1.4584472 1.6168699 1.2277521 0.74092394 36.585617 1.78339421749115 0.7237438559532166
Car 0.0 0 1.6583282947540283 425.1361083984375 177.66864013671875 472.21319580078125 218.69381713867188 3.4047992 1.4275383 1.4246889 -5.65578 1.2952846 26.768806 1.4501080513000488 0.40441909432411194
Car 0.0 0 -3.480475425720215 850.7638549804688 151.0626678466797 984.664794921875 194.54730224609375 4.337435 1.5935829 1.7131935 11.921724 0.47918752 27.333466 -3.0691914558410645 0.36849385499954224
Car 0.0 0 -0.9907416105270386 1080.91162109375 148.49327087402344 1238.0 258.4612731933594 3.551691 1.4540021 1.5249517 9.191409 1.0189137 10.721851 -0.28204813599586487 0.23106974363327026
