Pedestrian 0.0 0 1.3897223472595215 1204.2344970703125 167.14495849609375 1242.0 257.8042907714844 1.5356637 1.7035415 0.5876188 12.31896 1.5966233 14.36669 2.0985352993011475 0.19475704431533813
Cyclist 0.0 0 1.4249011278152466 1213.191650390625 167.25552368164062 1242.0 256.1717834472656 1.550777 1.658254 0.551678 12.354789 1.5542023 14.255641 2.1389877796173096 0.45960381627082825
Cyclist 0.0 0 3.375863552093506 287.1955871582031 193.23434448242188 342.69403076171875 246.1929168701172 1.7157319 1.8286779 0.720574 -10.567007 2.570972 25.776222 2.9868075847625732 0.3612690567970276
Car 0.0 0 -1.3894823789596558 455.53424072265625 181.3878631591797 538.796630859375 246.62265014648438 3.442021 1.49793 1.5381962 -2.8850963 1.7408514 18.763578 -1.5420479774475098 0.9465980529785156
Car 0.0 0 1.8528605699539185 285.57574462890625 171.64405822753906 488.94683837890625 305.6721496582031 4.1912365 1.6206557 1.7480081 -3.0993745 1.6063828 10.820336 1.5738903284072876 0.9410799741744995
Car 0.0 0 1.4656299352645874 632.945556640625 175.04373168945312 675.4186401367188 207.55494689941406 3.955835 1.5015647 1.6739775 2.085487 1.6161102 35.608437 1.5241303443908691 0.9080002307891846
Car 0.0 0 -2.176814556121826 862.9830322265625 198.83950805664062 1242.0 375.0 3.858952 1.4436557 1.6031121 2.44069 1.6286724 3.1559398 -1.5185273885726929 0.8904302716255188
Car 0.0 0 1.8063058853149414 553.3848266601562 169.64437866210938 587.6551513671875 193.46763610839844 3.9869184 1.7202708 1.6886529 -2.9502356 1.488863 54.212246 1.7519394159317017 0.7007294297218323
Car 0.0 0 -1.5926613807678223 632.5480346679688 163.24134826660156 657.0051879882812 189.79647827148438 4.4499545 1.912723 1.730743 2.5483549 1.2206969 54.21443 -1.545690894126892 0.5409607887268066
Car 0.0 0 0.9671792387962341 966.2763061523438 155.3280487060547 1088.5164794921875 205.7215118408203 3.543575 1.4225245 1.4924368 12.650075 0.92815375 22.194153 1.4852275848388672 0.5271607041358948
