Pedestrian 0.0 0 0.590177059173584 228.0299530029297 147.9728240966797 348.9768981933594 322.099853515625 1.0125335 1.8381236 0.70453596 -3.5616527 1.4964501 7.8899326 0.16614508628845215 0.8896987438201904
Pedestrian 0.0 0 1.1955255270004272 837.6929321289062 171.20486450195312 872.8496704101562 245.06309509277344 0.6320399 1.8211726 0.6442357 6.2421975 1.593573 17.757011 1.5335664749145508 0.23442542552947998
Pedestrian 0.0 0 -0.6670036911964417 1013.2197875976562 175.23553466796875 1074.0059814453125 278.4284973144531 0.6279294 1.6693045 0.59081805 7.2433953 1.5857971 11.76212 -0.11503013223409653 0.2274397611618042
Pedestrian 0.0 0 -2.300004243850708 822.0557861328125 132.6043243408203 883.7202758789062 238.04844665527344 0.83466655 1.8033961 0.6432218 4.3625956 0.98589027 12.596651 -1.9666028022766113 0.17917370796203613
Pedestrian 0.0 0 -1.0938045978546143 193.78103637695312 162.93768310546875 246.3153839111328 254.44088745117188 0.8456395 1.738021 0.5829989 -7.5721383 1.4060755 13.854255 -1.5940005779266357 0.10860473662614822
Pedestrian 0.0 0 -2.5601916313171387 240.5634002685547 167.28616333007812 291.7248840332031 261.6545104980469 0.66233295 1.7739305 0.61438924 -6.5699797 1.5271736 13.634301 -3.0092315673828125 0.10223214328289032
Cyclist 0.0 0 -2.1281919479370117 830.5546875 136.23678588867188 896.7709350585938 246.53610229492188 1.2584449 1.8573828 0.51273584 4.530084 1.1136624 12.570379 -1.7823020219802856 0.16294562816619873
Car 0.0 0 0.9696356058120728 0.0 148.12112426757812 143.1431427001953 276.229736328125 3.9636137 1.7120945 1.7024325 -9.426771 1.2810423 10.759661 0.2501707077026367 0.20688164234161377
Car 0.0 0 -2.2964324951171875 1138.3787841796875 132.47659301757812 1224.0 246.76168823242188 3.7491617 1.6911567 1.8142589 11.571233 0.9821832 12.356086 -1.5438240766525269 0.15598496794700623
Car 0.0 0 3.6341068744659424 0.0 183.15109252929688 182.90322875976562 265.9559326171875 3.3829286 1.4633639 1.518536 -10.302674 1.5196877 13.569315 2.98470401763916 0.1389671117067337
Car 0.0 0 -1.1810057163238525 485.40338134765625 141.31446838378906 578.8744506835938 198.41893005371094 3.3818393 1.5581048 1.6129745 -2.1198823 0.49050087 21.13786 -1.280959963798523 0.11957880109548569
