Pedestrian 0.0 0 -1.5634874105453491 639.5546264648438 165.1950225830078 701.4147338867188 303.536376953125 0.7028447 1.6858935 0.7539167 0.71376985 1.5929154 9.172401 -1.485826849937439 0.8373134732246399
Pedestrian 0.0 0 -0.0330565869808197 533.8541870117188 168.73095703125 550.4586181640625 198.6949005126953 0.96490777 1.7711891 0.61882603 -4.0813146 1.5278312 43.016163 -0.12765204906463623 0.21526038646697998
Pedestrian 0.0 0 0.029202774167060852 647.2763061523438 168.276611328125 663.2211303710938 199.6809844970703 0.90981996 1.8102859 0.5184856 2.5952518 1.5467836 41.889416 0.09107851982116699 0.21091993153095245
Pedestrian 0.0 0 -3.117279291152954 698.593505859375 167.43045043945312 710.5835571289062 193.51206970214844 0.82477283 1.825816 0.5751196 6.6401734 1.4465039 50.85523 -2.987443685531616 0.1957194209098816
Cyclist 0.0 0 1.7392630577087402 236.7395477294922 173.16555786132812 294.4018859863281 285.7016906738281 1.8392056 1.674865 0.5463243 -5.6009226 1.6806904 11.700403 1.2928043603897095 0.29338183999061584
Cyclist 0.0 0 -0.1276584267616272 528.4555053710938 169.73873901367188 551.429931640625 200.5499267578125 1.3004704 1.8206303 0.5846862 -4.217223 1.6369082 43.063095 -0.22527839243412018 0.13810847699642181
Car 0.0 0 -1.737443447113037 671.3865966796875 178.7714080810547 852.3085327148438 327.8818664550781 3.4845688 1.4854074 1.5781281 1.6366323 1.5745808 9.075523 -1.5590262413024902 0.7247779965400696
Car 0.0 0 -1.7316458225250244 653.4420776367188 175.21275329589844 711.0913696289062 215.47515869140625 3.6700587 1.3734788 1.539521 2.5610743 1.467322 26.712955 -1.636064052581787 0.6173402070999146
Car 0.0 0 2.193570852279663 249.9040985107422 187.46006774902344 403.31353759765625 261.523681640625 3.5452082 1.4573458 1.5506433 -6.5105686 1.837715 16.859129 1.8250393867492676 0.33930423855781555
Car 0.0 0 -1.627743124961853 648.5364990234375 167.2265167236328 679.0457763671875 195.03851318359375 3.6663086 1.6092024 1.6240606 3.1777122 1.2839545 43.591213 -1.554973840713501 0.30758556723594666
Car 0.0 0 -2.5177502632141113 79.27916717529297 196.74497985839844 217.65591430664062 245.54444885253906 3.478288 1.4513466 1.5916605 -14.832957 2.250125 23.219687 -3.0862185955047607 0.20127485692501068
Car 0.0 0 2.0722591876983643 400.1040954589844 156.97315979003906 449.9013977050781 184.81028747558594 3.540237 1.8320835 1.8287019 -12.651647 0.7872531 49.426537 1.8216708898544312 0.1868935525417328
Car 0.0 0 -0.27322477102279663 725.113037109375 172.4979248046875 848.636474609375 216.2971954345703 3.812285 1.4432698 1.5601829 5.931149 1.4318947 24.623087 -0.036850206553936005 0.1851726770401001
Car 0.0 0 1.3968042135238647 712.3978881835938 162.79638671875 766.4798583984375 199.4810791015625 4.225509 1.5136678 1.6288422 5.6003284 1.099033 31.88187 1.5706889629364014 0.17658661305904388
Car 0.0 0 -1.7082233428955078 739.5130615234375 172.7037811279297 782.0026245117188 204.4138946533203 3.6293101 1.4532715 1.5196853 7.2047114 1.4467453 34.926083 -1.504792332649231 0.1755388081073761
