Pedestrian 0.0 0 1.6172499656677246 512.2799072265625 159.38644409179688 527.9882202148438 201.81884765625 0.8598346 1.8879637 0.6658776 -3.9834895 0.7398633 32.434475 1.4950454235076904 0.29169806838035583
Cyclist 0.0 0 0.26379841566085815 198.83425903320312 158.91995239257812 247.73971557617188 199.83103942871094 1.7697282 1.7507315 0.6467709 -16.746098 0.6265741 31.273518 -0.22782261669635773 0.2888784408569336
Car 0.0 0 -1.2984800338745117 312.6632080078125 188.11032104492188 442.6190490722656 269.440185546875 3.614801 1.4018914 1.5355576 -4.4772353 1.4681779 14.347206 -1.6009669303894043 0.9575417041778564
Car 0.0 0 -0.9886153340339661 0.0 189.96307373046875 236.9405975341797 288.0055236816406 4.145074 1.426451 1.6076478 -8.482371 1.5254135 12.733129 -1.5762709379196167 0.9206810593605042
Car 0.0 0 -1.365706443786621 395.1528015136719 180.86581420898438 472.7029113769531 231.88453674316406 3.8651578 1.4508789 1.5886598 -5.3530707 1.3283075 22.394365 -1.6003402471542358 0.9058964252471924
Car 0.0 0 -1.5686036348342896 575.2865600585938 176.861572265625 612.615966796875 211.26251220703125 3.537302 1.5402902 1.6719093 -0.6844681 1.1673689 33.966133 -1.5887523889541626 0.889153242111206
Car 0.0 0 -0.868516206741333 0.0 200.68829345703125 226.46566772460938 376.0 4.0722766 1.4894164 1.6469113 -4.618079 1.6450257 5.1114917 -1.6032451391220093 0.8212295770645142
Car 0.0 0 -1.1955244541168213 264.2099304199219 185.37928771972656 368.8975524902344 236.7630615234375 4.133418 1.4651945 1.636793 -9.039355 1.4719363 22.578604 -1.576332926750183 0.7987996339797974
Car 0.0 0 -1.1344709396362305 290.87921142578125 180.28504943847656 363.5592346191406 215.86480712890625 3.6380448 1.4655797 1.5734701 -12.230337 1.2636108 31.47365 -1.505102276802063 0.3192986845970154
Car 0.0 0 -1.2711057662963867 386.4572448730469 177.01524353027344 445.53497314453125 210.76605224609375 3.679373 1.4311501 1.5511122 -8.59026 1.0845541 32.347473 -1.5306764841079712 0.30923399329185486
