Pedestrian 0.0 0 1.8691596984863281 82.03704833984375 163.5364532470703 126.4278793334961 238.44448852539062 0.98087955 1.8501333 0.6691995 -12.922339 1.6203599 18.388163 1.256588339805603 0.27649733424186707
Pedestrian 0.0 0 -0.4691922068595886 1037.967041015625 152.05682373046875 1104.7037353515625 254.2204132080078 0.8121088 1.7471765 0.57906485 8.031555 1.3918662 12.663934 0.09600043296813965 0.23868784308433533
Pedestrian 0.0 0 2.2976999282836914 166.92247009277344 182.40017700195312 207.34945678710938 244.79641723632812 0.75592464 1.6108097 0.56954634 -11.28194 1.8706074 19.180712 1.7660081386566162 0.13393113017082214
Cyclist 0.0 0 -2.507500410079956 255.13433837890625 192.21534729003906 307.9371643066406 242.97976684570312 1.6989243 1.8198225 0.6993692 -12.226166 2.5524943 26.772503 -2.9358861446380615 0.5777548551559448
Cyclist 0.0 0 -1.0553992986679077 431.4180908203125 186.61026000976562 461.8418273925781 233.0125274658203 1.609085 1.6655835 0.3770831 -6.189673 2.2004871 27.210247 -1.279068946838379 0.26615360379219055
Cyclist 0.0 0 0.47834160923957825 682.6219482421875 191.4226531982422 708.1886596679688 217.45323181152344 1.7194943 1.8311152 0.7068362 6.199324 3.2060108 52.634003 0.5955832004547119 0.1917385756969452
Cyclist 0.0 0 -2.592754364013672 211.1852569580078 185.52195739746094 265.1703186035156 236.1456298828125 1.6782542 1.8526928 0.7003805 -13.957007 2.3346486 27.018312 -3.0695745944976807 0.16513095796108246
Car 0.0 0 1.8464069366455078 181.3936309814453 195.8513946533203 466.88360595703125 375.0 4.6851892 1.4733433 1.7707304 -2.9700167 1.8224823 8.54965 1.512063980102539 0.9621254205703735
Car 0.0 0 0.6566125154495239 687.4117431640625 193.48533630371094 747.514892578125 217.36328125 4.003958 1.5254041 1.7804612 7.639118 3.0632298 51.70816 0.8032867908477783 0.17530682682991028
Car 0.0 0 -1.254027009010315 13.52340030670166 219.6038818359375 130.35324096679688 283.1862487792969 3.8039727 1.4567931 1.701478 -16.026173 2.9944518 21.65081 -1.8912338018417358 0.17384381592273712
Car 0.0 0 2.1477150917053223 703.7763671875 187.06634521484375 759.2095336914062 213.637451171875 3.8050923 1.4952238 1.5554533 7.5091343 2.4118466 44.587852 2.314561605453491 0.17055265605449677
Car 0.0 0 -0.4250594675540924 697.37109375 206.16334533691406 786.09228515625 243.61788940429688 3.5564344 1.5284264 1.8702773 5.9871206 3.1219306 33.16682 -0.24646738171577454 0.14938752353191376
