Car 0.0 0 -1.225752353668213 232.64874267578125 192.41622924804688 415.5841979980469 293.14447021484375 3.6739783 1.3432627 1.5837206 -4.43227 1.480134 11.697372 -1.587947964668274 0.9756020903587341
Car 0.0 0 -1.3242307901382446 361.51513671875 180.25784301757812 458.7662048339844 240.6792755126953 3.8431828 1.4826931 1.6551275 -5.295153 1.3621625 19.572256 -1.588449478149414 0.9369435906410217
Car 0.0 0 -0.8973870873451233 0.0 197.1975860595703 153.9830322265625 331.17364501953125 3.9563239 1.4502753 1.6110653 -8.467985 1.6535995 10.130806 -1.593617558479309 0.8277163505554199
Car 0.0 0 -1.5991765260696411 573.6904296875 176.35069274902344 612.002685546875 208.33740234375 3.4562502 1.406516 1.6704836 -0.770917 1.0178366 33.37448 -1.6222714185714722 0.7468512654304504
Car 0.0 0 -1.0964996814727783 215.1468048095703 184.1225128173828 346.91046142578125 243.72901916503906 4.034533 1.4712682 1.628129 -8.863691 1.4454163 19.797546 -1.5174531936645508 0.7427565455436707
Car 0.0 0 -1.2812302112579346 361.1329345703125 173.63401794433594 427.70709228515625 213.10513305664062 3.7485316 1.5111527 1.604554 -8.674631 1.0688794 29.39398 -1.5682002305984497 0.338975727558136
Car 0.0 0 -1.0461994409561157 510.6755676269531 174.68832397460938 563.0733032226562 200.16453552246094 3.9490232 1.5842171 1.6410013 -4.588551 0.9307124 46.834694 -1.1438610553741455 0.27974507212638855
Car 0.0 0 1.5936691761016846 529.1074829101562 180.3494110107422 549.5658569335938 199.2852020263672 3.7979763 1.4937335 1.5775837 -5.56909 1.1109921 58.65325 1.4990036487579346 0.27572622895240784
Car 0.0 0 1.129606008529663 410.542236328125 177.45599365234375 466.37567138671875 204.6597137451172 3.861774 1.4740567 1.594127 -9.713072 1.0547217 40.95413 0.8967390060424805 0.2728138566017151
Car 0.0 0 -1.383699655532837 479.9287109375 165.46023559570312 536.7876586914062 212.27505493164062 4.247337 1.9322245 1.7321945 -4.3547745 1.1179731 31.831282 -1.5196635723114014 0.2624560296535492
Car 0.0 0 1.951310396194458 264.8642883300781 177.9613800048828 346.8157958984375 217.32659912109375 4.172509 1.4634036 1.5885407 -12.022554 1.1948558 28.817442 1.5560673475265503 0.2617485523223877
Car 0.0 0 -1.4851118326187134 712.5131225585938 169.52513122558594 749.7150268554688 200.04722595214844 3.6878884 1.477732 1.5679057 6.32248 0.7192026 36.78207 -1.3148850202560425 0.24715489149093628
