Pedestrian 0.0 0 -0.6401565670967102 1062.485107421875 115.27322387695312 1149.246337890625 253.23654174804688 0.68819624 1.7632793 0.6617106 6.50192 1.0277097 9.56445 -0.04311615973711014 0.34765589237213135
Pedestrian 0.0 0 -2.081815719604492 671.40576171875 148.5876922607422 694.7238159179688 191.1215057373047 0.8987494 1.9463952 0.7327877 3.356442 0.83629936 33.57403 -1.982175350189209 0.3211081624031067
Pedestrian 0.0 0 3.5062828063964844 189.63787841796875 170.58480834960938 204.4810791015625 197.0440673828125 0.7153949 1.781127 0.57592446 -28.018433 1.628731 48.908047 2.9860434532165527 0.22431959211826324
Cyclist 0.0 0 1.114103078842163 776.0504150390625 176.1050567626953 807.7689208984375 221.3087921142578 1.4704291 1.5907053 0.5220498 6.5660543 1.7129399 26.272873 1.359004259109497 0.2592918574810028
Car 0.0 0 2.0733067989349365 82.50331115722656 192.98179626464844 278.4559326171875 278.41552734375 4.3502507 1.4528763 1.6985791 -8.978143 1.9467559 15.4951315 1.5481593608856201 0.966835618019104
Car 0.0 0 1.8459705114364624 396.72064208984375 181.31338500976562 454.23760986328125 213.77944946289062 4.3899345 1.4902256 1.6866602 -9.28278 1.9443841 36.48767 1.5968468189239502 0.8853070139884949
Car 0.0 0 -1.5095492601394653 588.4959106445312 172.88998413085938 617.4075317382812 196.65200805664062 4.1852355 1.4922678 1.6498272 -0.4533831 1.4950972 47.44907 -1.5191041231155396 0.6834813952445984
Car 0.0 0 1.8274400234222412 464.4197998046875 177.02244567871094 494.53387451171875 195.5802459716797 3.612246 1.4454826 1.5543971 -10.642034 1.7968582 58.895626 1.648675799369812 0.32999947667121887
Car 0.0 0 1.7216066122055054 438.8603820800781 176.0489501953125 483.8934631347656 209.3022003173828 3.9554298 1.4944843 1.552508 -7.1500363 1.6579928 34.827377 1.5191208124160767 0.19032424688339233
Car 0.0 0 2.1411683559417725 411.0583190917969 179.5343017578125 451.9215087890625 198.0008544921875 3.8491066 1.4477745 1.4584264 -14.850411 2.0237312 60.110725 1.8989671468734741 0.1867825835943222
