Pedestrian 0.0 0 0.030514642596244812 523.30810546875 163.57264709472656 545.9351196289062 207.70504760742188 0.89500207 1.7685289 0.68721193 -2.8746817 1.0916898 28.70255 -0.06930670142173767 0.6023958325386047
Pedestrian 0.0 0 0.8501352071762085 386.9007568359375 165.08651733398438 416.8242492675781 212.7849884033203 0.9376197 1.8236649 0.66871715 -7.9441605 1.2358651 27.562143 0.5695137977600098 0.5702199935913086
Pedestrian 0.0 0 -1.5230275392532349 463.0392761230469 161.52589416503906 480.53265380859375 206.97348022460938 0.6422554 1.7875924 0.65644336 -5.3275747 1.0427824 28.168982 -1.7099487781524658 0.5197190046310425
Pedestrian 0.0 0 -1.5528963804244995 423.9190368652344 162.5333709716797 442.9748229980469 212.7494659423828 1.2997408 1.8134147 0.66672796 -6.3835726 1.166121 26.235245 -1.7915786504745483 0.33485499024391174
Pedestrian 0.0 0 1.8756612539291382 107.56121063232422 152.74513244628906 128.25111389160156 189.04637145996094 0.67831844 1.8728982 0.72000355 -25.43322 0.44235408 36.904015 1.272239327430725 0.32416263222694397
Pedestrian 0.0 0 1.7765047550201416 280.80657958984375 173.54566955566406 300.5699462890625 213.279052734375 0.99872637 1.7001042 0.59704006 -13.706471 1.4040208 30.79929 1.357795238494873 0.3202038109302521
Cyclist 0.0 0 -0.2806167006492615 753.0401611328125 156.1818389892578 799.9520874023438 198.62425231933594 1.8303907 1.7731638 0.60357124 7.2172666 0.7586805 29.875586 -0.04358077049255371 0.8369008898735046
Cyclist 0.0 0 -0.4859746992588043 633.1405029296875 161.85076904296875 670.070556640625 194.79049682617188 1.8743145 1.7362584 0.68859273 2.493157 0.75466675 37.960487 -0.4203912019729614 0.8204329609870911
Cyclist 0.0 0 -0.01983940601348877 813.7299194335938 152.0908203125 867.4108276367188 202.0304718017578 1.8020777 1.7485042 0.62740207 8.391352 0.75536084 25.316608 0.30022096633911133 0.6951842308044434
Cyclist 0.0 0 1.6700139045715332 793.477783203125 159.32713317871094 808.5369873046875 193.09963989257812 1.9223392 1.6966348 0.56401795 10.119 0.63439804 36.51331 1.9403610229492188 0.48594945669174194
Cyclist 0.0 0 -2.2117130756378174 989.5388793945312 152.2576904296875 1020.951904296875 187.6159210205078 1.7256864 1.7566212 0.44651043 20.35288 0.35495564 36.00583 -1.697224736213684 0.47117671370506287
Cyclist 0.0 0 -1.5528963804244995 423.9190368652344 162.5333709716797 442.9748229980469 212.7494659423828 1.2997408 1.8134147 0.66672796 -6.3835726 1.166121 26.235245 -1.7915786504745483 0.15001565217971802
Car 0.0 0 -1.4110655784606934 453.62432861328125 175.80307006835938 524.8076171875 225.8023223876953 3.5504038 1.3934016 1.5858513 -3.4606237 1.2640812 21.474632 -1.5708413124084473 0.9721431732177734
Car 0.0 0 2.5488743782043457 1008.4009399414062 152.17022705078125 1106.0784912109375 181.8131103515625 4.1654644 1.5417356 1.6588818 24.019352 0.06971145 37.649815 3.11674427986145 0.729538083076477
Car 0.0 0 -0.4281121492385864 924.485107421875 158.27674865722656 1004.7080688476562 186.7335662841797 3.4545143 1.4696052 1.523187 18.934792 0.3233414 37.34145 0.041176795959472656 0.6462018489837646
Car 0.0 0 -2.247337579727173 244.5121612548828 169.98562622070312 356.6811218261719 212.90525817871094 3.7497034 1.3933737 1.5674291 -10.600952 1.053573 24.51809 -2.6554362773895264 0.3789374530315399
