Pedestrian 0.0 0 2.3532352447509766 635.6599731445312 172.66015625 659.8299560546875 216.55996704101562 0.7262663 1.7407037 0.6495296 1.8498319 1.3911942 28.964483 2.4170141220092773 0.35179853439331055
Pedestrian 0.0 0 2.050075054168701 701.997314453125 186.27598571777344 751.1337280273438 276.5426025390625 0.5515365 1.8772994 0.8890187 2.6575234 1.9846826 15.476765 2.2201271057128906 0.3104950189590454
Pedestrian 0.0 0 -1.5057748556137085 740.1678466796875 149.7576904296875 757.7842407226562 198.55836486816406 1.4352897 1.7555996 0.54947835 5.451414 0.614724 26.604134 -1.3036640882492065 0.22073982656002045
Pedestrian 0.0 0 -1.7936674356460571 723.5715942382812 186.70147705078125 767.3960571289062 279.61578369140625 0.77458674 1.7905716 0.6974129 2.8140247 1.8981211 14.281933 -1.5991255044937134 0.1613660454750061
Pedestrian 0.0 0 1.342602014541626 680.0418090820312 158.47821044921875 707.6759033203125 218.05209350585938 1.0112917 1.995172 0.72615457 3.1318796 1.225237 24.594786 1.46925950050354 0.1599065065383911
Pedestrian 0.0 0 2.969754934310913 672.0691528320312 174.2403106689453 699.2216796875 224.7768096923828 0.8061905 1.6391664 0.5259741 2.7348723 1.4047899 23.582075 3.085211753845215 0.15107116103172302
Pedestrian 0.0 0 1.597287654876709 472.2562561035156 171.07952880859375 507.9327697753906 266.1353454589844 0.8508735 1.8384942 0.6843808 -2.2534869 1.6382033 14.356832 1.4415953159332275 0.14314894378185272
Pedestrian 0.0 0 2.2470486164093018 867.5841674804688 188.7465057373047 972.6399536132812 353.7869873046875 0.67705244 1.691563 0.8147288 3.4531221 1.7780913 7.9233375 2.6580452919006348 0.140211284160614
Cyclist 0.0 0 -1.9591245651245117 667.1030883789062 174.07162475585938 695.638671875 224.85308837890625 1.5981321 1.6257898 0.3574857 2.6107683 1.3890661 23.812569 -1.8499224185943604 0.5450392365455627
Cyclist 0.0 0 1.202327847480774 703.8045043945312 187.7528533935547 761.3738403320312 281.43035888671875 1.6570798 1.8689971 0.64694667 2.7301943 2.011214 15.320825 1.3786782026290894 0.35921600461006165
Cyclist 0.0 0 -1.7224870920181274 641.1377563476562 171.5030517578125 659.3696899414062 217.74864196777344 1.1989852 1.7915419 0.5427865 1.9077446 1.4052798 28.4458 -1.6555213928222656 0.3390416204929352
Cyclist 0.0 0 -0.21764276921749115 737.8275146484375 155.76171875 794.4854125976562 204.00685119628906 1.8268548 1.681183 0.78554654 5.7929354 0.78535366 25.427553 0.00635528564453125 0.2578141987323761
Cyclist 0.0 0 1.8498303890228271 89.80372619628906 191.9462432861328 184.05880737304688 348.5672912597656 1.6245838 1.6526147 0.5153041 -5.5171347 1.790604 8.542662 1.2763899564743042 0.2234894037246704
Cyclist 0.0 0 -1.5122781991958618 740.064697265625 149.60491943359375 757.8642578125 199.11854553222656 1.5092213 1.7785718 0.56097955 5.4510827 0.63392437 26.601997 -1.3101634979248047 0.18964578211307526
Cyclist 0.0 0 2.5551908016204834 754.220947265625 153.19032287597656 815.7133178710938 205.3210906982422 1.7988529 1.6115448 0.71656084 5.8078337 0.7375062 22.839453 2.8042025566101074 0.17931939661502838
Cyclist 0.0 0 -2.8844122886657715 491.2196350097656 173.4686737060547 556.4674682617188 226.7379913330078 1.8366424 1.5870379 0.80936676 -2.3854344 1.3488888 21.93494 -2.992737054824829 0.12596508860588074
Car 0.0 0 2.6030547618865967 614.8043212890625 158.70130920410156 685.2254028320312 185.02748107910156 3.964343 1.5293405 1.6335213 2.9438727 0.20569927 43.353832 2.670854091644287 0.19695056974887848
Car 0.0 0 -0.4137115478515625 0.0 0.0 1238.0 374.0 4.0195413 1.5084584 1.5931321 -3.0332797 1.8072838 1.4873488 -1.5286153554916382 0.1680186539888382
Car 0.0 0 -0.06854140758514404 410.2498779296875 177.46035766601562 488.8622131347656 207.01771545410156 3.8060524 1.448645 1.5805727 -7.7344003 1.251548 36.485207 -0.27743619680404663 0.1665210723876953
