Pedestrian 0.0 0 -0.6322667598724365 1096.516357421875 126.34329223632812 1203.8367919921875 291.8330383300781 0.8142352 1.8533734 0.556675 6.2547455 1.248541 8.199668 0.019379138946533203 0.7960691452026367
Pedestrian 0.0 0 0.6604755520820618 499.7150573730469 164.1859893798828 571.2155151367188 277.171142578125 0.9746979 1.762375 0.64099175 -1.1815141 1.5095615 11.553845 0.5585682392120361 0.6972340941429138
Pedestrian 0.0 0 -0.680802047252655 1129.5811767578125 118.53219604492188 1224.0 301.33251953125 1.0546457 1.827183 0.64254916 6.2049875 1.2094772 7.3927746 0.017465591430664062 0.6941868662834167
Pedestrian 0.0 0 2.7914907932281494 509.42913818359375 165.6834716796875 522.1820678710938 187.71878051757812 0.9719313 1.8831279 0.5143318 -7.6608396 0.61811006 60.870155 2.6662936210632324 0.2657182216644287
Pedestrian 0.0 0 3.25946044921875 490.3897399902344 173.1938934326172 540.4464721679688 287.231201171875 0.7006299 1.7079294 0.61572164 -1.4164317 1.6001675 10.896285 3.1301932334899902 0.2582031190395355
Pedestrian 0.0 0 -0.14294998347759247 773.3878784179688 158.05902099609375 797.61767578125 190.6871795654297 1.2786686 1.8552074 0.559927 10.3379545 0.5806181 40.54366 0.10671329498291016 0.22700272500514984
Cyclist 0.0 0 -2.0477676391601562 971.989501953125 143.51370239257812 1023.1008911132812 210.7200927734375 1.7294191 1.6982671 0.43306205 10.334986 0.76523745 18.73203 -1.5435987710952759 0.571609616279602
Cyclist 0.0 0 0.9872746467590332 872.6813354492188 158.2618408203125 907.3726196289062 195.81124877929688 1.9388916 1.7321644 0.5492002 13.514682 0.7077671 33.61617 1.369529128074646 0.2935607433319092
Cyclist 0.0 0 -0.14294998347759247 773.3878784179688 158.05902099609375 797.61767578125 190.6871795654297 1.2786686 1.8552074 0.559927 10.3379545 0.5806181 40.54366 0.10671329498291016 0.10085957497358322
Car 0.0 0 -0.8055678009986877 0.0 207.04818725585938 288.1135559082031 370.0 3.6553786 1.474382 1.5431479 -3.2082465 1.6743845 3.4375057 -1.5564825534820557 0.8878236413002014
Car 0.0 0 1.7098767757415771 447.0155334472656 168.62322998046875 483.4117431640625 197.73789978027344 3.9987915 1.727782 1.68522 -8.650054 1.0243345 43.996876 1.5157467126846313 0.637494683265686
Car 0.0 0 -1.6200840473175049 643.2611083984375 167.67872619628906 666.9155883789062 187.87559509277344 4.0906205 1.5201672 1.6382439 3.8929706 0.55640584 55.274918 -1.5497709512710571 0.6298105716705322
Car 0.0 0 1.567805290222168 76.00648498535156 196.1264190673828 119.51009368896484 231.07415771484375 3.3251133 1.4285088 1.5490115 -23.19419 2.1838903 32.307377 0.9451518058776855 0.33446717262268066
