Car 0.0 0 -1.7024885416030884 689.79443359375 182.04611206054688 769.4346923828125 245.0902862548828 3.3635557 1.4175633 1.5520632 2.9112594 1.6742592 18.417849 -1.5457183122634888 0.9811244606971741
Car 0.0 0 -2.15307879447937 836.8104248046875 173.0598602294922 1242.0 375.0 3.5456898 1.4781182 1.5630476 2.7688868 1.4802893 4.5531554 -1.6067066192626953 0.9247754216194153
Car 0.0 0 0.40780162811279297 253.4277801513672 180.9163818359375 454.9634094238281 252.611572265625 3.913994 1.4816265 1.599878 -5.649385 1.6718118 16.052004 0.0693972110748291 0.9006829857826233
Car 0.0 0 3.5436220169067383 182.7074432373047 184.35543823242188 411.824462890625 266.8530578613281 3.744975 1.4758787 1.5482358 -5.9542804 1.710296 13.901815 3.138951539993286 0.8811569213867188
Car 0.0 0 3.7770466804504395 0.0 134.53076171875 219.88623046875 295.1481628417969 3.6313798 1.6862549 1.6678421 -6.9183865 1.2842731 8.492708 3.0934505462646484 0.8617404103279114
Car 0.0 0 3.654611587524414 0.0 192.89942932128906 301.4746398925781 301.7088317871094 3.7376623 1.4871366 1.6029211 -7.0013227 1.8203256 11.082965 3.0911948680877686 0.8489113450050354
Car 0.0 0 3.9341893196105957 0.0 199.201416015625 181.24290466308594 375.0 4.270425 1.4323705 1.6102766 -6.3035913 1.6858941 6.106723 3.1329293251037598 0.823555052280426
Car 0.0 0 -0.2054460048675537 748.6657104492188 172.88633728027344 876.449951171875 223.66014099121094 3.7546732 1.5923401 1.6618172 6.48954 1.5937971 23.574703 0.06317639350891113 0.8113370537757874
Car 0.0 0 0.37201207876205444 326.8887023925781 176.81805419921875 481.7872314453125 230.29562377929688 4.0291095 1.468291 1.5581497 -5.9474134 1.5888959 20.917913 0.0950005054473877 0.7254677414894104
Car 0.0 0 -1.629451870918274 636.8009033203125 176.04783630371094 661.5034790039062 197.59947204589844 3.6212144 1.4868394 1.5663956 2.7698402 1.7259865 52.128727 -1.5763671398162842 0.6593546271324158
Car 0.0 0 0.24720065295696259 368.56866455078125 179.185302734375 497.9416809082031 221.763427734375 4.235457 1.4601734 1.5703582 -6.2913003 1.6938206 25.781898 0.007858037948608398 0.5487645268440247
