Pedestrian 0.0 0 1.7513198852539062 470.431640625 165.12718200683594 491.9671325683594 211.9138641357422 0.9243511 1.8641 0.70526266 -5.24954 1.556602 29.20827 1.5734905004501343 0.365983247756958
Cyclist 0.0 0 1.451682686805725 593.3800048828125 166.74945068359375 609.8504638671875 204.48580932617188 1.7011983 1.764892 0.5891844 -0.45027804 1.4797462 34.62484 1.4386789798736572 0.842350423336029
Car 0.0 0 -1.122130036354065 0.0 185.1929473876953 423.98089599609375 375.0 3.7208529 1.446632 1.5729388 -2.927145 1.5847031 6.1846533 -1.5641835927963257 0.9836692214012146
Car 0.0 0 -1.751703143119812 689.190185546875 181.33734130859375 796.7529296875 278.1172790527344 2.8551304 1.6354123 1.5164536 2.400526 1.8158196 13.876302 -1.5804039239883423 0.9645463824272156
Car 0.0 0 3.4659276008605957 265.1925964355469 172.87237548828125 434.1878967285156 229.0277557373047 4.0289288 1.4643922 1.610471 -7.04208 1.4652724 19.658363 3.121945858001709 0.9137322902679443
Car 0.0 0 1.7119975090026855 493.9874267578125 168.37364196777344 558.0277709960938 222.92947387695312 4.1305704 1.8056585 1.720952 -2.9763741 1.6577282 25.966124 1.5978703498840332 0.8985594511032104
Car 0.0 0 -1.6086331605911255 677.6873779296875 183.1471710205078 745.567626953125 251.51905822753906 3.4089723 1.5419724 1.5740685 2.4866905 1.8326252 18.574928 -1.475550889968872 0.8976315259933472
Car 0.0 0 -1.4458191394805908 529.6858520507812 176.14076232910156 573.11181640625 209.2996826171875 3.8592942 1.4493159 1.5644696 -2.7345223 1.6129842 33.88591 -1.526342511177063 0.7187991738319397
Car 0.0 0 1.480450987815857 630.2620849609375 172.77191162109375 660.1697387695312 197.28297424316406 4.3356776 1.6600287 1.7216433 2.4197602 1.654826 51.066742 1.5277998447418213 0.47384366393089294
Car 0.0 0 0.1795520782470703 444.2258605957031 161.65237426757812 523.328857421875 194.68190002441406 3.7561657 1.6527961 1.6489708 -6.45532 1.0926249 36.93972 0.0065462589263916016 0.4619990289211273
