Pedestrian 0.0 0 0.7102518081665039 122.22994232177734 188.7301025390625 156.70266723632812 240.14578247070312 0.7314896 1.816687 0.75682 -17.107822 2.402366 26.175894 0.13136982917785645 0.8489911556243896
Car 0.0 0 2.0200414657592773 167.74942016601562 203.12107849121094 352.4806823730469 309.2713928222656 3.5799336 1.4557977 1.4966155 -5.9903054 2.0649562 12.713888 1.5797288417816162 0.9518322348594666
Car 0.0 0 1.8529267311096191 319.37603759765625 192.8657684326172 426.4655456542969 259.8340759277344 3.9845757 1.431019 1.5664861 -6.0228567 2.0041885 18.63513 1.5403245687484741 0.9456869959831238
Car 0.0 0 2.585679292678833 943.0606689453125 139.240234375 1179.0389404296875 218.0385284423828 3.7849069 1.5113747 1.6218525 8.9837885 0.8670104 14.659012 3.1354944705963135 0.944011390209198
Car 0.0 0 -1.7873451709747314 681.7738647460938 173.6209259033203 771.4794311523438 231.95330810546875 4.091041 1.4925803 1.657806 3.160813 1.5170732 20.609278 -1.635162591934204 0.9377011656761169
Car 0.0 0 1.8389588594436646 407.6382141113281 189.96607971191406 482.9767150878906 235.51779174804688 4.184646 1.4224527 1.61612 -5.929892 2.09598 26.254427 1.6168235540390015 0.9292371273040771
Car 0.0 0 2.228215456008911 0.0 213.148193359375 236.04383850097656 375.0 3.918169 1.4815822 1.5605419 -5.986184 2.0356452 7.944255 1.582463026046753 0.917499303817749
Car 0.0 0 -1.703339695930481 668.530517578125 175.03273010253906 728.9774780273438 220.04840087890625 4.1032286 1.4879111 1.6219634 3.0826876 1.5733488 26.109688 -1.5858169794082642 0.85563725233078
Car 0.0 0 2.575732469558716 922.9641723632812 143.0569305419922 1091.491455078125 212.18728637695312 3.1770563 1.5600398 1.5515078 9.322713 0.88797814 17.162205 3.0733489990234375 0.8463175296783447
Car 0.0 0 1.8769627809524536 484.1425476074219 182.71670532226562 534.0891723632812 212.1876983642578 4.235654 1.5411882 1.6407317 -5.7621264 2.138508 41.444714 1.738816738128662 0.8129286170005798
Car 0.0 0 2.5813252925872803 862.7301635742188 152.8057403564453 1006.9612426757812 212.98629760742188 3.27036 1.557436 1.5334209 8.751666 1.0389574 19.659788 3.00014328956604 0.7869622111320496
