Pedestrian 0.0 0 -1.9240983724594116 776.6168823242188 185.55772399902344 843.4108276367188 307.267822265625 0.74009776 1.5187004 0.624823 2.5588214 1.6929959 9.479926 -1.6604610681533813 0.5875743627548218
Pedestrian 0.0 0 -0.41685211658477783 998.4049072265625 143.29017639160156 1049.7818603515625 231.7192840576172 0.70675576 1.671139 0.52681196 7.934454 1.1127977 13.930579 0.10089254379272461 0.16935543715953827
Pedestrian 0.0 0 1.0842795372009277 923.7588500976562 148.3103790283203 984.5211791992188 231.39230346679688 1.5011791 1.6790055 0.5191632 7.2364717 1.1833606 15.34051 1.5250507593154907 0.1613152176141739
Pedestrian 0.0 0 -0.49032407999038696 1060.6126708984375 153.4664764404297 1123.8780517578125 248.63775634765625 0.761978 1.6426313 0.5465673 8.463928 1.3083656 12.759132 0.09538745880126953 0.11595668643712997
Pedestrian 0.0 0 1.42429780960083 838.568115234375 149.1138916015625 864.9520874023438 210.12266540527344 0.84495395 1.8002375 0.63579506 7.236549 1.1000761 21.759544 1.745360255241394 0.10813888162374496
Cyclist 0.0 0 1.0842795372009277 923.7588500976562 148.3103790283203 984.5211791992188 231.39230346679688 1.5011791 1.6790055 0.5191632 7.2364717 1.1833606 15.34051 1.5250507593154907 0.2072470486164093
Car 0.0 0 2.031728506088257 239.3776092529297 186.1248321533203 307.7513122558594 218.484130859375 3.877758 1.4341472 1.4809631 -16.519112 2.1241908 35.538235 1.5966135263442993 0.9244295954704285
Car 0.0 0 1.8242961168289185 382.1676330566406 181.1979522705078 419.1649475097656 205.5015106201172 3.5564704 1.516926 1.5252633 -13.930551 2.0939796 48.067398 1.5422112941741943 0.691504716873169
Car 0.0 0 2.033569812774658 341.7546081542969 179.63394165039062 375.0428161621094 196.39004516601562 3.5204468 1.4682317 1.4851125 -23.188385 2.1112523 66.55068 1.69829261302948 0.1298372745513916
Car 0.0 0 2.0241823196411133 162.50755310058594 192.55294799804688 231.38902282714844 224.4352264404297 3.7003598 1.4339224 1.5779923 -20.95306 2.4879065 36.691868 1.50531804561615 0.10337886959314346
