Pedestrian 0.0 0 -1.802882194519043 772.20263671875 179.16795349121094 790.364501953125 220.1438446044922 0.61995375 1.7321838 0.63025224 7.2921376 2.0057166 30.90465 -1.5711644887924194 0.1940411776304245
Pedestrian 0.0 0 1.2863895893096924 862.5989379882812 145.38819885253906 882.7044067382812 187.4517059326172 0.6165185 1.9478201 0.73943317 12.239202 0.67632896 33.74038 1.6343743801116943 0.18596534430980682
Pedestrian 0.0 0 -1.3461272716522217 907.1990356445312 183.07833862304688 927.942138671875 229.20132446289062 0.62953246 1.5780374 0.54285705 10.734884 1.9425454 25.281435 -0.944582462310791 0.18175749480724335
Pedestrian 0.0 0 3.5299887657165527 292.0190124511719 169.6145782470703 306.75665283203125 194.6934356689453 0.86433905 1.8460078 0.53332484 -23.00625 1.6079178 53.38294 3.123075485229492 0.17822469770908356
Pedestrian 0.0 0 0.6219621896743774 796.8092041015625 149.8365936279297 824.1578979492188 201.97625732421875 0.69132274 1.8505458 0.67117864 7.203869 1.0339679 26.085897 0.8914060592651367 0.16256465017795563
Pedestrian 0.0 0 -1.5896040201187134 1143.5174560546875 153.251708984375 1168.6746826171875 207.89512634277344 0.5475617 2.0056155 0.7372283 20.324278 1.2864968 26.918457 -0.9428906440734863 0.15594470500946045
Car 0.0 0 1.9964098930358887 193.6107940673828 182.21566772460938 329.8450927734375 257.3047790527344 3.6730785 1.5793618 1.5851378 -8.315774 1.8306378 17.485693 1.5524917840957642 0.9671468138694763
Car 0.0 0 -1.5568190813064575 578.4617309570312 181.56883239746094 614.3858032226562 217.72543334960938 4.4950933 1.5903022 1.6341963 -0.6687728 2.0414732 35.070286 -1.5758862495422363 0.9166625142097473
Car 0.0 0 1.8294436931610107 380.1656799316406 180.9916534423828 442.2197265625 223.9504852294922 3.9356992 1.6844683 1.6166471 -8.501793 2.0569007 31.012848 1.561879277229309 0.9146286249160767
Car 0.0 0 1.6676660776138306 466.8404235839844 174.83697509765625 499.63433837890625 201.94676208496094 3.7806747 1.5217316 1.555961 -7.496609 1.6448673 42.72765 1.4939827919006348 0.3326565623283386
Car 0.0 0 1.6505457162857056 481.6011657714844 179.70603942871094 509.2723388671875 203.3562469482422 3.5204344 1.4742168 1.5384434 -7.5921 1.9461396 47.839756 1.4931596517562866 0.3124437630176544
Car 0.0 0 -3.0937554836273193 865.8294677734375 162.6246337890625 928.3824462890625 187.86810302734375 3.604432 1.54506 1.6042427 18.127066 0.9193161 45.635017 -2.715649366378784 0.17563748359680176
Car 0.0 0 1.8064870834350586 379.509765625 175.55950927734375 450.59716796875 219.78237915039062 3.9016023 1.441509 1.5757021 -6.8992567 1.5457411 25.728827 1.5444977283477783 0.1629546582698822
