Pedestrian 0.0 0 0.2289583534002304 686.246826171875 152.9590606689453 781.3433227539062 300.9372253417969 1.0572855 1.7751698 0.7374875 1.6047766 1.4464654 9.024087 0.4049510955810547 0.7458640933036804
Pedestrian 0.0 0 -2.6249094009399414 692.4641723632812 168.1208953857422 732.1058349609375 242.21290588378906 0.75351334 1.8110958 0.66977704 2.66123 1.5101011 17.774088 -2.476288080215454 0.21447724103927612
Pedestrian 0.0 0 0.11206618696451187 628.2930297851562 171.70156860351562 690.9788818359375 270.7860107421875 1.0846897 1.7577609 0.6073259 0.9651945 1.6033194 12.937068 0.18653512001037598 0.1769600212574005
Pedestrian 0.0 0 1.7050424814224243 839.6241455078125 172.35525512695312 869.1453247070312 242.42156982421875 0.65478265 1.7213475 0.62022173 6.2451177 1.52285 17.797947 2.0425097942352295 0.13756538927555084
Pedestrian 0.0 0 -0.6730126142501831 1012.1455078125 169.31927490234375 1072.3775634765625 273.39825439453125 0.6173466 1.6822935 0.5910984 7.216377 1.503226 11.754528 -0.1224183738231659 0.13516879081726074
Pedestrian 0.0 0 0.0030998140573501587 675.205322265625 170.47604370117188 717.9771728515625 259.16595458984375 0.8555423 1.7822322 0.58083534 1.8414342 1.5824271 14.546285 0.12902140617370605 0.10842284560203552
Cyclist 0.0 0 -2.158489465713501 872.538330078125 157.5093994140625 957.3847045898438 282.2653503417969 1.6823072 1.8626553 0.37519217 4.912141 1.5210582 11.412735 -1.7520465850830078 0.13945750892162323
Cyclist 0.0 0 -1.8370361328125 760.3775634765625 131.86038208007812 805.4556274414062 239.81394958496094 0.92973214 1.8362819 0.5428195 3.0861018 1.0105737 12.493136 -1.594860553741455 0.12127335369586945
Car 0.0 0 -1.5077245235443115 660.4594116210938 153.72796630859375 693.7484130859375 183.16110229492188 4.070308 1.6469935 1.7018098 4.29142 0.15029801 41.70705 -1.4051909446716309 0.11417379230260849
Car 0.0 0 -1.2094067335128784 485.77667236328125 142.88058471679688 576.8541259765625 199.5774383544922 3.513349 1.5477904 1.5715107 -2.1461577 0.52238244 21.196833 -1.3103117942810059 0.10461271554231644
