Car 0.0 0 -2.0562922954559326 805.3469848632812 194.06300354003906 1241.609130859375 375.0 3.4931602 1.4744885 1.5956638 2.9287398 1.7067441 6.110468 -1.6093424558639526 0.9772977828979492
Car 0.0 0 -1.7147350311279297 666.9833984375 180.1497344970703 732.9367065429688 230.4086151123047 3.7775135 1.4831494 1.608284 2.8310647 1.7430036 23.75256 -1.5961048603057861 0.9752321839332581
Car 0.0 0 -1.835124135017395 723.5379028320312 183.5523223876953 892.8421020507812 299.7549133300781 3.7637374 1.5142337 1.6376982 2.9276454 1.7154124 11.645097 -1.5888227224349976 0.9615910649299622
Car 0.0 0 -2.718743324279785 191.70968627929688 172.7755126953125 409.3729553222656 253.86305236816406 3.685815 1.5354371 1.6141615 -6.1579814 1.534309 14.5063 -3.1201937198638916 0.8914715051651001
Car 0.0 0 3.7236313819885254 0.0 154.94032287597656 295.1886901855469 275.950439453125 3.7266607 1.512597 1.6044075 -6.556819 1.2890382 9.830054 3.135385751724243 0.8679453730583191
Car 0.0 0 0.39273732900619507 334.7572937011719 176.24452209472656 480.1343078613281 230.3794708251953 3.9784548 1.5787134 1.6719536 -6.230711 1.6886069 22.240158 0.1195840835571289 0.8641386032104492
Car 0.0 0 -1.647567629814148 648.1248779296875 174.34950256347656 687.4410400390625 207.2870330810547 3.6704013 1.4849863 1.587595 2.6767266 1.560724 34.530106 -1.5702036619186401 0.8190939426422119
Car 0.0 0 -2.530914545059204 103.66020965576172 197.5664520263672 372.9613037109375 296.3319091796875 3.795031 1.438555 1.5622059 -6.169903 1.8874305 12.05853 -3.0038490295410156 0.8021605014801025
Car 0.0 0 0.673149824142456 0.0 155.97605895996094 286.81903076171875 344.9960021972656 4.046328 1.7607286 1.6639246 -5.846837 1.6038678 7.5833035 0.01633453369140625 0.7274729013442993
Car 0.0 0 -2.8994696140289307 380.1123046875 169.93319702148438 500.59320068359375 216.43031311035156 4.119391 1.6913558 1.7124771 -6.3520417 1.5854685 27.124632 -3.1295042037963867 0.6368041038513184
