Pedestrian 0.0 0 1.2315518856048584 892.9857177734375 138.06741333007812 924.5648193359375 203.73373413085938 0.81135905 1.7749304 0.5660054 8.192631 0.835023 19.919653 1.6217477321624756 0.2937934398651123
Pedestrian 0.0 0 -3.4365310668945312 989.3999633789062 142.993896484375 1032.3284912109375 225.15818786621094 0.67026275 1.7300617 0.5695273 8.573364 1.1016814 15.538214 -2.932337760925293 0.21240368485450745
Pedestrian 0.0 0 -0.575892984867096 1005.7720947265625 145.14459228515625 1097.18310546875 300.4582214355469 0.6687143 1.7954094 0.69309986 5.2463355 1.4754492 8.695557 -0.033024728298187256 0.20021240413188934
Pedestrian 0.0 0 -1.3179218769073486 880.3226318359375 164.6776123046875 930.9689331054688 255.678955078125 0.4682022 1.6824554 0.8033829 5.587845 1.5316463 13.764609 -0.9322903156280518 0.18206340074539185
Pedestrian 0.0 0 -1.9834669828414917 842.5767822265625 161.2924346923828 859.435546875 192.8502655029297 0.56724864 1.676608 0.6860777 12.869802 1.062722 38.64487 -1.6619917154312134 0.17095693945884705
Pedestrian 0.0 0 2.8821945190429688 428.10894775390625 135.80972290039062 475.32403564453125 191.00022888183594 1.4610081 1.8079758 0.52604467 -5.3517528 0.5948072 24.203037 2.664577007293701 0.11198944598436356
Cyclist 0.0 0 2.2122066020965576 431.3706359863281 134.8518829345703 473.05010986328125 191.106689453125 1.5615585 1.8249218 0.5426017 -5.326495 0.5924803 24.227325 1.9957947731018066 0.2728532552719116
Cyclist 0.0 0 2.9362783432006836 383.9972229003906 128.9327850341797 440.1977844238281 192.89987182617188 1.4714521 1.7831126 0.5582101 -5.7207627 0.55914605 20.695147 2.6665830612182617 0.15633024275302887
Car 0.0 0 -1.899590015411377 799.7492065429688 187.59425354003906 1133.216552734375 375.0 3.0279934 1.5194385 1.5618967 2.6629176 1.6792436 6.2340226 -1.4958922863006592 0.9607452750205994
Car 0.0 0 2.076795816421509 0.0 191.39901733398438 451.4720764160156 375.0 3.9695916 1.4042128 1.7120184 -2.7161827 1.6040769 5.72477 1.6337870359420776 0.9585317373275757
Car 0.0 0 1.751330018043518 639.3359375 175.9952850341797 673.0742797851562 201.96804809570312 3.9348643 1.6993934 1.6467135 3.2014062 1.9258618 49.825623 1.8154940605163574 0.8300504088401794
Car 0.0 0 -0.264798641204834 887.476318359375 173.28819274902344 1169.23388671875 257.54949951171875 4.3455696 1.444269 1.613254 7.629802 1.4536506 13.685402 0.24379515647888184 0.28601551055908203
