Car 0.0 0 3.6729001998901367 0.0 162.27127075195312 215.5541534423828 287.60491943359375 3.8274639 1.591172 1.6730133 -8.031105 1.4571767 10.241672 3.0078928470611572 0.948722243309021
Car 0.0 0 3.872234344482422 0.0 155.64236450195312 109.79692840576172 320.9098815917969 3.897992 1.5521297 1.6454058 -7.9653916 1.3908426 7.73018 3.0718514919281006 0.875783383846283
Car 0.0 0 -0.6967403292655945 905.7057495117188 193.29197692871094 1242.0 375.0 3.646087 1.4559613 1.5645334 4.556699 1.6516778 6.0233703 -0.04909022897481918 0.8694913387298584
Car 0.0 0 -1.746619701385498 467.8529357910156 175.47422790527344 507.758544921875 206.93711853027344 3.8248715 1.7696625 1.6950709 -7.360547 1.9338136 43.01485 -1.9160946607589722 0.8299682140350342
Car 0.0 0 3.3665084838867188 165.503662109375 153.10946655273438 335.161865234375 226.6538543701172 3.7200913 1.8121164 1.6864386 -9.386688 1.3259739 19.02633 2.9081928730010986 0.7861773371696472
Car 0.0 0 0.5233030319213867 12.328133583068848 166.87217712402344 293.4794616699219 266.21490478515625 3.9126937 1.6329244 1.6163626 -7.949674 1.5349572 12.733157 -0.03481334447860718 0.783572256565094
Car 0.0 0 -2.373918056488037 1121.100830078125 183.1549530029297 1216.7437744140625 213.4568328857422 3.9208 1.449449 1.6598908 29.259565 2.021376 37.97261 -1.717397928237915 0.7055758833885193
Car 0.0 0 2.1730387210845947 1114.844482421875 176.27317810058594 1242.0 375.0 4.035254 1.4368291 1.5920551 4.9891376 1.4579127 3.5439377 3.126209259033203 0.6466849446296692
Car 0.0 0 3.384945869445801 229.28427124023438 171.93051147460938 358.1327819824219 217.2522430419922 3.7919273 1.4929918 1.6163034 -10.852724 1.4629284 24.879948 2.9736239910125732 0.44901347160339355
Car 0.0 0 3.4057435989379883 199.1167449951172 173.9246368408203 351.93682861328125 224.5947723388672 3.9211714 1.4531417 1.5790585 -10.055538 1.4875525 21.841532 2.9742863178253174 0.4410136938095093
