Car 0.0 0 -1.1271899938583374 55.21223831176758 196.3140869140625 378.91461181640625 369.21527099609375 4.0367556 1.4480951 1.6039075 -4.113864 1.6089184 8.308636 -1.5869349241256714 0.9732055068016052
Car 0.0 0 -1.3223226070404053 393.2139892578125 184.74063110351562 483.48016357421875 241.3047637939453 3.3544621 1.3838681 1.5740763 -4.484081 1.3733766 19.275938 -1.550883412361145 0.9635166525840759
Car 0.0 0 -1.4796029329299927 460.63018798828125 181.40135192871094 507.7522888183594 218.3994903564453 3.9326637 1.4108673 1.5493526 -5.029951 1.2665448 29.429468 -1.6488827466964722 0.9285180568695068
Car 0.0 0 -1.3151856660842896 346.8426818847656 178.66671752929688 416.829833984375 221.6612091064453 3.900653 1.5436003 1.645543 -8.676895 1.3096081 27.79163 -1.6178085803985596 0.8819665908813477
Car 0.0 0 -1.129921317100525 187.37705993652344 165.65072631835938 303.05401611328125 214.85821533203125 4.624695 1.5484295 1.7679113 -12.436564 0.9339031 24.947584 -1.5923744440078735 0.8736966848373413
Car 0.0 0 -1.4532486200332642 497.8643493652344 182.39100646972656 533.7197875976562 209.63693237304688 3.3501384 1.4004241 1.530611 -4.9298186 1.2563684 38.627186 -1.5801880359649658 0.7697186470031738
Car 0.0 0 -1.5677680969238281 577.6474609375 175.8140869140625 608.7421264648438 204.08775329589844 2.5974212 1.459097 1.6049979 -0.80559546 0.9750471 38.406563 -1.5887404680252075 0.5762342214584351
Car 0.0 0 2.2999329566955566 0.0 202.64181518554688 107.04429626464844 359.9042663574219 3.670434 1.4354026 1.5676078 -8.231098 1.6953204 8.819762 1.5490450859069824 0.5164437890052795
Car 0.0 0 -2.2741923332214355 0.0 220.10643005371094 168.9814910888672 376.0 3.927715 1.4764377 1.585595 -5.3377132 1.7431118 4.648727 -3.1284735202789307 0.5063745379447937
Car 0.0 0 -0.8531425595283508 0.0 189.21766662597656 103.71886444091797 267.20806884765625 3.6671412 1.420398 1.5513924 -12.738241 1.5160357 15.12494 -1.5530915260314941 0.5009375214576721
Car 0.0 0 -1.1125059127807617 185.5009307861328 197.54261779785156 323.44024658203125 266.1296081542969 3.4976182 1.4058305 1.5494077 -8.292631 1.7306051 17.115505 -1.5636848211288452 0.4059888422489166
