Pedestrian 0.0 0 0.8113527894020081 384.9136047363281 150.308837890625 447.417236328125 258.199462890625 0.76283044 1.7924052 0.71875316 -3.3118603 1.2924849 12.246705 0.5472414493560791 0.8180140256881714
Pedestrian 0.0 0 0.6799399852752686 617.6490478515625 152.3323974609375 681.0768432617188 247.86801147460938 1.1069616 1.889317 0.71141744 0.87080383 1.3339027 14.613457 0.7394587993621826 0.7972412109375
Pedestrian 0.0 0 2.8163986206054688 64.33895874023438 186.73683166503906 110.64234924316406 267.7713928222656 0.6443743 1.6680498 0.576853 -11.05296 1.8062049 15.044664 2.182776927947998 0.5888720154762268
Pedestrian 0.0 0 -1.6506519317626953 2.4794039726257324 177.95196533203125 51.35468292236328 271.7102966308594 0.72852254 1.7144561 0.66068673 -11.016794 1.6695025 13.415572 -2.3381834030151367 0.5739108920097351
Pedestrian 0.0 0 -2.7819018363952637 1153.947998046875 143.19126892089844 1224.0 238.02088928222656 0.9600043 1.7157414 0.55307347 11.014515 1.0423595 13.341545 -2.091756582260132 0.5407971143722534
Pedestrian 0.0 0 -2.1228904724121094 1140.9510498046875 139.1365966796875 1187.0533447265625 199.26211547851562 1.0469316 1.800478 0.65838414 17.130198 0.56339955 21.72578 -1.455217719078064 0.5124338269233704
Pedestrian 0.0 0 -1.0293612480163574 114.81596374511719 184.0340118408203 158.8582763671875 260.1598205566406 0.5877551 1.6985097 0.62407184 -10.698077 1.782184 16.1067 -1.6156545877456665 0.48704737424850464
Pedestrian 0.0 0 -1.4038660526275635 175.73336791992188 158.80479431152344 215.02745056152344 243.6773223876953 0.8564078 1.7442628 0.5912006 -8.737693 1.3000169 15.030825 -1.9304356575012207 0.3625403046607971
Pedestrian 0.0 0 -1.4572227001190186 354.7440490722656 177.90000915527344 384.8135986328125 247.3501739501953 0.6949974 1.8135455 0.6891924 -6.306375 1.7472395 18.86956 -1.7797610759735107 0.30206534266471863
Cyclist 0.0 0 -3.519721508026123 952.4863891601562 152.2123565673828 1011.2212524414062 198.43519592285156 1.8378516 1.7210548 0.68623364 14.223382 0.6693103 26.763437 -3.031233072280884 0.8383023142814636
Cyclist 0.0 0 -1.3224515914916992 922.6839599609375 149.14047241210938 952.89111328125 203.5148468017578 1.7282581 1.6898842 0.47292724 10.707742 0.7168258 22.78703 -0.8831684589385986 0.771372377872467
Cyclist 0.0 0 -2.7137563228607178 245.50485229492188 130.19158935546875 344.98095703125 220.95591735839844 1.7788888 1.7881905 0.50853324 -6.2442102 0.7986709 14.19102 -3.128272771835327 0.31707197427749634
Cyclist 0.0 0 -2.1228904724121094 1140.9510498046875 139.1365966796875 1187.0533447265625 199.26211547851562 1.0469316 1.800478 0.65838414 17.130198 0.56339955 21.72578 -1.455217719078064 0.24828791618347168
Car 0.0 0 -1.1444683074951172 119.861328125 188.7633819580078 430.958740234375 359.8501892089844 3.6837149 1.3525738 1.5639952 -3.2083526 1.4652253 7.6277843 -1.5426180362701416 0.9750960469245911
Car 0.0 0 -0.7017613649368286 1113.2197265625 145.58511352539062 1224.0 192.6324920654297 4.3045793 1.4941983 1.672656 19.470888 0.3868713 23.298937 -0.0056288279592990875 0.6831162571907043
Car 0.0 0 1.7823516130447388 457.5660095214844 169.9158935546875 494.7392883300781 193.34986877441406 4.1687675 1.5334284 1.6650927 -8.759382 0.8421738 48.371834 1.6032085418701172 0.6510446071624756
