Pedestrian 0.0 0 1.5632543563842773 779.67578125 162.4333953857422 817.72998046875 246.3533172607422 0.755881 1.7301949 0.7612868 4.1494856 1.3383325 15.269945 1.8285890817642212 0.8568518757820129
Pedestrian 0.0 0 2.0806140899658203 358.6086730957031 179.4455108642578 448.9716491699219 336.3941955566406 0.89439726 1.6346062 0.61280924 -2.2232714 1.6145713 7.985663 1.8090823888778687 0.7885748147964478
Pedestrian 0.0 0 2.5799763202667236 874.64111328125 167.92591857910156 953.640869140625 281.38037109375 0.9879533 1.7601631 0.6104656 4.9605036 1.5508711 11.519664 2.986590623855591 0.7526201605796814
Pedestrian 0.0 0 1.2567567825317383 691.9878540039062 164.14865112304688 716.2698364257812 215.79345703125 0.5459277 1.7693957 0.69920087 3.5384452 1.175995 24.93726 1.3977097272872925 0.6560888886451721
Pedestrian 0.0 0 1.238336205482483 749.9127807617188 165.68067932128906 775.03076171875 214.3704376220703 0.7975951 1.8010724 0.6978968 6.0278316 1.2169412 27.004713 1.4579501152038574 0.6552649140357971
Pedestrian 0.0 0 1.4564765691757202 600.3541259765625 172.88363647460938 617.3572387695312 217.7808380126953 0.51861995 1.8878046 0.6661031 0.2970405 1.5264868 30.494076 1.4662171602249146 0.6516374349594116
Pedestrian 0.0 0 1.7212966680526733 560.6845092773438 173.22486877441406 583.9328002929688 226.25762939453125 0.9417179 1.8794807 0.70816815 -1.0677971 1.5872673 25.961872 1.6801904439926147 0.6445167064666748
Pedestrian 0.0 0 2.0353522300720215 545.0007934570312 170.0118408203125 572.2011108398438 229.23594665527344 0.68713087 1.839062 0.61825234 -1.3791634 1.4834356 22.740969 1.9747798442840576 0.5958355069160461
Pedestrian 0.0 0 1.3542327880859375 581.66064453125 174.05413818359375 609.9918212890625 238.5569610595703 0.7663538 1.7115831 0.6168759 -0.18965378 1.5151732 19.501026 1.3445078134536743 0.5301681756973267
Pedestrian 0.0 0 1.7975375652313232 466.79779052734375 174.23863220214844 512.9859619140625 272.91668701171875 1.1091717 1.739966 0.610778 -2.079473 1.6132026 13.238446 1.6417323350906372 0.47771573066711426
Pedestrian 0.0 0 3.338250160217285 320.3675231933594 175.55751037597656 380.6896057128906 303.0992126464844 0.6952378 1.684488 0.48720434 -3.4486115 1.6073316 9.7751875 2.9990899562835693 0.4444029927253723
Pedestrian 0.0 0 0.1612640619277954 626.5657958984375 177.01112365722656 640.5808715820312 218.54718017578125 0.5087242 1.7462965 0.58549064 1.3533207 1.5585479 30.536781 0.2055528163909912 0.4413640797138214
Pedestrian 0.0 0 1.6170663833618164 610.6329345703125 177.53668212890625 624.615478515625 216.9454345703125 0.6585442 1.7143469 0.5861705 0.7013548 1.5428952 31.59472 1.639261245727539 0.4351920187473297
Pedestrian 0.0 0 -1.4208095073699951 571.5169067382812 169.83103942871094 586.8177490234375 206.69651794433594 0.822658 1.6673582 0.5860466 -1.0287018 1.1405299 32.929504 -1.4520388841629028 0.3562272787094116
Pedestrian 0.0 0 1.5912843942642212 704.0134887695312 164.5169677734375 718.0014038085938 201.39736938476562 0.5901911 1.7218863 0.6411067 5.160331 0.9298961 33.880806 1.7424311637878418 0.3173697590827942
Pedestrian 0.0 0 1.825364589691162 578.1552734375 169.92262268066406 596.4547729492188 210.12832641601562 0.813698 1.7622929 0.6304185 -0.637701 1.255789 31.95237 1.8054094314575195 0.3119439482688904
Pedestrian 0.0 0 -0.10515530407428741 493.4007568359375 188.52503967285156 530.131591796875 263.1207580566406 0.81656057 1.7547256 0.6485727 -2.210128 1.9299232 17.381197 -0.23163281381130219 0.308580219745636
Cyclist 0.0 0 1.7172727584838867 460.4451904296875 182.9215850830078 505.2080078125 283.5405578613281 1.712482 1.728417 0.5734418 -2.197313 1.7575437 13.222276 1.5525950193405151 0.3924090266227722
Cyclist 0.0 0 -0.10467097163200378 369.6619873046875 190.05299377441406 460.4433288574219 272.02349853515625 1.8262583 1.6813215 0.8967001 -4.0987377 1.8774792 15.628103 -0.36116141080856323 0.34076789021492004
Car 0.0 0 -0.6695153713226318 679.0101318359375 186.8456268310547 834.4525146484375 246.86839294433594 3.8966753 1.4412208 1.5883645 4.1133757 1.5962054 19.097958 -0.45737317204475403 0.30207139253616333
Car 0.0 0 0.5988420248031616 0.0 0.0 1238.0 374.0 3.7813861 1.5143422 1.5657514 1.4204459 1.5636401 0.36221686 1.9199572801589966 0.27493277192115784
