Car 0.0 0 -1.8456652164459229 715.3178100585938 188.90663146972656 872.4000244140625 295.15362548828125 3.643307 1.4608886 1.615139 2.897208 1.7770066 12.334577 -1.614962100982666 0.9720975756645203
Car 0.0 0 1.746732234954834 427.0541076660156 182.08702087402344 514.6940307617188 241.75762939453125 3.8021677 1.3384854 1.5777322 -3.5354066 1.6023886 18.68294 1.5597118139266968 0.9595313668251038
Car 0.0 0 1.9688208103179932 0.0 181.12603759765625 392.4878234863281 375.0 3.686027 1.4238421 1.6033032 -3.1691053 1.5173339 6.224453 1.4978896379470825 0.9456431865692139
Car 0.0 0 1.7323797941207886 489.2664489746094 175.43283081054688 547.7243041992188 221.8970947265625 3.7592666 1.6007327 1.5823615 -3.3895965 1.704324 26.973852 1.607372760772705 0.9328727126121521
Car 0.0 0 1.4299211502075195 653.4337768554688 180.51904296875 711.797607421875 225.59896850585938 3.9961145 1.5505106 1.6531845 2.6495461 1.8650485 27.538929 1.5258368253707886 0.9093789458274841
Car 0.0 0 -2.4257946014404297 964.1178588867188 0.0 1242.0 375.0 3.7090635 1.5317187 1.6015757 2.728078 1.3916786 2.2593153 -1.5466822385787964 0.6206448674201965
Car 0.0 0 1.6921327114105225 522.189453125 175.20736694335938 564.540283203125 209.58067321777344 3.9800484 1.6210885 1.6534522 -3.3340514 1.7464701 36.315395 1.600581169128418 0.6043487191200256
Car 0.0 0 1.5421077013015747 635.5232543945312 176.10610961914062 662.6096801757812 203.9817657470703 4.1509295 1.7218077 1.6404066 2.482533 1.9441221 47.147976 1.5947132110595703 0.4795762598514557
Car 0.0 0 1.642741322517395 545.0772094726562 174.4510040283203 572.3794555664062 199.1029510498047 3.7671745 1.5597979 1.5386055 -3.3904033 1.6700844 47.779556 1.571900725364685 0.3832125961780548
Car 0.0 0 -1.6371421813964844 645.1929931640625 180.054443359375 680.1929931640625 211.39332580566406 3.5606997 1.4765633 1.5281931 2.592042 1.859956 36.596527 -1.5664327144622803 0.36042067408561707
