Car 0.0 0 -1.761889100074768 686.693359375 178.91712951660156 808.0576782226562 262.364013671875 4.222862 1.4499042 1.6432276 2.6233861 1.5939283 14.968538 -1.5883911848068237 0.9757645726203918
Car 0.0 0 -0.20628714561462402 776.32373046875 174.09791564941406 928.0924682617188 229.99366760253906 3.695914 1.4541165 1.5924455 6.4975877 1.4903437 19.807692 0.11068606376647949 0.9257903695106506
Car 0.0 0 0.7432391047477722 0.0 176.95266723632812 264.39324951171875 363.2545166015625 4.1407995 1.5530492 1.686435 -5.8688383 1.5984288 6.988116 0.0446782112121582 0.9245249629020691
Car 0.0 0 3.5649561882019043 89.49665832519531 165.80960083007812 332.9178466796875 245.44839477539062 3.7450082 1.414145 1.563864 -7.4866953 1.2894156 13.731103 3.0657777786254883 0.8778454065322876
Car 0.0 0 0.5848290920257568 5.6257219314575195 174.85214233398438 338.5722351074219 275.265869140625 4.415739 1.4769044 1.5972131 -6.9005747 1.5117325 11.545066 0.0460968017578125 0.8441249132156372
Car 0.0 0 3.756281852722168 0.0 173.67007446289062 228.9547119140625 294.6884765625 3.5882154 1.4073572 1.5266308 -7.1375904 1.4191178 9.239398 3.098525047302246 0.8044025897979736
Car 0.0 0 0.2579113245010376 240.0048370361328 174.38327026367188 452.24200439453125 241.54974365234375 4.2089543 1.4125627 1.5687147 -5.82672 1.4492692 16.181438 -0.08772098273038864 0.79656982421875
Car 0.0 0 -0.15632520616054535 672.0855102539062 170.18431091308594 741.7232666015625 195.9860076904297 3.9724977 1.5331984 1.6615343 5.8054795 1.3749171 43.751774 -0.024404555559158325 0.7850626707077026
Car 0.0 0 3.3179404735565186 400.39642333984375 171.71066284179688 516.9304809570312 209.6830291748047 4.3385806 1.4692818 1.57874 -6.008048 1.4254005 28.76912 3.112062692642212 0.7738794088363647
Car 0.0 0 -2.8670096397399902 375.2181396484375 172.82382202148438 494.54669189453125 213.8323211669922 3.9697723 1.4545746 1.5957931 -6.406624 1.4538624 26.461111 -3.10455322265625 0.659356415271759
