Pedestrian 0.0 0 -2.1390535831451416 1100.4483642578125 109.52513122558594 1242.0 315.5586242675781 0.70287067 1.6643484 0.7912518 4.792536 1.1531327 6.2110543 -1.4818624258041382 0.628554105758667
Pedestrian 0.0 0 2.016381025314331 601.6370849609375 159.72979736328125 616.700439453125 191.1315155029297 0.6221078 1.8971907 0.7218772 -0.08236745 1.1046263 44.026104 2.014510154724121 0.21580860018730164
Cyclist 0.0 0 -3.2178571224212646 774.9857177734375 170.35581970214844 825.6436157226562 216.9212646484375 1.8138769 1.7357186 0.62369317 7.158016 1.6429574 27.361292 -2.9619805812835693 0.25300827622413635
Car 0.0 0 2.39546799659729 982.1123046875 162.8181610107422 1131.6649169921875 207.53028869628906 4.413492 1.45421 1.6428126 15.213035 1.128164 24.695873 2.947580337524414 0.8919509649276733
Car 0.0 0 2.732417583465576 844.2431640625 169.2523651123047 964.9464721679688 212.5458984375 3.4946125 1.4274296 1.5115157 9.935136 1.3090384 24.586508 3.1164438724517822 0.8359120488166809
Car 0.0 0 1.2208987474441528 277.6238708496094 186.42652893066406 341.01055908203125 220.81675720214844 3.5936892 1.4278352 1.5529052 -13.93485 2.088573 33.257923 0.8241267204284668 0.44417503476142883
Car 0.0 0 1.3191871643066406 134.28750610351562 191.2781219482422 195.0546112060547 225.8859100341797 3.6516786 1.3959714 1.4839311 -20.326744 2.2803178 32.817165 0.764629602432251 0.37882328033447266
Car 0.0 0 3.0856242179870605 597.7140502929688 167.92990112304688 658.986083984375 192.78411865234375 3.8693042 1.575763 1.6637757 1.1220667 1.2639319 46.636112 3.109679698944092 0.26326513290405273
Car 0.0 0 -1.476976752281189 446.7370300292969 162.82791137695312 484.8716125488281 195.34169006347656 3.5892203 1.6024193 1.6118507 -7.4675283 1.1086484 37.42579 -1.6739193201065063 0.2617131173610687
Car 0.0 0 3.7712457180023193 39.06797790527344 168.03936767578125 118.3133773803711 190.08285522460938 4.3336926 1.5138788 1.6189076 -37.076557 1.1835816 50.370247 3.1367127895355225 0.24492183327674866
Car 0.0 0 -2.6439032554626465 143.17979431152344 184.8142852783203 301.60675048828125 242.91981506347656 4.30432 1.8274964 1.7977303 -12.830799 2.240501 23.978792 -3.1352267265319824 0.21952776610851288
Car 0.0 0 1.3550697565078735 674.57861328125 171.96209716796875 714.3036499023438 197.47866821289062 3.8385246 1.4595745 1.5717171 4.9790645 1.4089146 43.258774 1.4696650505065918 0.21019978821277618
