Pedestrian 0.0 0 -3.2906453609466553 1156.616943359375 117.94657135009766 1241.0 376.0 0.65692383 1.6747857 0.53540784 3.728472 1.3039161 4.372402 -2.5845694541931152 0.30491700768470764
Car 0.0 0 -1.5883787870407104 576.669677734375 176.7685546875 618.8388061523438 216.2110595703125 3.3686876 1.5793172 1.6903824 -0.49431342 1.242217 30.49187 -1.6045886278152466 0.9101482629776001
Car 0.0 0 2.2589356899261475 0.0 191.3907012939453 135.72915649414062 349.8354187011719 4.0370183 1.442007 1.6106427 -7.863085 1.5359627 8.75038 1.5268950462341309 0.8895911574363708
Car 0.0 0 -1.135971188545227 174.5642547607422 182.81158447265625 313.1439514160156 255.2099151611328 3.2250307 1.434232 1.5012652 -7.925826 1.3877368 15.870118 -1.5991532802581787 0.8554850220680237
Car 0.0 0 1.7476204633712769 433.1425476074219 187.29563903808594 511.21240234375 244.8754119873047 3.6504045 1.467767 1.5411624 -3.7708654 1.5328938 20.283377 1.5638097524642944 0.7432631254196167
Car 0.0 0 -1.026201844215393 181.90304565429688 185.78529357910156 292.8495788574219 234.1583251953125 3.6435914 1.4675022 1.593502 -12.130294 1.4889191 23.722775 -1.4988765716552734 0.6055567264556885
Car 0.0 0 1.4481884241104126 538.8350219726562 176.8661346435547 560.7672119140625 193.3658447265625 3.9753792 1.5142767 1.5915266 -5.52262 0.74911773 68.07744 1.3672430515289307 0.26084744930267334
Car 0.0 0 -0.5434051752090454 0.0 0.0 1241.0 376.0 3.6735313 1.4917077 1.5659117 -3.01308 1.8741573 1.5091056 -1.649872899055481 0.2582297623157501
Car 0.0 0 -1.6798895597457886 636.6224975585938 177.07461547851562 676.9485473632812 209.9695281982422 3.184143 1.4409999 1.5061383 2.1808078 1.0855019 33.109722 -1.6141184568405151 0.25198835134506226
Car 0.0 0 1.6132678985595703 497.7207336425781 188.77850341796875 557.9896850585938 244.80596923828125 3.526156 1.427533 1.5454825 -2.230742 1.5385313 20.353006 1.504101037979126 0.242466002702713
