Pedestrian 0.0 0 2.4888916015625 0.0 173.53330993652344 82.00652313232422 361.4264221191406 0.8163416 1.6545022 0.5281381 -5.6382947 1.6617054 6.8111634 1.797426700592041 0.5914878845214844
Pedestrian 0.0 0 1.327759861946106 798.1741333007812 105.50753784179688 857.2406005859375 236.07542419433594 0.6864825 1.7456669 0.63384163 2.9500144 0.8456158 10.000861 1.6146011352539062 0.4434427320957184
Pedestrian 0.0 0 1.7447153329849243 198.6810760498047 185.44833374023438 240.87730407714844 263.4654846191406 1.4840995 1.5068995 0.5244515 -8.127778 1.7824222 14.974717 1.2474424839019775 0.12673319876194
Cyclist 0.0 0 1.7447153329849243 198.6810760498047 185.44833374023438 240.87730407714844 263.4654846191406 1.4840995 1.5068995 0.5244515 -8.127778 1.7824222 14.974717 1.2474424839019775 0.35204580426216125
Cyclist 0.0 0 -2.9490203857421875 708.6390380859375 177.34164428710938 740.7412719726562 210.7895965576172 1.6325034 1.7945083 0.69349587 6.2405252 2.0441704 39.47592 -2.792233467102051 0.32391610741615295
Cyclist 0.0 0 1.5122557878494263 554.6364135742188 175.10049438476562 564.1884155273438 202.27835083007812 1.5548011 1.7087413 0.5192919 -3.2827427 1.855764 46.299538 1.4414719343185425 0.291454553604126
Car 0.0 0 -1.9423494338989258 775.5573120117188 181.06044006347656 1087.8253173828125 375.0 3.2160964 1.4856381 1.5329201 2.6603622 1.5824571 6.8688536 -1.5728321075439453 0.9778172373771667
Car 0.0 0 -1.7336454391479492 661.022705078125 177.69374084472656 731.9579467773438 231.97323608398438 3.6634743 1.533945 1.6110337 2.5742276 1.6983871 22.590607 -1.6201835870742798 0.9518686532974243
Car 0.0 0 -1.212048888206482 227.75851440429688 181.50157165527344 424.73199462890625 308.3363342285156 4.0353045 1.7134863 1.7020963 -4.5122333 1.8823323 12.037831 -1.5706772804260254 0.9210726022720337
Car 0.0 0 1.7627252340316772 436.4665832519531 180.97628784179688 504.6770935058594 228.87379455566406 3.8925927 1.5515243 1.6964096 -4.9728003 1.8662957 25.979286 1.573598861694336 0.908919095993042
Car 0.0 0 1.769089698791504 498.5356140136719 180.29788208007812 541.728515625 209.98486328125 4.350829 1.5891811 1.6690387 -5.1992836 2.0456178 41.973206 1.6458460092544556 0.6719867587089539
Car 0.0 0 -0.24930918216705322 0.0 216.746826171875 104.77589416503906 375.0 3.823735 1.4901204 1.5608873 -4.8831763 1.8214588 3.3741672 -1.2154603004455566 0.3502329885959625
Car 0.0 0 1.722503662109375 538.9067993164062 179.3841094970703 564.083984375 198.8740234375 3.7896805 1.5448325 1.5488633 -4.891562 2.1097877 60.43693 1.6417430639266968 0.2619529068470001
