Cyclist 0.0 0 1.989933729171753 0.0 50.006797790527344 180.59152221679688 375.0 1.7448131 1.7114431 0.5435069 -2.4166923 1.3583877 2.9860072 1.3095241785049438 0.29984238743782043
Car 0.0 0 -1.8044124841690063 673.88525390625 180.03054809570312 772.0254516601562 253.81903076171875 3.388616 1.5712656 1.5770794 2.5744674 1.762783 17.460052 -1.6580183506011963 0.9612499475479126
Car 0.0 0 -1.725081443786621 646.729736328125 178.20179748535156 717.2208862304688 234.4715576171875 3.593149 1.5519673 1.5928582 2.0721736 1.7297157 22.089537 -1.631547212600708 0.9566082954406738
Car 0.0 0 -2.0722177028656006 818.7702026367188 197.804931640625 1242.0 375.0 4.03097 1.4329056 1.5698279 2.9630446 1.6973425 5.6067457 -1.586047649383545 0.9564913511276245
Car 0.0 0 -1.8972419500350952 736.2655639648438 182.96990966796875 914.6661376953125 306.8487548828125 3.2384543 1.5160699 1.5365288 2.9661727 1.6905973 10.759559 -1.6282455921173096 0.9524343013763428
Car 0.0 0 1.7120661735534668 436.0127868652344 180.91610717773438 508.8274230957031 233.7834014892578 3.966696 1.4873834 1.7261461 -4.3172684 1.7665884 22.933306 1.5259907245635986 0.934626579284668
Car 0.0 0 2.0117533206939697 0.0 191.0424346923828 381.4789733886719 375.0 3.7226164 1.4854426 1.5893328 -3.4853194 1.7016753 6.669003 1.5301779508590698 0.9024134278297424
Car 0.0 0 -1.7165496349334717 629.1317749023438 179.4355010986328 687.5504760742188 221.1622772216797 4.401393 1.4499092 1.6221802 1.7502133 1.7267046 28.042788 -1.6542181968688965 0.8805344700813293
Car 0.0 0 2.5962655544281006 0.0 0.0 1242.0 375.0 3.996499 1.4970307 1.6146516 -3.0347328 1.2226528 1.58616 1.507086992263794 0.3289419114589691
Car 0.0 0 1.7080409526824951 468.3341064453125 182.5665740966797 519.5260009765625 222.77835083007812 3.7119975 1.4453189 1.5169579 -4.594349 1.8573376 28.707321 1.5493457317352295 0.297359436750412
