Pedestrian 0.0 0 1.2183992862701416 840.0416259765625 94.85958099365234 916.302001953125 252.0004425048828 0.7382878 1.6807134 0.57758623 2.9315913 0.8468754 8.084974 1.5662524700164795 0.4269987940788269
Pedestrian 0.0 0 0.2302996665239334 661.332763671875 145.5577392578125 706.4113159179688 195.8828125 1.4990132 1.7475201 0.5695515 2.574249 0.8000251 25.565086 0.3306553363800049 0.15642549097537994
Cyclist 0.0 0 1.8674949407577515 557.1148071289062 173.9120635986328 574.8170776367188 204.68455505371094 1.8716044 1.812373 0.5446327 -2.679798 1.8780003 43.53332 1.806015133857727 0.525705099105835
Cyclist 0.0 0 1.7802250385284424 547.2882080078125 173.5054473876953 562.453369140625 202.93231201171875 1.7409556 1.7230077 0.55720913 -3.324512 1.7631693 43.184376 1.703392505645752 0.2844108045101166
Cyclist 0.0 0 0.2302996665239334 661.332763671875 145.5577392578125 706.4113159179688 195.8828125 1.4990132 1.7475201 0.5695515 2.574249 0.8000251 25.565086 0.3306553363800049 0.23861359059810638
Car 0.0 0 -1.1637951135635376 145.1651611328125 178.6553497314453 393.1849670410156 328.56353759765625 3.9408045 1.6685702 1.6698312 -4.5144362 1.7665644 10.161163 -1.5818849802017212 0.9704527258872986
Car 0.0 0 -2.0291247367858887 829.8292236328125 178.73757934570312 1242.0 375.0 3.3820548 1.4738982 1.5093558 2.665589 1.5285602 4.9394107 -1.534256935119629 0.9604862928390503
Car 0.0 0 -1.7447848320007324 665.1107177734375 176.18150329589844 743.1521606445312 234.3829345703125 3.5235884 1.5005207 1.6011158 2.548356 1.6042207 20.605705 -1.6217372417449951 0.9582090973854065
Car 0.0 0 1.7717869281768799 421.70269775390625 180.85775756835938 495.1208190917969 231.78060913085938 3.8629258 1.521227 1.6568302 -5.009367 1.810352 24.094807 1.5668046474456787 0.9464229941368103
Car 0.0 0 1.7624545097351074 492.58880615234375 180.5220184326172 534.5665283203125 212.14956665039062 3.8910184 1.6222479 1.5931052 -5.32078 2.0684483 39.960434 1.6300818920135498 0.7279495596885681
Car 0.0 0 1.6297765970230103 534.3448486328125 178.50502014160156 556.419921875 199.2972869873047 3.9170928 1.6066418 1.5660033 -5.260585 2.0831308 58.80963 1.5405629873275757 0.21465492248535156
Car 0.0 0 -0.36117520928382874 728.2098388671875 173.66615295410156 812.5125732421875 203.50404357910156 3.99999 1.5231851 1.6768736 8.3797 1.5675855 38.008717 -0.14417871832847595 0.20773503184318542
