Pedestrian 0.0 0 -2.0268936157226562 705.0724487304688 157.03697204589844 793.2931518554688 319.0237121582031 0.8995962 1.684166 0.62232566 1.5721606 1.4311881 7.9808364 -1.8323919773101807 0.9009302258491516
Pedestrian 0.0 0 -1.5563708543777466 239.3787384033203 166.78262329101562 285.2748107910156 277.3115539550781 0.92539424 1.6942787 0.6443474 -5.493151 1.4699808 11.563403 -1.999856948852539 0.8758496046066284
Pedestrian 0.0 0 1.0975843667984009 791.0108032226562 149.0867462158203 886.3536376953125 312.5264587402344 0.9424602 1.77715 0.6911773 2.6769247 1.4260637 8.329014 1.4085545539855957 0.8108437061309814
Pedestrian 0.0 0 -3.6123714447021484 1061.414794921875 134.9915771484375 1218.1715087890625 329.7297058105469 1.0363703 1.8203771 0.7112303 5.2618985 1.3870002 7.147612 -2.9777767658233643 0.7898894548416138
Pedestrian 0.0 0 -2.7361302375793457 612.629638671875 166.19012451171875 657.0184936523438 238.9929656982422 0.88004607 1.6820408 0.62255466 0.76117796 1.3295286 17.065533 -2.691556453704834 0.6432880163192749
Pedestrian 0.0 0 0.9203236103057861 761.371826171875 151.52099609375 827.245849609375 264.2450866699219 0.823207 1.7029035 0.63471884 2.993316 1.251321 11.350861 1.1781619787216187 0.6423063278198242
Pedestrian 0.0 0 2.4211177825927734 216.67880249023438 165.0540008544922 263.9532165527344 230.1500244140625 0.9402303 1.7520854 0.7040884 -10.025836 1.310596 19.899363 1.9544134140014648 0.5462436676025391
Pedestrian 0.0 0 1.044826865196228 313.51812744140625 163.21324157714844 375.1433410644531 268.136962890625 0.7318581 1.7369977 0.7332474 -4.4807806 1.4355502 12.405389 0.6982126235961914 0.5263926982879639
Pedestrian 0.0 0 -1.5572161674499512 951.6973876953125 160.37371826171875 983.87353515625 240.8359832763672 0.8389698 1.6977595 0.6101392 7.956685 1.2532256 15.667528 -1.0873117446899414 0.48877984285354614
Pedestrian 0.0 0 -0.020569663494825363 584.9669189453125 168.08253479003906 603.2688598632812 203.05859375 0.9094576 1.7472823 0.5631411 -0.37904084 1.0778724 36.178467 -0.031046252697706223 0.38894355297088623
Pedestrian 0.0 0 0.8765633702278137 1050.3538818359375 183.1014404296875 1136.0360107421875 319.4607238769531 0.66971487 1.5504423 0.533506 5.7777147 1.5716115 8.533026 1.471754550933838 0.38350531458854675
Pedestrian 0.0 0 -1.23014235496521 389.3325500488281 165.07406616210938 412.9901123046875 215.2740020751953 0.6966699 1.811191 0.6390523 -7.34487 1.2196001 26.283873 -1.5026353597640991 0.31411606073379517
Car 0.0 0 1.5750855207443237 526.3208618164062 168.49652099609375 565.161865234375 203.6964874267578 3.9052963 1.5024575 1.6563673 -2.538212 0.9483925 32.66647 1.4975404739379883 0.764279305934906
Car 0.0 0 1.65181303024292 451.0374755859375 159.57196044921875 501.886474609375 201.17991638183594 4.3060827 1.5531765 1.6797909 -4.9901457 0.7356623 29.031292 1.4815880060195923 0.5514467358589172
Car 0.0 0 1.0002503395080566 32.994407653808594 162.49398803710938 189.29913330078125 226.3307647705078 3.707828 1.493376 1.5074948 -12.472395 1.04996 18.217953 0.3999204635620117 0.3626251816749573
