Pedestrian 0.0 0 1.433469295501709 653.4080810546875 141.9039306640625 694.488525390625 231.33673095703125 0.77915674 1.7944441 0.74080634 1.3706163 1.0216525 14.587133 1.5271549224853516 0.8677898645401001
Pedestrian 0.0 0 1.2212058305740356 538.3193969726562 135.53831481933594 591.3629760742188 229.08807373046875 1.0037938 1.8001941 0.7640027 -0.86111873 0.93662196 14.213475 1.1606950759887695 0.8043124675750732
Pedestrian 0.0 0 0.7871143817901611 649.4224243164062 151.41575622558594 731.5035400390625 290.9168395996094 0.90898365 1.6932833 0.5748189 1.043052 1.3419349 9.112016 0.9010882377624512 0.797679603099823
Pedestrian 0.0 0 0.4251001477241516 587.71533203125 159.90570068359375 674.1029052734375 297.49365234375 0.92580587 1.6293477 0.57245153 0.27795666 1.3871473 8.829044 0.4565718173980713 0.7536666989326477
Pedestrian 0.0 0 -0.39704951643943787 587.3104858398438 143.90992736816406 617.1358032226562 195.86141967773438 0.8655135 1.8087906 0.671595 -0.1293633 0.53636676 25.090702 -0.40220528841018677 0.6538457274436951
Pedestrian 0.0 0 -2.0071229934692383 637.850830078125 141.29501342773438 670.2115478515625 204.42640686035156 1.0242544 1.8349069 0.5845489 1.4239949 0.6969863 21.12841 -1.9398276805877686 0.622201144695282
Pedestrian 0.0 0 1.3440335988998413 443.8642883300781 145.43463134765625 477.1733093261719 207.00379943847656 1.0424093 1.8104765 0.7719996 -4.4182434 0.7809249 21.420906 1.1406276226043701 0.5705010890960693
Pedestrian 0.0 0 1.8270606994628906 388.312744140625 142.5712432861328 412.8830871582031 192.6449432373047 0.9110463 1.9195498 0.71433693 -7.98653 0.46707636 27.563972 1.5450383424758911 0.5374988317489624
Pedestrian 0.0 0 0.7183581590652466 406.3209228515625 144.18418884277344 446.82391357421875 204.14755249023438 0.9666125 1.7636803 0.6939876 -5.4114804 0.6971022 21.319393 0.46977901458740234 0.5131192803382874
Pedestrian 0.0 0 -2.6900124549865723 260.0585632324219 139.60340881347656 322.053466796875 245.28274536132812 0.7334957 1.6879324 0.6238512 -5.1901016 1.0363781 11.611384 -3.1103553771972656 0.43836167454719543
Pedestrian 0.0 0 1.532360315322876 375.09124755859375 142.98475646972656 395.77789306640625 203.62709045410156 0.55373514 1.7791488 0.567431 -6.587677 0.6800776 21.09455 1.2296642065048218 0.4381536841392517
Pedestrian 0.0 0 1.4719197750091553 240.818115234375 135.4814910888672 285.8165588378906 240.98020935058594 0.5943029 1.7381779 0.6340139 -5.8796663 0.99811244 12.063532 1.0184094905853271 0.4046218991279602
Pedestrian 0.0 0 1.2663676738739014 526.93994140625 141.06814575195312 574.4559326171875 227.54470825195312 1.0363879 1.7798063 0.7361752 -1.2173609 0.9698688 15.165494 1.186267614364624 0.37488847970962524
Pedestrian 0.0 0 2.154132843017578 524.3425903320312 136.81954956054688 548.49853515625 189.26405334472656 0.6502757 1.8481156 0.6041568 -2.483302 0.31036747 25.339598 2.056443929672241 0.31759604811668396
Pedestrian 0.0 0 -1.5057399272918701 107.18522644042969 142.09364318847656 162.46499633789062 267.40802001953125 1.046596 1.972651 0.70174557 -7.8399377 1.369729 11.753727 -2.093985080718994 0.30591943860054016
Cyclist 0.0 0 -1.8033454418182373 639.08544921875 143.08741760253906 668.014892578125 205.3324432373047 1.420087 1.8049555 0.55050766 1.4127959 0.72164893 21.243536 -1.7369384765625 0.23939312994480133
Cyclist 0.0 0 0.40784043073654175 256.71820068359375 135.7792205810547 331.7550048828125 247.11099243164062 0.96134365 1.7784216 0.62176675 -5.131252 1.0657035 11.604428 -0.008491779677569866 0.15438300371170044
Cyclist 0.0 0 1.5656448602676392 244.11001586914062 138.21475219726562 284.5906066894531 240.28350830078125 0.55428016 1.6960775 0.6133206 -5.8892884 0.9950737 12.128112 1.1135916709899902 0.10941289365291595
Car 0.0 0 1.8948540687561035 0.0 90.0610580444336 282.1450500488281 370.0 3.925724 1.6246479 1.5861543 -3.111869 1.3536487 4.2384067 1.2615371942520142 0.29849421977996826
