Pedestrian 0.0 0 3.0627057552337646 437.82220458984375 158.8612518310547 473.5433349609375 240.4230499267578 0.6997766 1.7133551 0.72254866 -3.1953049 1.2390198 15.531646 2.8598079681396484 0.851624071598053
Pedestrian 0.0 0 -0.5567533373832703 682.1478881835938 154.66366577148438 720.2449340820312 234.61170959472656 0.5713119 1.7508565 0.6863385 2.2030387 1.164365 16.158844 -0.4212523400783539 0.7824400663375854
Pedestrian 0.0 0 -3.072721481323242 662.1054077148438 156.91812133789062 686.5300903320312 233.2982177734375 0.49755517 1.6594375 0.6721896 1.5897205 1.1265951 15.976935 -2.9735469818115234 0.6051250696182251
Pedestrian 0.0 0 1.6391197443008423 736.005126953125 155.61866760253906 749.6021728515625 199.93588256835938 0.43687844 1.807615 0.521327 5.805631 0.7529567 29.575438 1.8329541683197021 0.5776252150535583
Pedestrian 0.0 0 -1.9862048625946045 719.1483764648438 151.99603271484375 744.5045776367188 200.30235290527344 0.858095 1.8653165 0.69183624 5.100827 0.7270588 28.233614 -1.8074678182601929 0.5307201147079468
Pedestrian 0.0 0 1.5990519523620605 529.9672241210938 163.30567932128906 545.380859375 205.50604248046875 0.9075651 1.8342229 0.6536641 -2.8218534 1.0443728 31.692276 1.510246992111206 0.4970240592956543
Pedestrian 0.0 0 2.067211627960205 372.2782287597656 162.233154296875 398.8426208496094 220.30462646484375 0.6878173 1.84968 0.5660785 -7.015118 1.2370976 23.271677 1.7744301557540894 0.4944220781326294
Pedestrian 0.0 0 -1.9100909233093262 880.47216796875 152.23800659179688 963.4204711914062 297.09375 0.651545 1.788507 0.79832363 4.0486817 1.4285532 9.2210865 -1.4963653087615967 0.3956052362918854
Pedestrian 0.0 0 -0.33414173126220703 703.168701171875 165.4923858642578 720.2793579101562 200.9890899658203 0.55422294 1.5860589 0.7337915 4.9748955 0.87175345 32.504986 -0.18227000534534454 0.32087188959121704
Pedestrian 0.0 0 1.7534215450286865 169.72889709472656 163.7003631591797 238.58096313476562 318.73779296875 0.7136648 1.6965744 0.5781109 -4.61258 1.503149 8.288604 1.2456042766571045 0.29236385226249695
Pedestrian 0.0 0 1.2873800992965698 177.73117065429688 142.43170166015625 205.12637329101562 203.5803680419922 0.6114865 1.8377736 0.5807545 -12.590633 0.66473067 22.007622 0.7677254676818848 0.2802882790565491
Pedestrian 0.0 0 -3.0353915691375732 894.9796142578125 200.78147888183594 982.0738525390625 374.0 0.65170765 1.7468964 0.6816646 3.0218253 1.9358987 6.527791 -2.6018478870391846 0.2537361979484558
Pedestrian 0.0 0 1.0045602321624756 0.0 107.502685546875 104.46434783935547 359.2960510253906 0.7916534 1.9446927 0.6176765 -4.767952 1.3745795 5.9658713 0.3303043842315674 0.22633488476276398
Pedestrian 0.0 0 -1.7321172952651978 781.6038818359375 116.41777038574219 871.86376953125 335.1221618652344 1.6985823 1.8416185 0.5403511 2.067421 1.2949749 6.923155 -1.4419232606887817 0.14924435317516327
Cyclist 0.0 0 1.8538416624069214 592.3148193359375 159.970458984375 620.2720947265625 208.2566375732422 1.8016495 1.8479017 0.6313896 0.18907402 1.0249934 28.44139 1.8604893684387207 0.7155035138130188
Cyclist 0.0 0 1.0371731519699097 555.6737670898438 161.64495849609375 584.5490112304688 199.62844848632812 1.8409923 1.80948 0.54848313 -1.5534565 0.86452234 35.13871 0.992992639541626 0.5573493242263794
Cyclist 0.0 0 -2.1568267345428467 577.58837890625 164.02239990234375 604.8351440429688 199.07992553710938 1.750454 1.7327638 0.49070725 -0.5354263 0.8697972 36.362705 -2.1715502738952637 0.3436272442340851
Cyclist 0.0 0 -1.7286242246627808 783.1749267578125 115.94141387939453 871.2302856445312 335.27325439453125 1.6638212 1.8482622 0.5302391 2.070314 1.2972008 6.9103985 -1.4375399351119995 0.27318233251571655
Cyclist 0.0 0 0.4960141181945801 413.8280944824219 147.22235107421875 470.4207763671875 205.782958984375 1.6709044 1.8026712 0.5663544 -5.0401883 0.7486163 22.610527 0.2766866683959961 0.22388674318790436
Car 0.0 0 1.6979023218154907 572.2802734375 168.29306030273438 600.1117553710938 189.6436309814453 4.118297 1.5632583 1.6125284 -1.103123 0.5968609 54.7263 1.6777479648590088 0.24996420741081238
