Pedestrian 0.0 0 1.8541367053985596 573.0782470703125 159.2132568359375 612.9979248046875 240.13250732421875 0.80729884 1.7645235 0.70088387 -0.42275983 1.4674315 16.21062 1.8280634880065918 0.2789986729621887
Pedestrian 0.0 0 1.829707145690918 939.6923828125 173.52578735351562 970.52197265625 232.1842041015625 0.779442 1.888356 0.7426082 11.32864 1.9113525 23.774992 2.274373769760132 0.25414520502090454
Car 0.0 0 -2.1147048473358154 224.48960876464844 209.4220733642578 510.7926940917969 375.0 3.4251792 1.4711875 1.5643797 -2.959045 1.9810476 8.3597765 -2.4549050331115723 0.9646412134170532
Car 0.0 0 -1.9757559299468994 70.05908203125 226.94932556152344 306.5572814941406 361.5870056152344 4.0803766 1.4506187 1.6476643 -6.64904 2.4257624 11.134465 -2.5140833854675293 0.9541861414909363
Car 0.0 0 -1.5074280500411987 964.3416137695312 172.70736694335938 1084.455810546875 273.2806701660156 3.9294004 1.5545213 1.6577425 7.6543903 1.5526125 13.244517 -0.9833953380584717 0.9098970293998718
Car 0.0 0 -1.8312257528305054 0.0 231.8960723876953 135.9271697998047 339.9811096191406 3.2796798 1.5567862 1.4203252 -10.473977 2.8031223 13.660828 -2.485339641571045 0.8928617835044861
Car 0.0 0 -1.73077392578125 1216.8597412109375 159.13729858398438 1242.0 216.85708618164062 3.6407747 1.6715726 1.6534718 20.566286 1.2746929 22.871107 -0.9983868598937988 0.6166530847549438
Car 0.0 0 -1.4928240776062012 1023.0809936523438 176.52850341796875 1083.3560791015625 223.28675842285156 3.31789 1.4684002 1.5075148 15.180485 1.6037624 24.722078 -0.9421408176422119 0.431292325258255
Car 0.0 0 -1.6252013444900513 1187.9180908203125 160.11399841308594 1240.9166259765625 200.8787078857422 3.712005 1.6939311 1.5900912 26.647879 1.1648928 31.943016 -0.9299330711364746 0.3157701790332794
Car 0.0 0 1.8293709754943848 757.0118408203125 179.76409912109375 790.8677978515625 201.4312286376953 3.9187152 1.5695318 1.6019102 12.665967 2.1236835 55.715862 2.052903413772583 0.30711084604263306
