Pedestrian 0.0 0 -0.49932870268821716 314.5037841796875 178.88815307617188 364.20965576171875 266.1840515136719 0.693922 1.7979904 0.8080285 -5.849482 1.932045 15.45764 -0.8610944747924805 0.6848230957984924
Pedestrian 0.0 0 2.1365246772766113 657.52294921875 155.999267578125 678.8373413085938 195.75680541992188 0.98760366 1.8954298 0.59362113 2.7846286 1.0922434 34.96939 2.21598744392395 0.4744638502597809
Pedestrian 0.0 0 1.4836305379867554 714.8833618164062 128.66000366210938 746.9515380859375 203.2017364501953 0.7385786 1.7656476 0.7021853 2.8723505 0.7191959 17.482874 1.6464709043502808 0.409433513879776
Car 0.0 0 -1.7615631818771362 695.5211791992188 182.3889617919922 808.6802978515625 269.45904541015625 3.2565658 1.4926901 1.5849222 2.6503358 1.7044488 14.359784 -1.5790505409240723 0.9762885570526123
Car 0.0 0 -1.227990746498108 204.4659423828125 205.8365478515625 409.1414794921875 335.6059875488281 3.5430765 1.3852082 1.5816716 -4.1758084 1.9440975 10.4152155 -1.6093015670776367 0.9704474806785583
Car 0.0 0 -1.305776834487915 387.89410400390625 182.88092041015625 489.5885009765625 254.48544311523438 3.9529982 1.6800119 1.6848303 -4.5384355 1.9791775 19.493729 -1.5345172882080078 0.9528616666793823
Car 0.0 0 -2.2099406719207764 868.6383056640625 173.24005126953125 1242.0 375.0 3.6656094 1.4692104 1.5411114 2.8353174 1.4726938 3.9899735 -1.5921289920806885 0.9430117011070251
Car 0.0 0 -1.684334635734558 652.8328857421875 178.7834014892578 699.2620849609375 216.89190673828125 3.4269018 1.4656309 1.5331097 2.6520748 1.726933 30.018644 -1.596215844154358 0.9187237024307251
Car 0.0 0 1.714949369430542 480.94775390625 184.94296264648438 528.5502319335938 221.38853454589844 3.8485875 1.5338774 1.655577 -4.8724637 2.128891 33.565346 1.5707927942276 0.9148666262626648
Car 0.0 0 2.888568878173828 708.4553833007812 180.68084716796875 820.8243408203125 224.29159545898438 3.566611 1.4549766 1.540842 5.3090014 1.7382336 25.226099 3.095998525619507 0.4635315239429474
Car 0.0 0 -1.8834978342056274 555.9017944335938 179.06918334960938 588.0599365234375 199.3339080810547 3.6800492 1.5937887 1.61131 -3.215787 2.128129 59.98232 -1.9370588064193726 0.39681920409202576
