Pedestrian 0.0 0 2.16117525100708 429.79412841796875 171.41197204589844 474.81439208984375 250.24569702148438 0.92692375 1.8141805 0.64238465 -3.5713105 1.5832365 17.078314 1.9550321102142334 0.7726294994354248
Pedestrian 0.0 0 1.5187907218933105 658.835693359375 167.20822143554688 695.14501953125 269.96875 0.6988054 1.7460362 0.5926098 1.2713596 1.5044822 12.566287 1.6196198463439941 0.7181912064552307
Pedestrian 0.0 0 -2.7687644958496094 760.4130249023438 161.71435546875 786.9819946289062 225.8023223876953 0.5214369 1.7402549 0.63567376 4.747217 1.2041507 19.912937 -2.5347342491149902 0.7088488340377808
Pedestrian 0.0 0 0.11048862338066101 695.291015625 171.9453125 731.529296875 270.44293212890625 0.5590714 1.6779826 0.7004917 1.9369664 1.5164926 12.645555 0.2624809741973877 0.7045648097991943
Pedestrian 0.0 0 1.701899528503418 626.1964111328125 172.32479858398438 654.0775756835938 233.2066192626953 0.81859654 1.758301 0.72313493 1.1206254 1.4944533 21.21181 1.7546807527542114 0.6639896631240845
Pedestrian 0.0 0 1.417627215385437 401.23028564453125 172.78965759277344 429.2996826171875 245.41348266601562 0.79486 1.749403 0.5555546 -4.646548 1.5407794 17.776144 1.16195547580719 0.6266849040985107
Pedestrian 0.0 0 -1.4578288793563843 730.5120849609375 168.87033081054688 761.5935668945312 246.03411865234375 0.76691556 1.734864 0.62405 3.3143656 1.4521283 16.607983 -1.2608519792556763 0.48817023634910583
Pedestrian 0.0 0 1.5146987438201904 1033.818115234375 127.58087921142578 1093.9259033203125 280.1427001953125 0.8773762 1.763678 0.56682426 5.6127877 1.141699 8.822868 2.0812854766845703 0.48105695843696594
Pedestrian 0.0 0 2.1293301582336426 671.8740234375 181.0509490966797 710.642578125 260.0840148925781 0.6173323 1.6773283 0.6048287 1.9245166 1.6690288 15.672892 2.251511335372925 0.47619158029556274
Pedestrian 0.0 0 -3.279803991317749 690.8895874023438 170.78500366210938 725.13916015625 246.15997314453125 0.7114035 1.7367853 0.64671475 2.4611626 1.4910997 16.874922 -3.1349778175354004 0.40003302693367004
Pedestrian 0.0 0 1.48726224899292 84.46208953857422 181.73304748535156 135.52169799804688 290.21710205078125 0.3195201 1.6764071 0.645663 -7.85993 1.6815114 11.427293 0.8847570419311523 0.35458630323410034
Pedestrian 0.0 0 -1.594193458557129 778.0640258789062 164.28526306152344 803.8555908203125 236.70938110351562 0.7853507 1.7020261 0.58042896 4.5298424 1.2986685 17.327784 -1.338495135307312 0.3270590603351593
Pedestrian 0.0 0 2.1475179195404053 292.2524719238281 172.2296905517578 313.6854248046875 226.0044403076172 0.4117886 1.8273351 0.54329497 -10.26841 1.5133933 24.659023 1.7529404163360596 0.28816863894462585
Pedestrian 0.0 0 1.326615333557129 678.2340087890625 170.64707946777344 697.8241577148438 214.5661163330078 0.86533415 1.8058434 0.61996067 3.5955358 1.3605858 30.001482 1.4458917379379272 0.2871265709400177
Pedestrian 0.0 0 0.8734167814254761 741.3641967773438 166.7926788330078 778.05322265625 236.3989715576172 0.75396526 1.7285507 0.55792004 3.9942076 1.364507 18.299362 1.0883166790008545 0.28603601455688477
Pedestrian 0.0 0 -0.2114543616771698 688.6290893554688 145.91592407226562 729.0829467773438 218.73379516601562 0.92259294 1.8684351 0.6827402 2.7706108 0.9565594 18.799826 -0.06513333320617676 0.278531551361084
Pedestrian 0.0 0 2.3836989402770996 1102.8505859375 141.8721923828125 1238.0 325.9569396972656 1.0633318 1.7846442 0.6205579 5.8006124 1.4018363 7.317014 3.0540075302124023 0.24791280925273895
Pedestrian 0.0 0 -0.37365013360977173 1008.5734252929688 138.94699096679688 1129.37451171875 304.2844543457031 1.0105261 1.7832139 0.55160034 5.2038455 1.325625 8.114029 0.19661259651184082 0.24305939674377441
Cyclist 0.0 0 0.6143063306808472 165.5933837890625 192.8427734375 291.9414978027344 280.1426086425781 1.9588836 1.5664983 0.914879 -7.08109 1.7921554 13.624067 0.13498497009277344 0.2922683656215668
Cyclist 0.0 0 1.1362498998641968 1014.7196655273438 118.97710418701172 1127.8551025390625 272.8013610839844 1.4901259 1.69943 0.56175053 5.5904055 1.0100402 8.709732 1.7068796157836914 0.2733495533466339
Cyclist 0.0 0 -0.26562660932540894 691.9647216796875 153.4873046875 736.7832641601562 225.98117065429688 1.004289 1.8563607 0.7173886 2.915143 1.140213 18.804384 -0.11182624101638794 0.15051394701004028
Cyclist 0.0 0 -1.2646225690841675 625.4456787109375 173.80300903320312 658.9888305664062 235.0488739013672 1.1102843 1.7558541 0.68933195 1.1860119 1.5363294 21.232508 -1.208822250366211 0.13633610308170319
Car 0.0 0 1.6908198595046997 548.8633422851562 180.24746704101562 589.68212890625 210.62319946289062 4.1256676 1.49686 1.6481422 -1.6283069 1.436026 37.515503 1.6474435329437256 0.8886145949363708
