Pedestrian 0.0 0 1.1919670104980469 684.9912109375 138.1153564453125 727.335205078125 229.38011169433594 0.71868193 1.7533642 0.6060549 1.8447399 1.0863285 14.282541 1.3204163312911987 0.5138408541679382
Pedestrian 0.0 0 -3.7963645458221436 1185.694091796875 113.79100036621094 1242.0 233.98524475097656 0.610768 1.8359578 0.6501187 9.5716 0.93413293 11.357301 -3.0960824489593506 0.35383665561676025
Cyclist 0.0 0 -2.220345973968506 441.77471923828125 169.9622802734375 472.2787170410156 208.82525634765625 1.6672026 1.7075351 0.41403466 -6.9180527 1.5808387 32.400486 -2.430704116821289 0.32525765895843506
Car 0.0 0 -1.8726547956466675 668.943359375 177.8932342529297 827.863525390625 289.7389831542969 3.2514486 1.4907732 1.5366035 1.9834394 1.5832893 11.480818 -1.7015823125839233 0.9510486721992493
Car 0.0 0 2.4239673614501953 574.2771606445312 172.7106170654297 678.05029296875 214.09896850585938 3.7712522 1.4505897 1.6093239 0.60654986 1.4459224 27.111681 2.446335792541504 0.9304149150848389
Car 0.0 0 -1.0870954990386963 843.4249267578125 162.1790008544922 943.3936157226562 207.089111328125 4.052671 1.4869401 1.6343464 10.151591 1.1338569 25.829996 -0.7126245498657227 0.8923826217651367
Car 0.0 0 -1.0510890483856201 920.3457641601562 164.56671142578125 1001.912841796875 205.38079833984375 3.2444744 1.520786 1.472532 13.799306 1.2123486 28.405283 -0.5988652110099792 0.8770468235015869
Car 0.0 0 -0.9567867517471313 754.78466796875 169.327392578125 868.743896484375 220.35150146484375 3.750772 1.4926058 1.6225071 6.4075513 1.3898003 22.918339 -0.6841658353805542 0.8488578796386719
Car 0.0 0 -1.251723051071167 975.88232421875 155.5011749267578 1058.3447265625 199.42381286621094 4.6142206 1.7643685 1.744057 17.604357 1.0676649 31.178421 -0.7377150058746338 0.6936545372009277
Car 0.0 0 2.25528621673584 705.46728515625 170.061279296875 789.2747192382812 205.26255798339844 3.7343707 1.4190276 1.4987257 5.8708854 1.3068064 30.858183 2.4432930946350098 0.5067175626754761
Car 0.0 0 -1.7802529335021973 1067.1121826171875 158.62413024902344 1126.7642822265625 192.9403533935547 4.4120183 1.6915364 1.7074181 25.464226 0.99046683 37.928986 -1.1890040636062622 0.3518455922603607
