Pedestrian 0.0 0 -2.871364116668701 1200.616943359375 155.5326385498047 1223.656982421875 186.93125915527344 0.89693236 1.8091663 0.6305278 35.115017 0.81147987 42.11991 -2.1764144897460938 0.22268836200237274
Pedestrian 0.0 0 -1.5094081163406372 697.3435668945312 154.0234375 709.4048461914062 184.5847930908203 0.8049647 1.9459552 0.7221488 5.976671 0.7473004 46.40356 -1.3813155889511108 0.21915321052074432
Pedestrian 0.0 0 -1.758133888244629 1043.525634765625 149.48658752441406 1064.2449951171875 191.51947021484375 0.5075998 1.9297866 0.73684883 20.561174 0.857315 33.492157 -1.2075490951538086 0.16914834082126617
Cyclist 0.0 0 1.3286471366882324 680.94775390625 160.14122009277344 708.641845703125 213.1008758544922 1.7879255 1.8009577 0.5531067 2.931247 1.369002 25.455893 1.443292260169983 0.7511019706726074
Car 0.0 0 -1.546147108078003 584.64697265625 174.52940368652344 610.638427734375 198.7451629638672 3.9717376 1.5426162 1.6417696 -0.8207705 1.6595923 48.22909 -1.5631636381149292 0.8343706130981445
Car 0.0 0 1.7175419330596924 433.2742004394531 174.44406127929688 479.2290344238281 207.7132110595703 4.076147 1.5032496 1.5938368 -7.4057007 1.5850767 34.882584 1.5083444118499756 0.2817080318927765
Car 0.0 0 1.872711420059204 254.77362060546875 189.38223266601562 303.1811218261719 217.29754638671875 4.196508 1.6107863 1.6570456 -21.250061 2.7243536 46.40771 1.443307876586914 0.23103848099708557
Car 0.0 0 -1.02640962600708 1085.3284912109375 131.53298950195312 1207.702880859375 175.00108337402344 4.3640113 1.5395365 1.6819785 20.15542 0.0764026 27.156277 -0.38791853189468384 0.19587619602680206
Car 0.0 0 -0.7265629172325134 1105.87158203125 140.0169219970703 1226.6690673828125 175.6175537109375 4.4025564 1.5841914 1.6543204 25.415356 0.123333074 33.087387 -0.0715603455901146 0.16434428095817566
Car 0.0 0 1.7943683862686157 394.74212646484375 175.38851928710938 456.60205078125 215.4820098876953 3.891901 1.4475783 1.5203469 -7.1788535 1.5541186 28.261267 1.5456122159957886 0.15256085991859436
Car 0.0 0 -3.2096402645111084 1107.638427734375 163.1374969482422 1190.3797607421875 190.80975341796875 3.7393022 1.5401567 1.6110398 31.130186 0.9997225 41.84481 -2.570026397705078 0.1469520926475525
