Pedestrian 0.0 0 3.581418514251709 206.4925079345703 172.5582275390625 249.06234741210938 258.6885070800781 0.52709883 1.7006565 0.6685001 -7.6651444 1.5454746 14.303352 3.0894663333892822 0.6398014426231384
Pedestrian 0.0 0 -0.04544365406036377 176.90516662597656 177.52676391601562 197.6282196044922 211.4116668701172 0.9625568 1.8500519 0.5498328 -23.108217 1.6891184 39.092117 -0.5793097615242004 0.3492981195449829
Pedestrian 0.0 0 0.13455730676651 525.1088256835938 121.94037628173828 613.5562133789062 301.322265625 0.8374503 1.7440859 0.4964061 -0.39868495 1.1764212 7.1498995 0.07885408401489258 0.2595982849597931
Pedestrian 0.0 0 1.5110745429992676 503.93585205078125 145.2300567626953 537.8971557617188 242.9911651611328 0.8088056 1.926838 0.6357121 -1.761324 1.2333095 14.385868 1.3892465829849243 0.19610020518302917
Pedestrian 0.0 0 2.1396405696868896 300.7420654296875 159.6909637451172 351.1933288574219 255.49107360839844 0.72906697 1.7101908 0.5623452 -5.1761327 1.3403573 13.028235 1.7614630460739136 0.19104215502738953
Pedestrian 0.0 0 1.6825017929077148 573.711669921875 145.85520935058594 616.0740966796875 262.4463806152344 0.8478658 1.8476995 0.610839 -0.20015831 1.3003156 11.650975 1.6653239727020264 0.1696273237466812
Pedestrian 0.0 0 0.8279814720153809 845.8430786132812 119.56078338623047 870.5741577148438 185.43844604492188 0.4049811 1.9247619 0.5648505 7.4696746 0.14585458 20.949577 1.1704838275909424 0.14045597612857819
Pedestrian 0.0 0 0.34884577989578247 515.4142456054688 152.1177520751953 611.3905029296875 303.00750732421875 1.1221943 1.8477014 0.5083822 -0.5758763 1.5018295 9.054952 0.28533339500427246 0.12635833024978638
Pedestrian 0.0 0 0.5815237164497375 62.7784538269043 152.8074188232422 93.93106079101562 195.0198516845703 0.9614991 1.8811113 0.5859996 -23.719889 0.6485129 31.824068 -0.05899113416671753 0.11373256146907806
Cyclist 0.0 0 -0.8897539377212524 720.8621215820312 170.84320068359375 831.6347045898438 295.8277282714844 1.6257772 1.6141753 0.62117255 2.3630714 1.4911326 9.867917 -0.6547099947929382 0.7167344093322754
Cyclist 0.0 0 -2.395578384399414 2.946120023727417 187.58738708496094 60.71391296386719 237.2811279296875 1.5963986 1.7333115 0.62258565 -20.38634 1.9903299 25.121893 -3.0772905349731445 0.11113028228282928
Car 0.0 0 -3.082552194595337 685.8132934570312 141.90420532226562 783.3047485351562 179.00735473632812 4.20451 1.5926094 1.692933 5.8190103 -0.068427294 31.77337 -2.901418447494507 0.22309145331382751
Car 0.0 0 1.8812631368637085 13.525779724121094 184.29786682128906 96.5572509765625 227.73243713378906 3.4539165 1.5073311 1.493699 -20.716866 1.6625613 26.738195 1.2220754623413086 0.1294231116771698
Car 0.0 0 1.6880595684051514 110.90047454833984 182.21572875976562 165.07083129882812 215.7295379638672 4.3180594 1.5077282 1.7020773 -22.619875 1.5981232 34.351097 1.105738639831543 0.12080196291208267
