Pedestrian 0.0 0 2.768852949142456 717.791015625 173.7939453125 757.1918334960938 236.33680725097656 0.94267064 1.7608656 0.6448057 3.6764092 1.4404227 20.643497 2.9450955390930176 0.21157968044281006
Car 0.0 0 -1.416159987449646 375.9853820800781 178.87693786621094 480.74505615234375 260.6320495605469 3.733577 1.5931563 1.6830276 -3.8844264 1.4707644 15.935641 -1.6552544832229614 0.9705501794815063
Car 0.0 0 -1.2522494792938232 225.57620239257812 188.2130126953125 340.4015808105469 247.33285522460938 4.3619165 1.440983 1.6092081 -8.900221 1.5348896 19.996283 -1.671015977859497 0.9513201713562012
Car 0.0 0 -1.3579655885696411 332.3446350097656 183.03465270996094 394.07257080078125 220.88653564453125 3.8060744 1.4282806 1.5963155 -9.8536825 1.3471141 29.102375 -1.6844369173049927 0.9254870414733887
Car 0.0 0 -1.5906572341918945 534.1957397460938 178.94139099121094 586.0122680664062 221.8917694091797 3.3806949 1.3953753 1.6856922 -1.7424606 1.192667 25.109148 -1.659941554069519 0.9119146466255188
Car 0.0 0 -0.958078920841217 0.0 199.33200073242188 127.47440338134766 365.6143798828125 4.250562 1.4260932 1.6306895 -7.92121 1.642429 8.745885 -1.6940381526947021 0.8591225147247314
Car 0.0 0 -1.3467601537704468 314.7047424316406 180.2308349609375 358.69451904296875 209.35218811035156 3.5926166 1.6366069 1.6659167 -15.915789 1.3575919 42.288235 -1.7067265510559082 0.5743014216423035
Car 0.0 0 -1.1508935689926147 0.0 179.76779174804688 89.95276641845703 241.2922821044922 3.7209055 1.5337794 1.7634207 -16.236725 1.3990966 19.94285 -1.8342108726501465 0.20839060842990875
Car 0.0 0 -1.5374375581741333 382.3807373046875 177.07684326171875 416.6119079589844 208.28427124023438 3.6685734 1.5208973 1.572675 -10.704668 1.1253808 37.001022 -1.8190559148788452 0.20286783576011658
Car 0.0 0 -1.4127001762390137 411.37017822265625 166.97950744628906 447.5137634277344 193.57456970214844 3.4995277 1.5448824 1.59657 -10.787595 0.48669082 43.564888 -1.655438780784607 0.19989551603794098
Car 0.0 0 1.7887438535690308 481.9873352050781 181.2332305908203 510.6402587890625 198.81610107421875 3.5241554 1.3941311 1.5936546 -9.096569 1.0794964 58.803497 1.6352660655975342 0.19892162084579468
