Cyclist 0.0 0 1.4809004068374634 562.0013427734375 178.1756591796875 573.9239501953125 204.71356201171875 1.6915177 1.6505746 0.608955 -2.724775 1.9975343 46.1098 1.4218758344650269 0.5891677737236023
Car 0.0 0 -1.7645248174667358 711.3912963867188 187.24105834960938 834.2855224609375 276.9463195800781 3.3894236 1.3968555 1.5741436 2.8472347 1.7001797 13.485751 -1.556451439857483 0.9749176502227783
Car 0.0 0 0.595973789691925 0.0 197.418212890625 313.88250732421875 328.8169250488281 4.057548 1.4360707 1.5860201 -6.0920496 1.7690535 8.973733 -0.0004336796700954437 0.9283998608589172
Car 0.0 0 -0.2907543182373047 774.8407592773438 175.07876586914062 958.7140502929688 243.3528594970703 4.150369 1.6677231 1.7211498 6.462667 1.7284695 18.633211 0.04309892654418945 0.9096628427505493
Car 0.0 0 0.5270662307739258 68.96178436279297 183.77899169921875 393.1900634765625 291.00555419921875 4.189487 1.4935541 1.6469523 -5.7576485 1.6770902 11.166024 0.050985097885131836 0.9094529747962952
Car 0.0 0 3.2413125038146973 386.8458251953125 178.3307647705078 491.9658508300781 221.590576171875 3.8031025 1.5896473 1.6524178 -6.5502286 1.8095233 27.84969 3.0103116035461426 0.831645131111145
Car 0.0 0 3.4578146934509277 257.24542236328125 179.33070373535156 429.6290588378906 236.7090301513672 3.8692448 1.3908622 1.5053211 -6.7836537 1.5646111 18.493298 3.1062374114990234 0.8054165244102478
Car 0.0 0 0.5719559192657471 147.22442626953125 182.6072540283203 401.0733642578125 269.43353271484375 4.2132974 1.4961283 1.5483838 -6.357288 1.6963325 13.724725 0.13817954063415527 0.7809447646141052
Car 0.0 0 -2.8437161445617676 352.7565002441406 181.98252868652344 476.5066223144531 230.99961853027344 3.5605843 1.5065737 1.5665805 -6.3019004 1.8128206 23.331854 -3.1075198650360107 0.7792683839797974
Car 0.0 0 3.924891233444214 0.0 195.77621459960938 103.49063110351562 375.0 3.72994 1.4697728 1.5787619 -6.9204187 1.6982625 6.2982955 3.092463970184326 0.7539716362953186
Car 0.0 0 0.4938453733921051 229.94976806640625 178.4967803955078 444.10626220703125 253.23731994628906 4.207921 1.5360423 1.5909857 -6.0498767 1.6703424 16.05584 0.13349556922912598 0.7094439268112183
Car 0.0 0 -1.6711347103118896 637.7240600585938 178.2781982421875 668.8278198242188 202.93051147460938 3.9783478 1.5195892 1.6406618 2.769193 1.8913863 47.385025 -1.6127609014511108 0.7057639360427856
Car 0.0 0 -2.8410654067993164 312.5199890136719 181.1961212158203 467.697021484375 233.6839141845703 4.021685 1.4462441 1.5730551 -6.3436527 1.6978748 20.931553 -3.1353330612182617 0.6116572022438049
Car 0.0 0 -0.1275613158941269 698.3141479492188 181.87103271484375 795.3963012695312 216.5913848876953 4.0150633 1.4581047 1.5541949 5.903397 1.865157 31.650805 0.05683636665344238 0.5876612663269043
