Pedestrian 0.0 0 0.507568895816803 170.9873809814453 168.88421630859375 218.74923706054688 262.7474060058594 0.60390735 1.8013052 0.5833846 -8.07579 1.5800228 13.861488 -0.01996297389268875 0.655885636806488
Pedestrian 0.0 0 0.22236694395542145 236.85350036621094 175.74151611328125 264.6830139160156 255.42347717285156 0.39900708 1.7063886 0.7243976 -7.818502 1.6061044 15.536128 -0.2438744753599167 0.4605942666530609
Pedestrian 0.0 0 0.1644231379032135 516.280517578125 137.97239685058594 617.1221923828125 318.8398742675781 0.95033294 1.7541845 0.52313876 -0.42440116 1.3434169 7.1625333 0.1052393913269043 0.30199360847473145
Pedestrian 0.0 0 2.045156717300415 305.8280334472656 159.27655029296875 354.3592529296875 256.1720886230469 0.74266064 1.7311133 0.55764097 -5.0978346 1.3535823 13.024619 1.672086238861084 0.2744889557361603
Pedestrian 0.0 0 -2.651571750640869 245.1226806640625 178.81643676757812 260.1302185058594 205.82919311523438 0.62459433 1.7134337 0.65446496 -22.516943 1.6079853 45.179268 -3.11393141746521 0.2653007209300995
Pedestrian 0.0 0 1.0574498176574707 844.4515380859375 124.19831848144531 871.9618530273438 188.29397583007812 0.55242324 1.8689753 0.56802124 7.460457 0.22883311 20.932486 1.3998198509216309 0.21425861120224
Pedestrian 0.0 0 -2.5600154399871826 174.7610626220703 179.34083557128906 196.6627197265625 211.89199829101562 0.89759886 1.7867194 0.5318443 -23.19021 1.7244909 39.090973 -3.095447301864624 0.18347977101802826
Pedestrian 0.0 0 1.631246566772461 575.1104736328125 147.77862548828125 613.7380981445312 264.33135986328125 0.84239835 1.8487484 0.58992875 -0.20840871 1.3313806 11.643535 1.613349437713623 0.1362873762845993
Pedestrian 0.0 0 1.627170205116272 503.72332763671875 150.99197387695312 538.1857299804688 245.3028106689453 0.8459718 1.8692869 0.6559892 -1.7493757 1.2860526 14.452206 1.5067106485366821 0.1349073052406311
Pedestrian 0.0 0 -0.6546676754951477 646.9805908203125 171.59117126464844 770.8418579101562 306.322509765625 1.4749074 1.5981349 0.6529469 1.2856451 1.4941435 9.028275 -0.5132166147232056 0.10933766514062881
Cyclist 0.0 0 -0.6764663457870483 645.3981323242188 169.0913543701172 778.35009765625 315.7799072265625 1.6365516 1.7280828 0.6445076 1.327653 1.5953641 9.016355 -0.5302675366401672 0.7280983328819275
Cyclist 0.0 0 -1.0433037281036377 227.27230834960938 174.6420440673828 284.7752685546875 256.0362548828125 1.2003325 1.7037684 0.604582 -7.6274676 1.5827696 15.41451 -1.5028018951416016 0.21244148910045624
Cyclist 0.0 0 1.7477843761444092 65.83501434326172 160.8683624267578 89.6582260131836 203.33680725097656 1.3744093 1.8777435 0.63459206 -23.882803 1.0111979 32.013767 1.106837511062622 0.16554470360279083
Cyclist 0.0 0 0.6446571946144104 1.668318510055542 182.51571655273438 64.23616790771484 232.3431854248047 1.677164 1.7455994 0.64964426 -20.362751 1.8198416 25.14838 -0.03597309812903404 0.10733143985271454
Cyclist 0.0 0 -2.3946597576141357 160.48695373535156 169.3790740966797 228.27517700195312 263.5936584472656 1.089334 1.7980849 0.51456463 -8.087218 1.5874761 13.858371 -2.9229047298431396 0.10400514304637909
Car 0.0 0 2.173123836517334 57.96704864501953 181.03192138671875 131.96153259277344 207.6138153076172 4.1226435 1.5536718 1.6452879 -31.264431 1.589286 43.481342 1.5497392416000366 0.10736487805843353
Car 0.0 0 -1.6374685764312744 587.7086791992188 141.8431854248047 689.0303344726562 240.46897888183594 3.6805708 1.6170003 1.6346384 0.4622831 0.98486197 13.453048 -1.6031193733215332 0.10676192492246628
Car 0.0 0 -3.1630594730377197 691.4613037109375 137.5867919921875 790.8704833984375 174.5291290283203 4.2748733 1.5791811 1.6778044 6.056863 -0.27698332 31.784155 -2.974754810333252 0.10371663421392441
