Car 0.0 0 -1.8295594453811646 722.5604248046875 187.98800659179688 903.2468872070312 312.01275634765625 3.7038941 1.4457668 1.6115907 2.7315083 1.7100596 10.721413 -1.5800951719284058 0.9793521761894226
Car 0.0 0 0.6740356683731079 0.0 188.8444061279297 296.6649475097656 317.5254211425781 4.346213 1.4340799 1.5940241 -6.548807 1.6581826 9.179432 0.054358482360839844 0.9627324938774109
Car 0.0 0 -1.663979172706604 665.7022094726562 177.02491760253906 734.8151245117188 239.19509887695312 3.9161248 1.6712862 1.6732779 2.565663 1.8081735 21.637617 -1.545956015586853 0.9395184516906738
Car 0.0 0 3.5332860946655273 161.13304138183594 171.16407775878906 398.4970703125 259.2135314941406 3.861995 1.6050446 1.6541195 -6.330573 1.5745971 14.03841 3.109645366668701 0.9350219964981079
Car 0.0 0 3.374052047729492 330.2440490722656 181.23341369628906 469.4819030761719 238.7529754638672 3.7330139 1.6327902 1.6588389 -6.2689867 1.8954974 21.66758 3.092416763305664 0.8781717419624329
Car 0.0 0 3.4175970554351807 279.3906555175781 190.03115844726562 448.7584228515625 248.56268310546875 3.9461427 1.4286351 1.5632553 -6.423111 1.9023949 19.003656 3.091658353805542 0.7284491658210754
Car 0.0 0 -1.711727499961853 638.5367431640625 178.91110229492188 680.5574951171875 213.17279052734375 3.6975493 1.6235136 1.6225189 2.435506 1.9485142 36.76532 -1.64557945728302 0.6880086064338684
Car 0.0 0 -2.880873441696167 380.02142333984375 181.22740173339844 490.161376953125 218.93031311035156 4.313378 1.5513811 1.6478417 -7.485034 1.9210798 30.949242 -3.1181657314300537 0.6364694833755493
Car 0.0 0 -1.705491304397583 652.7314453125 182.7371368408203 708.5052490234375 226.25804138183594 3.85612 1.4946833 1.6050417 2.58806 1.9003391 27.62729 -1.612086296081543 0.5595389604568481
Car 0.0 0 0.410633385181427 229.54461669921875 192.29934692382812 425.0460510253906 262.4515380859375 3.843186 1.4702086 1.5841802 -6.40603 1.9378173 16.467413 0.03963470458984375 0.5248596668243408
