Pedestrian 0.0 0 -2.155245304107666 240.78416442871094 160.49732971191406 271.76470947265625 214.6353302001953 0.5825404 1.7768458 0.73077404 -11.8777075 1.3716494 24.141052 -2.612482786178589 0.5189077854156494
Car 0.0 0 -1.9084911346435547 742.643798828125 192.611328125 995.1350708007812 347.6214294433594 4.1727934 1.4081318 1.602498 2.888424 1.718379 9.202307 -1.604349136352539 0.9842466115951538
Car 0.0 0 -1.712633490562439 653.3678588867188 175.3453826904297 712.4325561523438 222.39767456054688 4.269699 1.7069414 1.7210264 2.7592282 1.813473 28.574696 -1.6163699626922607 0.8851904273033142
Car 0.0 0 3.863633871078491 0.0 139.29208374023438 181.176025390625 351.438232421875 3.9201603 1.7717415 1.6970402 -6.6648183 1.4918066 6.9535604 3.0994348526000977 0.8590273857116699
Car 0.0 0 0.3032281696796417 353.798828125 176.60231018066406 473.6805419921875 225.24716186523438 3.430945 1.5037005 1.5238129 -6.3141103 1.6291771 23.25541 0.038108110427856445 0.8312244415283203
Car 0.0 0 3.3257970809936523 427.3954162597656 173.36285400390625 508.4745178222656 208.34828186035156 3.3912048 1.5504782 1.5384132 -6.450978 1.5745131 32.783386 3.1315035820007324 0.7947130799293518
Car 0.0 0 0.18257513642311096 349.133544921875 176.8204803466797 484.8577575683594 221.63790893554688 4.4330845 1.5214869 1.7051023 -6.8216653 1.6687131 25.693438 -0.07693981379270554 0.6517284512519836
Car 0.0 0 -2.9404797554016113 434.16058349609375 170.7558135986328 525.2700805664062 204.91246032714844 4.1295977 1.6286556 1.709569 -6.362337 1.5289676 35.30322 -3.1187856197357178 0.4224114418029785
Car 0.0 0 -1.6745067834854126 644.2140502929688 176.23399353027344 679.5800170898438 205.0024871826172 3.6267376 1.483824 1.5542547 2.76057 1.677766 39.48352 -1.6047033071517944 0.39072808623313904
Car 0.0 0 -1.649613618850708 635.26611328125 177.34518432617188 661.6775512695312 199.2519073486328 3.807711 1.4843072 1.5845542 2.6885905 1.817836 51.599014 -1.5975552797317505 0.3827897906303406
Car 0.0 0 3.5224170684814453 176.10589599609375 186.0887908935547 402.9738464355469 265.95098876953125 3.8772755 1.4873284 1.5888876 -6.3910694 1.7708088 14.575767 3.1091909408569336 0.3611358404159546
