Pedestrian 0.0 0 -0.4122202396392822 43.128578186035156 147.81703186035156 64.06613159179688 195.35873413085938 0.48232245 1.9039178 0.5674835 -22.374971 0.59654766 28.65755 -1.0751254558563232 0.43048739433288574
Pedestrian 0.0 0 1.3139011859893799 790.6952514648438 132.6874237060547 847.6260375976562 239.5678253173828 1.2941842 1.9019111 0.70800936 3.9405541 1.0527406 13.235039 1.6032800674438477 0.1864856332540512
Pedestrian 0.0 0 -2.5650014877319336 214.40733337402344 164.32872009277344 232.6006317138672 194.6117401123047 0.8996812 1.967303 0.53811496 -24.945395 0.9180855 46.232597 -3.0597963333129883 0.12923148274421692
Pedestrian 0.0 0 -1.3701610565185547 141.93511962890625 191.34042358398438 163.5347442626953 241.75489807128906 0.4723507 1.6008971 0.50629336 -14.672513 1.9582835 22.89274 -1.9401296377182007 0.1242632120847702
Pedestrian 0.0 0 -1.5341683626174927 225.01715087890625 184.28643798828125 241.97218322753906 226.87286376953125 0.6533504 1.6553857 0.57168835 -14.7187195 1.8089403 27.971348 -2.0185611248016357 0.12324035167694092
Pedestrian 0.0 0 2.060476779937744 800.9928588867188 176.42335510253906 865.75390625 286.8543701171875 0.6374746 1.7848297 0.8410836 3.811651 1.7205946 11.94628 2.3693323135375977 0.11723984032869339
Pedestrian 0.0 0 -0.09763598442077637 770.87890625 155.3568115234375 816.6754150390625 246.21316528320312 0.83428174 1.7869353 0.6201957 3.7582986 1.2940573 14.273583 0.15982484817504883 0.11655763536691666
Pedestrian 0.0 0 0.01626729965209961 835.985107421875 115.37107849121094 923.7911376953125 282.3520812988281 0.9487175 1.8947982 0.646978 3.247551 1.1574402 8.494997 0.38141369819641113 0.109891876578331
Pedestrian 0.0 0 1.8194897174835205 183.83546447753906 182.2600860595703 205.82989501953125 230.44357299804688 0.51625437 1.7089379 0.57585573 -14.773471 1.7745702 25.423126 1.2930805683135986 0.10147064924240112
Cyclist 0.0 0 2.4907588958740234 420.228271484375 164.2569122314453 445.16162109375 190.21310424804688 1.7237929 1.7791569 0.5261897 -12.001651 0.6670882 49.294662 2.2519378662109375 0.24698539078235626
Cyclist 0.0 0 1.2602124214172363 787.201171875 135.47743225097656 849.21240234375 242.10934448242188 1.640715 1.9053006 0.65086734 3.9805334 1.1024787 13.4562025 1.5478243827819824 0.24647021293640137
Cyclist 0.0 0 -1.8676973581314087 724.4478759765625 165.89125061035156 752.6603393554688 216.59567260742188 1.6940026 1.6054838 0.43003413 4.345768 1.1444689 23.248482 -1.6829030513763428 0.22871772944927216
Cyclist 0.0 0 1.4598503112792969 1098.5450439453125 175.6231231689453 1224.0 370.0 1.4924697 1.5273088 0.55477464 3.40628 1.5041143 4.3893814 2.1198019981384277 0.20090609788894653
Cyclist 0.0 0 -1.7323330640792847 812.43603515625 177.264892578125 860.3165283203125 291.4237060546875 1.1639575 1.8432921 0.58848524 3.872866 1.7927092 12.03095 -1.420899748802185 0.12386640906333923
Cyclist 0.0 0 -1.1349709033966064 176.711669921875 173.82586669921875 201.7274932861328 209.46827697753906 1.5607194 1.6495479 0.40300286 -19.713486 1.3421204 33.513683 -1.6666849851608276 0.1011042669415474
Car 0.0 0 -1.4621751308441162 556.2039794921875 161.14414978027344 580.2398071289062 180.0841827392578 3.9722989 1.5762608 1.6506062 -3.1194918 -0.03587456 60.959167 -1.5133039951324463 0.20640280842781067
Car 0.0 0 -1.6588983535766602 568.3156127929688 175.30447387695312 593.8170166015625 195.2737274169922 3.9574382 1.4509209 1.5773692 -1.8334286 1.074707 53.427856 -1.6932008266448975 0.14684438705444336
Car 0.0 0 2.0368733406066895 0.0 193.38719177246094 47.95830535888672 244.7163543701172 3.9838338 1.4588069 1.5715293 -20.312668 1.923482 23.280924 1.3194594383239746 0.10595693439245224
