Car 0.0 0 -1.7959461212158203 716.1939086914062 186.92356872558594 864.9829711914062 286.88970947265625 4.2331705 1.4010339 1.5834054 2.9396117 1.6927474 12.82226 -1.5705821514129639 0.9768498539924622
Car 0.0 0 1.6500043869018555 526.18798828125 176.8379364013672 573.6555786132812 217.78421020507812 3.5748518 1.4513574 1.5390956 -2.2915838 1.614617 27.710722 1.5674954652786255 0.957219660282135
Car 0.0 0 -1.7260874509811401 653.291748046875 172.96070861816406 705.4503784179688 212.998291015625 4.0511374 1.6294854 1.640623 2.9118674 1.6348017 31.447266 -1.6337554454803467 0.9413892030715942
Car 0.0 0 0.5697374939918518 8.423584938049316 181.1513214111328 369.1943664550781 307.7553405761719 4.101778 1.5828918 1.6962956 -5.762453 1.7103105 10.094841 0.051041603088378906 0.9342052340507507
Car 0.0 0 3.3287477493286133 287.26123046875 175.3359832763672 458.8335266113281 235.90272521972656 4.0356836 1.4910392 1.6634613 -6.136809 1.5602293 18.92803 3.015223264694214 0.9304672479629517
Car 0.0 0 3.2569143772125244 443.2282409667969 175.7139434814453 524.2941284179688 206.62396240234375 3.6789696 1.438735 1.5507808 -6.047616 1.5798329 34.624702 3.0839967727661133 0.8990505933761597
Car 0.0 0 0.5207524299621582 150.65403747558594 183.6246795654297 407.57122802734375 275.2698059082031 3.8664625 1.4699018 1.5642927 -5.79696 1.6750584 12.756367 0.09421515464782715 0.8895877599716187
Car 0.0 0 3.863408327102661 0.0 171.4527587890625 191.6649627685547 336.8092956542969 3.825949 1.4864278 1.6147718 -6.689843 1.4741896 7.3254995 3.12333345413208 0.853597104549408
Car 0.0 0 0.47904855012893677 219.28038024902344 176.6856689453125 435.3005676269531 248.3742218017578 4.3200893 1.5207292 1.6455361 -6.4145107 1.6141155 16.465368 0.10756063461303711 0.83918297290802
Car 0.0 0 -2.251990556716919 860.7314453125 215.4317626953125 1242.0 375.0 4.0234694 1.4406575 1.6212107 2.7400868 1.7717745 3.5698698 -1.5973458290100098 0.8244354724884033
Car 0.0 0 3.9943699836730957 0.0 205.43417358398438 117.55197143554688 375.0 4.15022 1.4452916 1.5785685 -5.8975487 1.6973792 4.6873984 3.0951385498046875 0.7693070769309998
