Car 0.0 0 -1.7129992246627808 683.5015258789062 183.24484252929688 760.106201171875 241.7862091064453 3.3719854 1.3873676 1.548387 2.8666706 1.6912769 19.386234 -1.5661916732788086 0.9722894430160522
Car 0.0 0 -2.0283970832824707 812.2034301757812 175.63296508789062 1242.0 375.0 3.4969082 1.467123 1.5521003 2.78152 1.4958594 5.6152606 -1.5684764385223389 0.9677821397781372
Car 0.0 0 0.4191957712173462 200.66238403320312 187.19725036621094 429.0575866699219 266.5948181152344 4.0563765 1.5047698 1.5922573 -6.011595 1.8176025 14.850593 0.03455400466918945 0.9355160593986511
Car 0.0 0 -0.22597673535346985 741.2936401367188 173.08993530273438 869.4190673828125 223.64743041992188 3.9110339 1.6515201 1.7069634 6.506165 1.660189 24.49449 0.0336458683013916 0.8887670040130615
Car 0.0 0 0.7647838592529297 0.0 183.01976013183594 242.1515350341797 363.7408447265625 4.261427 1.5192188 1.6500695 -6.2066326 1.6324526 7.087668 0.045560598373413086 0.8508647084236145
Car 0.0 0 0.36175990104675293 274.4432067871094 182.11892700195312 469.2919921875 249.79344177246094 4.0834675 1.4974679 1.6045674 -5.5988374 1.72894 17.101961 0.04537701606750488 0.8185252547264099
Car 0.0 0 0.6235600709915161 0.0 142.72393798828125 265.69451904296875 281.644775390625 3.5081747 1.6649538 1.6702753 -6.736353 1.3042055 9.491012 0.006312847137451172 0.8061719536781311
Car 0.0 0 -2.574977397918701 52.70730209350586 189.46194458007812 331.6853942871094 284.91412353515625 3.8109715 1.4490676 1.5867362 -6.947365 1.7492018 12.139463 -3.0947771072387695 0.7972294688224792
Car 0.0 0 3.389340877532959 353.3759460449219 177.56259155273438 468.30853271484375 222.04629516601562 3.4751065 1.4425894 1.5185066 -6.7062473 1.6071249 24.360207 3.1207003593444824 0.6594690084457397
Car 0.0 0 0.41277337074279785 340.3708801269531 174.5877685546875 486.3918762207031 230.52976989746094 3.9627912 1.6081806 1.6103159 -5.9619074 1.6637634 21.893368 0.14690446853637695 0.6367191076278687
Car 0.0 0 0.4276324510574341 309.0684509277344 177.7574005126953 460.67626953125 235.8901824951172 3.6197507 1.4800104 1.4895816 -6.0776663 1.6194323 19.495195 0.1254291534423828 0.6115005016326904
Car 0.0 0 -1.7534337043762207 631.9176025390625 176.05438232421875 662.1620483398438 198.28933715820312 3.5617924 1.5593172 1.5928798 2.6589706 1.803096 53.00701 -1.7033131122589111 0.6001601815223694
Car 0.0 0 -2.9307823181152344 423.34820556640625 174.58334350585938 513.177490234375 208.63491821289062 3.8992052 1.5619316 1.658706 -6.677598 1.6459587 34.044117 -3.1244688034057617 0.5572163462638855
