Pedestrian 0.0 0 -1.4302740097045898 1006.8599243164062 140.19873046875 1026.2513427734375 187.06021118164062 0.48099256 1.9952362 0.6681066 17.491007 0.60522074 31.112326 -0.9181208610534668 0.3702208697795868
Pedestrian 0.0 0 -1.8142390251159668 1159.144287109375 143.89476013183594 1186.7861328125 190.21267700195312 0.81518793 1.913125 0.74015194 23.609362 0.7173445 30.32255 -1.152679204940796 0.25610265135765076
Pedestrian 0.0 0 -2.734311580657959 294.0095520019531 176.15293884277344 305.4139099121094 199.4396209716797 0.58923304 1.7910959 0.6859245 -24.078222 2.0487742 55.93481 -3.140805721282959 0.14862054586410522
Pedestrian 0.0 0 -0.5307180881500244 386.35205078125 172.44717407226562 397.9701232910156 194.97677612304688 0.5772958 1.7523316 0.7391647 -17.108656 1.7210467 56.580647 -0.8243536949157715 0.1301456093788147
Cyclist 0.0 0 1.159835696220398 822.6390380859375 182.0204620361328 845.9157104492188 223.74072265625 0.9550992 1.6623662 0.5727861 9.1140175 2.0436592 29.476168 1.459710955619812 0.13801315426826477
Car 0.0 0 -1.4972947835922241 593.678955078125 175.22161865234375 626.9751586914062 203.68118286132812 3.9800773 1.5469973 1.6335453 0.028815616 1.6905924 41.603813 -1.496602177619934 0.706240177154541
Car 0.0 0 1.9007906913757324 321.99603271484375 170.25413513183594 427.76263427734375 226.49061584472656 4.2503996 1.493605 1.6687044 -6.834649 1.4249127 21.301918 1.5903198719024658 0.27953118085861206
Car 0.0 0 1.7344715595245361 406.57513427734375 171.29551696777344 466.9759826660156 211.4400177001953 4.453147 1.4818845 1.6455023 -6.888263 1.4247133 28.910736 1.500572681427002 0.2709711492061615
Car 0.0 0 -2.636371612548828 255.8944091796875 155.87034606933594 346.1485900878906 187.7744140625 4.0021596 1.6072401 1.6432018 -16.00011 0.75200766 37.36485 -3.0409605503082275 0.21918568015098572
Car 0.0 0 -1.1837623119354248 365.88604736328125 171.38229370117188 408.6166076660156 195.85765075683594 3.5727627 1.61177 1.5612453 -15.21819 1.5152115 49.360607 -1.482822060585022 0.1348513811826706
