Pedestrian 0.0 0 -1.6613463163375854 963.431396484375 156.72943115234375 1023.9490356445312 285.3228759765625 0.584177 1.7418448 0.7005453 5.341448 1.5237894 10.174678 -1.1779191493988037 0.6617008447647095
Pedestrian 0.0 0 -0.29732954502105713 913.9678344726562 175.86512756347656 951.6812744140625 229.4325714111328 0.896656 1.5520563 0.53300756 9.456941 1.6424686 21.257608 0.12125277519226074 0.435964971780777
Pedestrian 0.0 0 -1.740586280822754 763.4337158203125 167.54197692871094 783.4790649414062 206.42236328125 0.9660489 1.6944498 0.7108045 7.189744 1.4633039 31.94336 -1.519197702407837 0.31598636507987976
Pedestrian 0.0 0 1.7615950107574463 0.0 193.8441619873047 40.42726516723633 266.27117919921875 0.6281039 1.7700833 0.7107911 -15.038432 2.3168535 18.334824 1.0746510028839111 0.18553969264030457
Car 0.0 0 -1.5411853790283203 602.9483032226562 179.1129608154297 630.1923828125 204.201416015625 3.9188352 1.4871355 1.6140883 0.4210815 1.9016186 45.748714 -1.5319814682006836 0.7309491634368896
Car 0.0 0 1.663866400718689 437.07293701171875 185.97134399414062 463.5599060058594 208.34637451171875 3.800358 1.5568771 1.6096052 -12.055648 2.5844624 54.515945 1.446229100227356 0.660929262638092
Car 0.0 0 1.8735857009887695 336.183349609375 184.55703735351562 436.8304138183594 240.32467651367188 4.4088836 1.4333897 1.634859 -6.60952 1.8212848 21.680426 1.5776751041412354 0.2910934090614319
Car 0.0 0 1.4547851085662842 196.22650146484375 195.62474060058594 236.46836853027344 224.51416015625 3.9774454 1.5496688 1.707453 -24.15498 3.0103257 44.153683 0.9541971683502197 0.20424313843250275
Car 0.0 0 1.1855993270874023 700.5463256835938 177.26329040527344 735.91943359375 199.11305236816406 3.968795 1.769274 1.5971802 9.144694 2.1577585 61.394123 1.3334628343582153 0.17634394764900208
Car 0.0 0 1.6140358448028564 485.29608154296875 179.26144409179688 507.5057373046875 200.01849365234375 3.8414483 1.523799 1.5462302 -8.842412 2.0409174 56.19378 1.4579598903656006 0.17005875706672668
