Pedestrian 0.0 0 -3.710637092590332 1199.2945556640625 129.45458984375 1242.0 259.610595703125 0.5475441 1.6194634 0.42497548 7.925876 1.079825 9.223782 -3.0007760524749756 0.12586809694766998
Cyclist 0.0 0 1.924282193183899 189.0719757080078 178.799072265625 212.9366455078125 213.12423706054688 1.5348132 1.7004429 0.56472445 -20.898272 2.01084 36.82287 1.4080760478973389 0.40872159600257874
Cyclist 0.0 0 -1.723987340927124 689.6248168945312 160.5515899658203 701.97900390625 194.76515197753906 1.5990869 1.74025 0.39562783 4.416399 1.114854 37.503933 -1.6067688465118408 0.2753622531890869
Car 0.0 0 2.089691638946533 177.80218505859375 187.34288024902344 265.67010498046875 227.3191375732422 3.8951008 1.5495125 1.6456912 -16.800602 2.2192156 31.361128 1.5978823900222778 0.9432633519172668
Car 0.0 0 2.1254444122314453 96.94642639160156 197.21987915039062 189.96563720703125 235.2021942138672 3.6955054 1.4094423 1.6592611 -19.982052 2.5204024 31.023045 1.5532255172729492 0.19968198239803314
Car 0.0 0 2.0703582763671875 233.72653198242188 180.95472717285156 285.6656494140625 206.06727600097656 3.741775 1.5798299 1.5385151 -23.524052 2.1463993 48.52443 1.6189544200897217 0.18013378977775574
Car 0.0 0 2.170048713684082 41.94879913330078 194.04344177246094 132.38230895996094 229.75387573242188 3.647518 1.4159181 1.5185326 -23.575272 2.4289255 32.636623 1.5444754362106323 0.14569076895713806
Car 0.0 0 2.3566231727600098 0.0 193.6298370361328 42.122920989990234 248.43551635742188 3.7465272 1.4678416 1.6171725 -20.255608 2.176824 22.69119 1.6278760433197021 0.13429471850395203
Car 0.0 0 1.9975149631500244 238.0686492919922 189.22874450683594 297.80126953125 218.35299682617188 3.9147701 1.5177016 1.6532618 -19.761995 2.5110297 41.78194 1.5557165145874023 0.11022286117076874
Car 0.0 0 -1.7045068740844727 647.1495971679688 181.24302673339844 681.1096801757812 208.1446075439453 3.5386496 1.4619895 1.5123576 3.0878358 1.9735267 42.15176 -1.6313823461532593 0.10757344961166382
