Pedestrian 0.0 0 1.9902209043502808 347.1595764160156 181.14418029785156 359.35272216796875 204.49388122558594 0.7819506 1.6988398 0.579426 -18.954788 2.3151932 53.198517 1.647942066192627 0.1892865002155304
Pedestrian 0.0 0 0.9510958194732666 1116.472412109375 129.38519287109375 1164.4515380859375 204.8216552734375 0.7382712 1.8095635 0.6358482 12.9374075 0.76719546 17.678381 1.5828603506088257 0.1172945499420166
Pedestrian 0.0 0 2.4626176357269287 884.864990234375 148.79519653320312 915.1043701171875 195.22303771972656 1.0065418 1.8770515 0.58563435 11.8512745 0.9047255 29.596329 2.8434951305389404 0.112423837184906
Pedestrian 0.0 0 2.881049871444702 263.14501953125 177.61404418945312 290.176513671875 208.40805053710938 1.3658973 1.8126092 0.59956306 -20.054228 2.10332 43.34225 2.4476892948150635 0.11038777232170105
Cyclist 0.0 0 2.4697799682617188 261.3088073730469 177.5444793701172 292.3466796875 207.3006134033203 1.7104305 1.7381324 0.5687845 -20.02279 2.0258963 43.317123 2.0367960929870605 0.37413179874420166
Car 0.0 0 2.1514525413513184 147.6146697998047 192.78469848632812 249.35023498535156 234.92529296875 3.7026646 1.4370129 1.7139473 -16.060844 2.2718499 28.304583 1.635326623916626 0.9473044276237488
Car 0.0 0 1.8438552618026733 376.87005615234375 182.80810546875 413.5909729003906 206.10157775878906 3.829049 1.5710112 1.5748338 -15.527573 2.3185966 52.234386 1.5549074411392212 0.6327820420265198
Car 0.0 0 1.9628546237945557 359.0574035644531 177.6082305908203 397.2817687988281 200.1327667236328 4.0575166 1.8117404 1.6530739 -19.572573 2.2278447 61.004814 1.6523929834365845 0.33043622970581055
Car 0.0 0 1.9831042289733887 216.55303955078125 179.6310272216797 274.5511779785156 207.8673095703125 4.306959 1.6572056 1.6862329 -22.975185 2.106468 45.595158 1.5163452625274658 0.22529888153076172
Car 0.0 0 2.43639874458313 0.0 186.083740234375 62.1150016784668 224.40440368652344 3.41739 1.463012 1.6427824 -25.569326 2.0583882 30.625973 1.7407423257827759 0.10657267272472382
