Pedestrian 0.0 0 1.5114256143569946 766.9697875976562 169.5838623046875 802.1560668945312 255.61813354492188 0.60294545 1.7166989 0.66001797 3.6981118 1.4801744 14.688444 1.758069634437561 0.8249524235725403
Pedestrian 0.0 0 1.1953599452972412 828.8855590820312 165.97352600097656 877.5951538085938 264.3279113769531 0.7418062 1.6878774 0.5789222 4.402022 1.4227047 12.707582 1.5288320779800415 0.8033634424209595
Pedestrian 0.0 0 2.035656452178955 325.49285888671875 167.13339233398438 377.65447998046875 264.76776123046875 0.7625613 1.7197089 0.6223535 -4.574814 1.4679333 13.067882 1.6989096403121948 0.7939810156822205
Pedestrian 0.0 0 0.9518882036209106 863.8046264648438 148.3302001953125 915.2391967773438 251.3777618408203 0.5785949 1.6713101 0.56558204 4.7622304 1.1346265 11.9963665 1.3297821283340454 0.7618711590766907
Pedestrian 0.0 0 -1.2838507890701294 392.2383728027344 167.81358337402344 446.3812255859375 274.6063232421875 0.9642617 1.8273582 0.6921815 -3.2652555 1.5944473 12.783561 -1.5339298248291016 0.7419072985649109
Pedestrian 0.0 0 -0.7029645442962646 681.0984497070312 176.02183532714844 728.6782836914062 262.34149169921875 0.6566598 1.612869 0.6303214 1.9540231 1.511772 13.861109 -0.5629157423973083 0.6333521008491516
Pedestrian 0.0 0 1.562462329864502 719.6253662109375 161.63644409179688 773.9541625976562 290.4441223144531 0.70859903 1.7487956 0.72782815 2.0047274 1.480436 10.165668 1.7571696043014526 0.6263453960418701
Pedestrian 0.0 0 1.6620546579360962 643.07373046875 170.81985473632812 672.093994140625 234.5573272705078 0.66125983 1.6855497 0.7249984 1.4888994 1.4042783 19.380463 1.7387287616729736 0.6083939075469971
Pedestrian 0.0 0 -2.2085390090942383 777.1920166015625 163.2203826904297 813.35888671875 234.37062072753906 0.7867649 1.740469 0.5060609 4.8251357 1.2945063 18.028053 -1.9470226764678955 0.562116265296936
Pedestrian 0.0 0 1.4762705564498901 714.0287475585938 173.2503662109375 742.6023559570312 253.07054138183594 0.5573816 1.3509213 0.43436602 2.1519208 1.2125828 12.4493885 1.647432804107666 0.49431124329566956
Pedestrian 0.0 0 1.2403556108474731 673.8169555664062 178.48507690429688 692.58349609375 220.14942932128906 0.7853203 1.6434596 0.5187918 3.253121 1.5255436 28.77171 1.3529441356658936 0.4115525484085083
Pedestrian 0.0 0 -1.98666512966156 224.8363800048828 138.39637756347656 254.4774932861328 197.5400390625 0.53327894 1.957205 0.74070185 -12.223548 0.53188944 24.224234 -2.4539859294891357 0.3440597653388977
Pedestrian 0.0 0 1.1357581615447998 699.8992309570312 167.8775634765625 741.2661743164062 257.644287109375 0.75347275 1.8143786 0.58474815 2.435346 1.5402828 14.95821 1.297152042388916 0.32511231303215027
Car 0.0 0 1.6907202005386353 554.8948364257812 178.4051971435547 600.6743774414062 211.17649841308594 4.1758084 1.4373865 1.6559254 -1.0550388 1.3025992 33.65735 1.65938401222229 0.9443038702011108
Car 0.0 0 -2.321885585784912 1059.1436767578125 206.48915100097656 1238.0 374.0 3.6935027 1.4435669 1.5576113 3.1449482 1.5952992 2.3641696 -1.3957003355026245 0.5808872580528259
