Pedestrian 0.0 0 -1.683908462524414 759.935546875 152.6432342529297 773.09521484375 185.70651245117188 0.7539785 1.9831004 0.6969987 9.439622 0.7712384 43.684124 -1.4710924625396729 0.14424271881580353
Pedestrian 0.0 0 -1.7149896621704102 459.10418701171875 171.39222717285156 477.3818664550781 208.89170837402344 0.76610756 1.7674856 0.7541235 -6.818911 1.6989452 34.49267 -1.9101645946502686 0.13181214034557343
Pedestrian 0.0 0 3.1824164390563965 307.3863830566406 171.51719665527344 322.7729187011719 199.2168731689453 0.9253546 1.824848 0.5569803 -19.626827 1.7371377 47.95146 2.7939133644104004 0.12540507316589355
Pedestrian 0.0 0 2.901660919189453 684.717041015625 163.79478454589844 697.5593872070312 188.1043243408203 0.9067743 1.8928866 0.4963506 6.325095 1.1878387 56.484688 3.0131752490997314 0.10158748924732208
Car 0.0 0 -1.432449221611023 506.26727294921875 180.39950561523438 552.8321533203125 216.59237670898438 3.41386 1.5259637 1.6540362 -3.6505952 1.8881625 32.868954 -1.5430610179901123 0.9623537063598633
Car 0.0 0 -1.5451834201812744 569.8538208007812 182.21449279785156 621.23828125 224.31021118164062 3.473477 1.313318 1.6587886 -0.5027363 1.6609339 25.023745 -1.5652711391448975 0.9483662843704224
Car 0.0 0 2.1721527576446533 0.0 190.61044311523438 128.45164489746094 285.8880310058594 4.360081 1.4757216 1.6467336 -11.693103 1.8820479 14.251324 1.4850407838821411 0.8704489469528198
Car 0.0 0 1.8116687536239624 355.53973388671875 179.96884155273438 401.4040832519531 209.13809204101562 3.92453 1.530954 1.5829817 -13.0833845 1.9540975 40.86108 1.5017918348312378 0.8174994587898254
Car 0.0 0 1.9229503870010376 205.69505310058594 168.6686553955078 256.75836181640625 200.3768310546875 3.846333 1.9130255 1.6272583 -23.869658 1.6608725 45.542004 1.440190315246582 0.13977868854999542
Car 0.0 0 -1.5737903118133545 462.23919677734375 172.2060546875 494.3094787597656 203.7635498046875 2.537531 1.4952325 1.5010275 -6.5353146 1.4648896 35.569584 -1.7554969787597656 0.11206956952810287
Car 0.0 0 0.9034487009048462 826.61962890625 178.43780517578125 890.7982177734375 203.98065185546875 4.27137 1.5295397 1.6021258 15.913467 1.9072744 46.481384 1.2333030700683594 0.10218066722154617
