Pedestrian 0.0 0 1.3198081254959106 784.0632934570312 186.54754638671875 825.1395263671875 261.0612487792969 1.4834802 1.5547017 0.5251888 4.2634587 1.874196 16.069212 1.5791513919830322 0.18447375297546387
Cyclist 0.0 0 1.3254523277282715 784.1317138671875 187.02102661132812 825.0929565429688 261.8870849609375 1.5079342 1.5601399 0.52445054 4.2656717 1.8911039 16.077711 1.584793210029602 0.5478284358978271
Car 0.0 0 -1.7166310548782349 666.66064453125 181.5343780517578 749.401123046875 250.7946014404297 3.5058393 1.6524279 1.6897529 2.4916818 1.9077567 19.423107 -1.5890434980392456 0.9761193990707397
Car 0.0 0 1.7451603412628174 458.7893981933594 192.01913452148438 544.501953125 259.447265625 3.329437 1.5265008 1.6720501 -2.8012557 2.0758507 18.978611 1.5986177921295166 0.9683255553245544
Car 0.0 0 1.0007628202438354 812.2366333007812 192.74252319335938 1242.0 375.0 3.5228243 1.4522884 1.5663955 2.7640276 1.6435204 5.1074996 1.4968018531799316 0.9437216520309448
Car 0.0 0 2.0773746967315674 0.0 204.9864959716797 387.2212219238281 375.0 4.1086235 1.4818714 1.6236271 -2.7407546 1.769211 4.34479 1.5146054029464722 0.9364707469940186
Car 0.0 0 1.4939308166503906 534.9111938476562 186.68731689453125 568.888427734375 216.74380493164062 4.241947 1.6411966 1.7199032 -3.5966735 2.5217867 43.679344 1.4117735624313354 0.7470357418060303
Car 0.0 0 -1.6811147928237915 657.2555541992188 188.2385711669922 714.7654418945312 237.7257080078125 3.4105217 1.4688057 1.5347117 2.435935 2.0215347 24.19067 -1.5807558298110962 0.7232176065444946
Car 0.0 0 -1.7137342691421509 643.2215576171875 179.34156799316406 698.7147827148438 224.35009765625 4.06472 1.660123 1.6654408 2.3573089 1.9425778 29.291162 -1.6334288120269775 0.7034296989440918
Car 0.0 0 -1.689153790473938 635.7230224609375 179.82046508789062 671.411376953125 209.61557006835938 3.962958 1.6696125 1.6776793 2.540069 2.1086674 43.406242 -1.6307018995285034 0.5116824507713318
