Pedestrian 0.0 0 2.412165641784668 1139.4534912109375 172.25633239746094 1178.517333984375 254.52810668945312 0.4130211 1.5618782 0.43825772 10.544311 1.5508897 13.930409 3.0600857734680176 0.2566661238670349
Pedestrian 0.0 0 1.9577537775039673 717.5863647460938 180.6676483154297 738.5131225585938 223.8662109375 0.6977965 1.7069448 0.6169186 4.726694 2.0277772 29.132404 2.118600845336914 0.12694378197193146
Pedestrian 0.0 0 2.3155245780944824 824.6953735351562 169.72775268554688 871.6204223632812 256.51593017578125 0.72401196 1.8475757 0.66205066 5.1698594 1.781381 15.823256 2.6313161849975586 0.1253397911787033
Cyclist 0.0 0 -1.7082085609436035 608.1515502929688 162.57315063476562 622.5611572265625 199.81069946289062 1.7183138 1.7267675 0.4514073 0.20783779 1.2503853 34.337475 -1.7021558284759521 0.4331898093223572
Car 0.0 0 -0.9642757773399353 651.1773071289062 195.02511596679688 738.1569213867188 242.4567108154297 3.2662978 1.4952645 1.5382894 3.061832 2.3508713 26.0972 -0.8474855422973633 0.8247005343437195
Car 0.0 0 -3.478487491607666 1131.9046630859375 187.80120849609375 1242.0 317.5634765625 4.22798 1.5122017 1.6109432 10.227171 1.761999 10.409646 -2.7019312381744385 0.5826112627983093
Car 0.0 0 -1.5983542203903198 533.2672119140625 170.52838134765625 581.7264404296875 220.81082153320312 4.6245985 2.030138 1.9592253 -2.4051 1.9366004 31.530396 -1.6744855642318726 0.16543111205101013
Car 0.0 0 1.0432071685791016 0.0 162.34861755371094 60.77700424194336 193.02304077148438 3.6322656 1.5697933 1.6278152 -31.289925 1.0325279 38.32201 0.3584859371185303 0.16116906702518463
Car 0.0 0 -1.8165801763534546 601.9888916015625 152.50465393066406 648.7879028320312 191.5865936279297 4.3881216 2.1640675 1.7145712 0.80469483 1.0376301 42.281277 -1.7975505590438843 0.15610532462596893
Car 0.0 0 -1.5317373275756836 447.06927490234375 182.98863220214844 473.1169738769531 207.77557373046875 3.7418077 1.5926952 1.6229473 -10.37336 2.322586 49.95746 -1.7364718914031982 0.14298772811889648
Car 0.0 0 2.391437530517578 564.547119140625 175.50064086914062 620.1607055664062 197.97055053710938 3.883031 1.5243305 1.638118 -1.2545285 1.7201684 51.346607 2.3670098781585693 0.1122364029288292
