Pedestrian 0.0 0 -3.6260714530944824 1162.570068359375 137.05917358398438 1214.0968017578125 227.28855895996094 0.6065766 1.6790677 0.48793343 10.937724 1.013324 13.720748 -2.9530606269836426 0.18229050934314728
Pedestrian 0.0 0 3.1303229331970215 336.4890441894531 179.14669799804688 349.27789306640625 202.499267578125 0.9455498 1.8324324 0.51079875 -21.21793 2.3355932 57.242443 2.775355815887451 0.14365854859352112
Cyclist 0.0 0 -2.077230930328369 978.8158569335938 149.5745849609375 1114.00927734375 305.2733459472656 1.890305 1.78907 0.6277481 5.447589 1.5219337 9.241201 -1.5445756912231445 0.968358039855957
Cyclist 0.0 0 -1.9213179349899292 1181.09521484375 162.93478393554688 1242.0 284.14501953125 1.6382952 1.6619629 0.4606149 9.056242 1.5263144 10.739003 -1.2207242250442505 0.13516201078891754
Car 0.0 0 -1.6480389833450317 576.6171264648438 177.7420196533203 621.1572875976562 217.06398010253906 4.503772 1.6106257 1.6433325 -0.60658306 1.8465414 32.448486 -1.666730523109436 0.9150264263153076
Car 0.0 0 1.8031809329986572 359.46600341796875 187.6077423095703 406.9193115234375 214.60714721679688 4.459071 1.4358441 1.7263052 -13.523586 2.3653464 43.152096 1.499482274055481 0.8782609701156616
Car 0.0 0 1.8651010990142822 425.1810607910156 184.429443359375 457.97039794921875 204.1656036376953 3.9319732 1.5525434 1.6366822 -14.250402 2.5660627 61.13601 1.636096715927124 0.5363054275512695
Car 0.0 0 1.646712064743042 531.0835571289062 177.06539916992188 556.1376342773438 200.24102783203125 3.951059 1.7247055 1.6573292 -5.1809344 2.065898 56.404175 1.5551153421401978 0.11579110473394394
Car 0.0 0 1.438864827156067 595.2847290039062 177.93325805664062 623.1809692382812 198.9437255859375 4.1297154 1.5336151 1.6239182 -0.122585565 1.9423954 55.861176 1.4366703033447266 0.11515823751688004
Car 0.0 0 1.7145164012908936 923.1007080078125 180.22152709960938 967.7581787109375 209.98072814941406 4.0629945 1.4731475 1.6203492 18.09736 1.8928308 38.92015 2.149763345718384 0.10736968368291855
