Car 0.0 0 -1.903385043144226 755.3265991210938 184.64157104492188 1016.8214111328125 353.1401672363281 3.7098553 1.5109525 1.6698725 2.8976014 1.6820664 8.588649 -1.578000783920288 0.9785464406013489
Car 0.0 0 -1.7378427982330322 674.8037719726562 181.0882568359375 754.3904418945312 241.3018035888672 3.67762 1.5273792 1.6427517 2.8498561 1.7849354 20.671906 -1.6008450984954834 0.9749157428741455
Car 0.0 0 -2.598658323287964 54.73516845703125 174.63465881347656 367.8813781738281 286.1981506347656 4.1198 1.640187 1.6976362 -6.2873583 1.6714449 11.57666 -3.096193552017212 0.8875827193260193
Car 0.0 0 0.690152108669281 0.0 193.16416931152344 297.2993469238281 331.76654052734375 4.189616 1.478029 1.6646398 -6.381198 1.7581733 8.9577465 0.07117462158203125 0.8484807014465332
Car 0.0 0 0.4317368268966675 276.1579895019531 174.45657348632812 459.3076477050781 239.97482299804688 4.3446884 1.6510046 1.6719726 -6.453454 1.6966039 19.299026 0.10903310775756836 0.8220263719558716
Car 0.0 0 -1.6669251918792725 651.2117919921875 175.69789123535156 698.3541870117188 214.8521728515625 3.9656448 1.595513 1.6739972 2.7395935 1.7285928 31.67969 -1.5806618928909302 0.7640173435211182
Car 0.0 0 -2.424389600753784 926.8375854492188 198.68736267089844 1242.0 375.0 3.7890036 1.499602 1.6306717 2.953958 1.6733973 2.9019368 -1.6301079988479614 0.7628507614135742
Car 0.0 0 -2.880044460296631 349.28778076171875 168.20216369628906 483.9964904785156 220.7602081298828 4.03126 1.6894814 1.716396 -6.4112844 1.540306 24.051422 -3.140552520751953 0.7075027823448181
Car 0.0 0 3.250814199447632 413.2471923828125 173.49142456054688 514.8682861328125 208.47572326660156 4.2369447 1.4917078 1.6567682 -6.404503 1.5210694 31.814384 3.0521609783172607 0.6989381909370422
Car 0.0 0 3.99163818359375 0.0 235.5238037109375 88.65752410888672 375.0 3.920822 1.4614023 1.5535425 -5.7843018 1.9220263 4.3792896 3.068870782852173 0.6780068278312683
Car 0.0 0 -2.320742130279541 0.0 143.63848876953125 180.30194091796875 351.0271911621094 3.7009597 1.6944007 1.6599902 -6.452648 1.456063 6.8400373 -3.077005386352539 0.5739725828170776
