Car 0.0 0 -1.82697594165802 681.8946533203125 185.9623260498047 777.3596801757812 252.08517456054688 3.31839 1.434195 1.5421841 2.8418365 1.7941014 18.060358 -1.6709034442901611 0.9728312492370605
Car 0.0 0 3.55488920211792 165.91419982910156 190.96881103515625 398.57537841796875 270.9105224609375 3.7868147 1.418444 1.586289 -6.270487 1.7900552 13.975657 3.1331400871276855 0.9510484933853149
Car 0.0 0 -1.7248724699020386 645.1622924804688 182.42738342285156 704.2459716796875 226.2393035888672 4.154691 1.5022196 1.6292698 2.367462 1.8996578 27.79619 -1.639905333518982 0.9441760778427124
Car 0.0 0 3.9253859519958496 0.0 199.84341430664062 157.387451171875 375.0 3.9523194 1.5425898 1.6654185 -6.8290634 1.8291835 6.8110185 3.138664722442627 0.9064857363700867
Car 0.0 0 3.7737669944763184 0.0 196.96913146972656 257.8957824707031 331.2802734375 3.973771 1.5033362 1.6044363 -6.9243913 1.8389076 9.198894 3.1285133361816406 0.8471571803092957
Car 0.0 0 0.4750659763813019 263.2378845214844 190.89044189453125 433.5253601074219 251.23153686523438 3.9047558 1.437873 1.532041 -6.8064504 1.9335132 18.80223 0.12773895263671875 0.7318592071533203
Car 0.0 0 -2.7562458515167236 296.91387939453125 188.31527709960938 456.3836364746094 242.8600311279297 4.112695 1.4744748 1.6127564 -6.767063 1.9453402 20.999191 -3.0679917335510254 0.7245099544525146
Car 0.0 0 3.3309197425842285 417.04986572265625 188.7512969970703 516.333984375 223.46510314941406 4.022928 1.4398459 1.5625225 -6.232223 2.150595 31.446102 3.135267496109009 0.6716044545173645
Car 0.0 0 0.5456081032752991 221.63284301757812 185.6868438720703 403.70269775390625 256.6912841796875 3.5560787 1.4761609 1.513634 -6.7453012 1.7862564 16.389963 0.15518403053283691 0.5792874097824097
Car 0.0 0 3.4074647426605225 340.94683837890625 187.46620178222656 465.8902587890625 234.95433044433594 3.633784 1.4621632 1.5485227 -6.7054496 1.9546018 23.499586 3.1295080184936523 0.5538434386253357
