Pedestrian 0.0 0 -1.459189534187317 510.9836120605469 172.0682373046875 535.802490234375 230.9380645751953 1.1394391 1.902093 0.6965735 -2.5988636 1.598447 23.777573 -1.568056344985962 0.8081795573234558
Pedestrian 0.0 0 0.6180552244186401 898.9013061523438 150.81838989257812 999.39453125 311.39764404296875 0.91028756 1.9203669 0.70990014 4.3721437 1.5547892 9.158218 1.0634608268737793 0.8033421039581299
Pedestrian 0.0 0 1.49795663356781 639.3978881835938 174.51942443847656 659.884033203125 228.9860382080078 0.94952595 1.8452933 0.6361927 1.6348195 1.609872 24.81109 1.5637521743774414 0.7044658064842224
Pedestrian 0.0 0 1.5414034128189087 660.8822021484375 174.8292694091797 682.5245971679688 228.6114959716797 0.9992394 1.828171 0.7160639 2.4083517 1.6024936 24.93754 1.637680172920227 0.6261314153671265
Pedestrian 0.0 0 0.11101086437702179 693.743896484375 169.8831024169922 739.134521484375 260.6689453125 0.860726 1.8285142 0.69677484 2.3572829 1.5957825 14.9151745 0.2677602767944336 0.6244251132011414
Pedestrian 0.0 0 -1.8815778493881226 587.1251831054688 175.96368408203125 605.1701049804688 204.62075805664062 1.0713286 1.6266396 0.7468982 -0.30913684 1.313183 41.397297 -1.889045238494873 0.6132414937019348
Pedestrian 0.0 0 2.635563850402832 892.9202270507812 132.7570343017578 944.4501342773438 240.02386474609375 0.5679959 1.7021092 0.5563256 5.1164675 0.92995214 11.69945 3.04782772064209 0.5092512369155884
Pedestrian 0.0 0 1.8236814737319946 781.1612548828125 161.12245178222656 860.1341552734375 314.16107177734375 0.58495 1.632572 0.7309582 2.4279833 1.4165497 8.099809 2.1149163246154785 0.47869405150413513
Pedestrian 0.0 0 1.6009795665740967 278.88092041015625 142.8890838623047 323.509033203125 234.9322967529297 1.0960946 1.8989769 0.8577989 -6.4890194 1.1036187 15.482998 1.2041116952896118 0.4252353012561798
Pedestrian 0.0 0 -2.2164220809936523 23.139217376708984 192.8828887939453 131.07142639160156 374.0 0.55541366 1.7348694 0.6528989 -5.176059 1.8541262 7.044761 -2.8500843048095703 0.37957197427749634
Pedestrian 0.0 0 1.1305705308914185 712.8442993164062 191.58181762695312 766.2880249023438 281.75177001953125 0.59118766 1.651524 0.82127994 2.5747771 1.8495735 13.630233 1.317272424697876 0.2941104471683502
Pedestrian 0.0 0 2.46634840965271 995.465087890625 129.55862426757812 1067.9326171875 257.16339111328125 0.67266303 1.7365563 0.55719715 5.992064 1.0310165 10.095798 3.0019900798797607 0.2695375382900238
Pedestrian 0.0 0 0.44612881541252136 52.06949996948242 206.82229614257812 79.82576751708984 245.71705627441406 0.7907339 1.7634774 0.7620486 -25.053484 2.9648974 33.60277 -0.19453611969947815 0.26663655042648315
Pedestrian 0.0 0 1.5177342891693115 1020.50927734375 141.03759765625 1053.800048828125 235.64166259765625 0.43949103 1.6957972 0.4981056 7.9512653 0.9717711 13.184741 2.0604050159454346 0.2621300518512726
Pedestrian 0.0 0 0.7226440906524658 865.1478271484375 175.1356658935547 928.6622924804688 258.1673889160156 1.067778 1.5424964 0.5089605 5.67664 1.4255279 13.9333935 1.1095242500305176 0.2533842623233795
Pedestrian 0.0 0 1.938770055770874 466.51690673828125 175.18736267089844 495.96722412109375 230.31768798828125 1.1177114 1.7474179 0.58416826 -3.926757 1.5484349 23.371832 1.7723122835159302 0.24413461983203888
Cyclist 0.0 0 0.05256456136703491 866.0722045898438 173.47657775878906 926.84326171875 256.4060974121094 1.0686384 1.559471 0.5158009 5.6979456 1.4098525 13.9664135 0.4399268627166748 0.2523317039012909
Cyclist 0.0 0 1.8344117403030396 467.2126159667969 176.0996551513672 498.916015625 232.3770751953125 1.6629874 1.7726771 0.6133488 -3.8779132 1.6036775 23.48209 1.6707454919815063 0.24573801457881927
Car 0.0 0 2.1690592765808105 0.0 198.6667022705078 418.53839111328125 374.0 4.007972 1.4946152 1.659006 -2.8864663 1.6707498 5.2372103 1.6653367280960083 0.915232241153717
Car 0.0 0 0.48985961079597473 0.0 197.58792114257812 142.18614196777344 241.6167755126953 4.173711 1.475351 1.5845885 -19.26268 2.0822659 25.958046 -0.14854678511619568 0.3376459777355194
Car 0.0 0 -2.169274091720581 539.2557983398438 175.66229248046875 579.4683227539062 193.77865600585938 3.8693242 1.5266601 1.5888878 -3.661609 1.0351788 62.54839 -2.227747678756714 0.3217918276786804
