Pedestrian 0.0 0 -1.8688149452209473 697.2322998046875 161.69151306152344 717.9165649414062 202.50555419921875 0.8998685 1.8339727 0.7006173 4.407012 1.332746 32.920784 -1.73573899269104 0.8089112639427185
Pedestrian 0.0 0 -0.4573763608932495 1153.3590087890625 146.7606201171875 1242.0 362.414306640625 0.7958853 1.7718987 0.630685 5.3242407 1.5578629 6.327267 0.24214792251586914 0.7363652586936951
Pedestrian 0.0 0 1.0693511962890625 735.6242065429688 124.04933166503906 780.4854736328125 226.4883575439453 0.75836533 1.8139938 0.49953878 2.650617 0.95011675 13.210761 1.2673627138137817 0.33923065662384033
Cyclist 0.0 0 1.6601351499557495 515.6156616210938 175.34332275390625 539.7283935546875 230.4143524169922 1.7486906 1.7593386 0.6470629 -2.7703238 1.8455856 24.0101 1.5452615022659302 0.8591285943984985
Cyclist 0.0 0 1.672287940979004 491.4812316894531 174.45069885253906 516.9692993164062 230.16641235351562 1.8648591 1.7330514 0.6370487 -3.4655871 1.7873818 23.44098 1.5255080461502075 0.7513493299484253
Cyclist 0.0 0 1.620719313621521 536.701416015625 174.99964904785156 548.358642578125 208.74525451660156 1.9701532 1.7271217 0.517081 -3.5866482 1.8435928 38.048115 1.5267308950424194 0.7356352210044861
Car 0.0 0 -1.9086014032363892 734.412841796875 178.98968505859375 998.7628173828125 363.27783203125 3.6325674 1.6186498 1.637047 2.5720568 1.7053331 8.303228 -1.6082093715667725 0.9746654033660889
Car 0.0 0 1.9582903385162354 190.02500915527344 185.02381896972656 394.1089782714844 301.45367431640625 3.8099189 1.5318618 1.7007077 -4.985077 1.7636907 11.8059 1.558748722076416 0.9631844162940979
Car 0.0 0 1.7690608501434326 436.4162902832031 181.21226501464844 504.4573059082031 225.03421020507812 4.4362087 1.4994327 1.7246567 -5.30887 1.8471901 27.76092 1.5801068544387817 0.8593783974647522
Car 0.0 0 -1.5115388631820679 640.557861328125 175.6283721923828 668.4630737304688 200.44964599609375 3.778163 1.5840575 1.6517597 2.9937453 1.7783558 48.461163 -1.4498411417007446 0.6560550332069397
