Pedestrian 0.0 0 1.162061333656311 801.484619140625 132.03126525878906 904.4102172851562 329.0715026855469 0.8316091 1.8078806 0.67066514 2.3502307 1.3648707 6.9240522 1.4892888069152832 0.6818147301673889
Pedestrian 0.0 0 3.253073215484619 311.3794250488281 173.95713806152344 323.36767578125 199.77609252929688 0.72601074 1.8145365 0.5915443 -20.362202 1.3560057 50.06908 2.8668196201324463 0.295278936624527
Pedestrian 0.0 0 -0.893383264541626 815.7416381835938 158.65650939941406 835.6838989257812 196.8215789794922 0.6954525 1.7857988 0.5989391 10.447911 0.765161 33.52134 -0.5912461876869202 0.28927651047706604
Pedestrian 0.0 0 -3.58259916305542 1139.5731201171875 149.26983642578125 1195.8740234375 248.1128692626953 0.630831 1.6484734 0.4232106 9.55001 1.1292764 12.06454 -2.913015365600586 0.24314673244953156
Pedestrian 0.0 0 2.451343297958374 425.1251220703125 169.7841339111328 439.9717712402344 193.72402954101562 1.0285343 1.7901192 0.4669943 -13.017939 0.9901018 53.416805 2.2122981548309326 0.22250132262706757
Pedestrian 0.0 0 -0.42467087507247925 773.926025390625 153.36207580566406 790.7982788085938 183.2335662841797 0.84784806 1.8875875 0.65568864 11.302571 0.17407744 45.071728 -0.17896902561187744 0.18809917569160461
Pedestrian 0.0 0 -1.490199089050293 200.22091674804688 188.45652770996094 219.69325256347656 231.92320251464844 0.78066605 1.582104 0.57488126 -14.760613 1.8858497 26.37845 -2.0003607273101807 0.14591893553733826
Pedestrian 0.0 0 -2.9319000244140625 808.5730590820312 176.4938201904297 860.6293334960938 300.96087646484375 0.6000048 1.7604862 0.70997727 3.3549483 1.7054889 10.452814 -2.6213252544403076 0.138408824801445
Cyclist 0.0 0 -1.9505224227905273 1165.0704345703125 109.52202606201172 1224.0 220.02609252929688 1.7280767 1.8301125 0.4466083 10.584335 0.6562618 12.5952835 -1.2516626119613647 0.8536217212677002
Cyclist 0.0 0 2.1352717876434326 340.7474060058594 175.97750854492188 365.9023132324219 207.55767822265625 1.4992641 1.7173911 0.6096455 -13.968446 1.4728502 39.244164 1.7933177947998047 0.23832517862319946
Car 0.0 0 1.491623044013977 627.3548583984375 180.7166748046875 655.900146484375 204.92352294921875 3.8284802 1.5305566 1.576109 2.3799152 1.54676 46.669857 1.5425735712051392 0.20045927166938782
Car 0.0 0 -1.4587994813919067 556.8103637695312 168.9271240234375 578.9386596679688 185.55142211914062 4.0971866 1.5256895 1.6477448 -3.4593785 0.4647475 66.97884 -1.5104024410247803 0.19916784763336182
Car 0.0 0 1.991865873336792 104.46845245361328 182.67730712890625 182.56431579589844 218.9594268798828 3.759942 1.4877061 1.4767736 -20.274427 1.5913028 31.194208 1.4155313968658447 0.19733910262584686
