Pedestrian 0.0 0 -2.975431203842163 908.5277709960938 111.36811828613281 1054.88330078125 370.0 0.7464753 1.6953226 0.6288794 2.3861055 1.29617 4.570886 -2.49432110786438 0.7340302467346191
Pedestrian 0.0 0 -0.15556049346923828 735.8890991210938 158.45680236816406 779.7380981445312 231.7947998046875 1.0042746 1.8091754 0.52304107 3.7857692 1.2669886 17.725882 0.05485129356384277 0.20164091885089874
Pedestrian 0.0 0 -1.4900964498519897 200.0857696533203 189.70663452148438 219.56199645996094 235.1228485107422 0.67293924 1.6576854 0.58401847 -14.779893 2.008624 26.402952 -2.0004186630249023 0.19986221194267273
Pedestrian 0.0 0 -0.6626371145248413 424.4499816894531 170.00433349609375 440.01751708984375 194.42034912109375 0.96686286 1.7693359 0.56236696 -12.645919 1.0100366 51.78586 -0.9021461009979248 0.1936507523059845
Cyclist 0.0 0 -1.8536111116409302 713.0260009765625 141.84947204589844 742.590576171875 197.1147918701172 1.6924307 1.6382366 0.43894792 3.7415936 0.4940781 21.819746 -1.6837854385375977 0.5235673189163208
Cyclist 0.0 0 0.20596547424793243 322.3165283203125 172.4503173828125 358.5509948730469 207.90673828125 1.6694338 1.82828 0.6802067 -13.815896 1.4146243 36.916084 -0.15214870870113373 0.48345836997032166
Cyclist 0.0 0 -1.8752994537353516 960.5921630859375 142.80723571777344 998.3982543945312 207.5282440185547 1.7053684 1.7230893 0.43429655 10.376916 0.7211661 19.696838 -1.3904176950454712 0.4562646448612213
Car 0.0 0 -1.601737141609192 557.7264404296875 165.66305541992188 576.9840698242188 182.02708435058594 4.2715187 1.4503299 1.627119 -3.4576192 0.13651875 64.85683 -1.6549983024597168 0.5913564562797546
Car 0.0 0 0.21741844713687897 706.0422973632812 161.957763671875 828.6439819335938 204.40145874023438 4.21236 1.4863236 1.6074934 6.0173597 0.8385267 26.381887 0.4416689872741699 0.23275010287761688
Car 0.0 0 1.9863505363464355 18.580257415771484 146.0425567626953 160.52967834472656 212.5418701171875 4.0172358 1.6206183 1.6469277 -13.939391 0.7824738 19.361675 1.362362027168274 0.20334000885486603
Car 0.0 0 -2.2356362342834473 794.03857421875 151.8612060546875 842.7459716796875 177.55361938476562 4.473467 2.172738 1.7439276 18.89731 -0.27032262 62.740772 -1.9430819749832153 0.17557863891124725
Car 0.0 0 -2.5390403270721436 115.1240005493164 156.7613983154297 195.6380157470703 183.18028259277344 3.8197045 1.5526012 1.6474813 -26.953981 0.15888838 42.440624 -3.1048686504364014 0.16122180223464966
