Pedestrian 0.0 0 0.6106148958206177 1014.197509765625 123.24893951416016 1082.612548828125 255.28634643554688 0.6786844 1.8252254 0.4977432 6.246746 1.1398653 10.382665 1.1522479057312012 0.2134849578142166
Pedestrian 0.0 0 2.410522699356079 1092.074462890625 147.31016540527344 1165.89453125 268.6103210449219 0.6165344 1.7102747 0.6199831 7.4962897 1.3504765 10.513 3.0299532413482666 0.19280648231506348
Pedestrian 0.0 0 -1.1807477474212646 272.07977294921875 160.0553741455078 291.5592956542969 198.6361083984375 0.6750467 1.8295426 0.64166766 -15.755617 1.2229753 34.56276 -1.6084603071212769 0.15471254289150238
Pedestrian 0.0 0 -1.1175416707992554 181.64291381835938 176.4051055908203 220.6763153076172 249.7433624267578 0.60336494 1.7969087 0.6510274 -10.257446 1.8875965 18.02918 -1.6348066329956055 0.15297150611877441
Pedestrian 0.0 0 0.9660813212394714 825.7290649414062 148.81512451171875 864.33056640625 218.64898681640625 0.7983847 1.7392898 0.5868215 5.9491982 1.140933 18.434801 1.2782456874847412 0.1521674543619156
Pedestrian 0.0 0 -0.15082187950611115 761.0645141601562 169.53558349609375 789.0142211914062 214.34645080566406 0.96322286 1.7045277 0.64052147 6.3091054 1.578659 27.797537 0.07236337661743164 0.11773355305194855
Pedestrian 0.0 0 2.263522148132324 1200.3719482421875 153.80612182617188 1242.0 299.87493896484375 0.58804005 1.6230932 0.40919998 7.159232 1.4117941 8.26478 2.977365732192993 0.10279331356287003
Car 0.0 0 1.7424626350402832 506.9161682128906 178.28439331054688 561.5010375976562 214.0629119873047 3.9601338 1.4026195 1.67433 -3.2179098 1.6510994 30.932898 1.638806700706482 0.9440780282020569
Car 0.0 0 1.0626671314239502 272.9493713378906 181.02296447753906 318.0413818359375 201.47137451171875 3.810044 1.527731 1.6229199 -24.949335 2.19544 57.142395 0.6509981155395508 0.12203852832317352
Car 0.0 0 1.79934561252594 442.9700622558594 177.90513610839844 480.3143615722656 201.54507446289062 4.26142 1.6045594 1.7184817 -10.675017 1.9843388 52.04393 1.5970361232757568 0.10747349262237549
