Pedestrian 0.0 0 0.5843206644058228 197.41751098632812 174.9895782470703 276.8338317871094 302.624755859375 0.7724566 1.8888855 0.8075693 -5.78744 1.9235082 11.132156 0.10489201545715332 0.5379555821418762
Pedestrian 0.0 0 1.4492608308792114 747.0172729492188 114.51580810546875 789.7675170898438 212.48582458496094 0.83050317 1.8148402 0.69994235 2.9672332 0.7345153 13.808407 1.6609280109405518 0.3662218749523163
Pedestrian 0.0 0 -2.5431766510009766 152.50494384765625 188.03793334960938 216.25546264648438 307.78070068359375 0.5265525 1.7487092 0.7165838 -6.530405 1.9885533 11.0034895 -3.078791856765747 0.33733800053596497
Pedestrian 0.0 0 2.155935525894165 575.0862426757812 175.26170349121094 587.4949951171875 201.14190673828125 0.9660316 1.8724518 0.44976187 -2.127173 2.0508718 52.82923 2.115692138671875 0.3157199025154114
Car 0.0 0 -1.0580999851226807 0.0 209.22279357910156 323.37823486328125 375.0 3.5640461 1.4284813 1.5211369 -4.163554 1.8622687 6.7869415 -1.6083617210388184 0.9758043885231018
Car 0.0 0 -1.7889201641082764 727.0925903320312 178.7475128173828 888.7528686523438 302.7565612792969 3.2272012 1.5254039 1.5844182 2.6893792 1.6262493 10.664024 -1.541879653930664 0.9676345586776733
Car 0.0 0 -1.2885136604309082 336.1589660644531 181.1868133544922 464.8013000488281 267.3310241699219 3.9585838 1.6110461 1.6570034 -4.4805393 1.8175256 15.860292 -1.5638395547866821 0.9557837247848511
Car 0.0 0 -1.6972168684005737 660.59814453125 175.25048828125 714.3325805664062 219.79452514648438 3.340057 1.505569 1.5208782 2.713632 1.5987395 26.253872 -1.5942213535308838 0.9550284743309021
Car 0.0 0 1.7409193515777588 464.1162414550781 183.0594940185547 521.1495361328125 223.39979553222656 3.9220865 1.5012785 1.6849213 -4.814761 1.9512417 29.815372 1.5808156728744507 0.9371556639671326
Car 0.0 0 1.716563105583191 511.7657470703125 182.39205932617188 544.48486328125 208.1687774658203 3.6538246 1.512934 1.5404842 -5.1622634 2.1401715 45.56839 1.6037579774856567 0.4230829179286957
Car 0.0 0 -1.901283860206604 766.3037109375 176.43035888671875 858.2557983398438 238.7809295654297 3.8115566 1.7738354 1.6138493 6.201284 1.8964136 22.702017 -1.6346290111541748 0.4178810119628906
