Car 0.0 0 -1.7078338861465454 673.3660888671875 176.6795196533203 748.7319946289062 237.5824737548828 3.8478749 1.5799738 1.6232432 2.777999 1.7013018 20.885736 -1.5756006240844727 0.9633772969245911
Car 0.0 0 -1.8744351863861084 723.2036743164062 166.16009521484375 956.9296875 324.95367431640625 4.189918 1.6843342 1.714773 2.7279153 1.6136892 9.771495 -1.6021956205368042 0.9526886343955994
Car 0.0 0 -2.5122876167297363 0.0 189.17782592773438 306.9697570800781 310.3994445800781 4.1350513 1.405063 1.5426849 -6.400142 1.637686 9.425049 -3.108818769454956 0.9155684113502502
Car 0.0 0 -1.6884509325027466 646.418701171875 175.264892578125 691.741943359375 209.89259338378906 3.8906376 1.4756545 1.606952 2.6021812 1.5928702 32.995644 -1.609749436378479 0.9119645953178406
Car 0.0 0 0.7546837329864502 0.0 184.55723571777344 237.91990661621094 371.1617431640625 4.3538766 1.5555156 1.7011464 -6.28951 1.684605 7.029631 0.024796724319458008 0.9087304472923279
Car 0.0 0 -1.7754497528076172 696.3936767578125 182.17242431640625 805.869873046875 262.4444274902344 3.5830333 1.4630562 1.5554922 2.8233175 1.6854032 15.377148 -1.5938674211502075 0.9027413129806519
Car 0.0 0 0.4919801652431488 66.62367248535156 182.5573272705078 345.7630310058594 276.360595703125 3.768195 1.437703 1.5803665 -6.633017 1.6108855 12.036301 -0.01169518381357193 0.8976231813430786
Car 0.0 0 -2.718430757522583 175.0852813720703 173.8572998046875 392.8520812988281 257.83642578125 3.5761545 1.5607677 1.5927924 -6.3617325 1.5820267 14.227508 -3.138906478881836 0.8787798881530762
Car 0.0 0 3.4144792556762695 259.46435546875 163.88583374023438 432.1528015136719 226.1412811279297 3.9274683 1.5387757 1.6420978 -6.816491 1.3174665 18.797464 3.066598892211914 0.8663835525512695
Car 0.0 0 -2.8675901889801025 348.6980285644531 171.7760467529297 479.04302978515625 220.1497344970703 3.8033404 1.5217177 1.629406 -6.3697095 1.4881661 23.528008 -3.131981134414673 0.8232898116111755
Car 0.0 0 0.3291061222553253 225.95558166503906 160.42929077148438 444.90313720703125 244.48011779785156 4.3851976 1.8255565 1.7264735 -6.225656 1.5560538 16.596916 -0.029760263860225677 0.7487363815307617
Car 0.0 0 -1.595131754875183 638.8629150390625 173.7700958251953 666.1245727539062 200.12635803222656 3.52237 1.518795 1.5475234 2.4941845 1.5766354 43.48616 -1.5378386974334717 0.7078704833984375
Car 0.0 0 -2.726738691329956 402.53326416015625 176.3675079345703 510.03948974609375 211.1252899169922 4.2910533 1.4450113 1.6419344 -6.721131 1.6047325 31.484549 -2.937055826187134 0.6796140074729919
