Pedestrian 0.0 0 0.09606006741523743 299.4277648925781 166.5543212890625 320.2554931640625 211.02700805664062 0.7370209 1.8073752 0.62960666 -12.307607 1.0501062 29.61968 -0.29775470495224 0.2695442736148834
Pedestrian 0.0 0 -0.5274250507354736 0.0 179.13072204589844 73.8497085571289 353.71429443359375 0.65170336 1.7034792 0.66526055 -6.1424417 1.645237 7.431055 -1.2181708812713623 0.20064519345760345
Pedestrian 0.0 0 -1.617367148399353 318.2633361816406 172.64169311523438 332.9662170410156 210.0423583984375 0.74221426 1.7215793 0.603895 -13.204406 1.1439207 33.54784 -1.992343544960022 0.1595054417848587
Pedestrian 0.0 0 -1.3052936792373657 418.84747314453125 182.3259735107422 445.9989929199219 235.7572784423828 1.1029227 1.7691143 0.62844855 -5.972251 1.6745666 24.35675 -1.5457487106323242 0.15005962550640106
Car 0.0 0 -1.7821694612503052 469.9808044433594 167.73680114746094 519.2710571289062 201.85256958007812 3.9417639 1.6083565 1.6390381 -5.75379 0.78546166 36.01987 -1.940570592880249 0.8820713758468628
Car 0.0 0 -2.000986099243164 392.840576171875 170.1825714111328 444.04595947265625 195.4627685546875 3.8191156 1.4838417 1.589826 -11.692962 0.6025917 44.16941 -2.259779453277588 0.7079461216926575
Car 0.0 0 1.4417988061904907 251.56898498535156 169.87371826171875 276.1556396484375 186.33241271972656 3.836643 1.4763896 1.5688726 -31.85037 0.10130267 66.51582 0.995222806930542 0.16807515919208527
Car 0.0 0 -1.8173828125 276.7358703613281 179.32542419433594 336.8739929199219 215.63623046875 3.6822963 1.5270321 1.6266202 -13.552767 1.2804512 32.187504 -2.2159087657928467 0.11058872938156128
Car 0.0 0 3.087528705596924 0.0 80.65531158447266 29.901620864868164 297.9921569824219 4.123454 1.5867546 1.6691513 -8.828788 0.8245009 7.394828 2.213972568511963 0.10478504747152328
Car 0.0 0 -0.47603142261505127 460.79669189453125 159.96939086914062 522.6388549804688 182.37457275390625 4.339925 1.6231529 1.6936665 -8.796171 -0.22224225 54.543743 -0.6359229683876038 0.10276361554861069
Car 0.0 0 -1.5943924188613892 318.1737976074219 155.4283447265625 341.3226013183594 183.54612731933594 4.6290073 2.2970018 1.7326409 -23.820496 -0.14741325 61.48423 -1.9640110731124878 0.10146826505661011
