Pedestrian 0.0 0 -1.9843515157699585 139.54534912109375 200.55072021484375 172.19207763671875 251.71556091308594 0.8717274 1.6160235 0.60482967 -14.775245 2.2898386 23.207699 -2.551286458969116 0.2814856767654419
Pedestrian 0.0 0 -3.04232120513916 1110.609375 22.958148956298828 1224.0 370.0 0.5430941 1.7784654 0.6299788 3.1041288 1.0095376 3.8687577 -2.3661441802978516 0.23989033699035645
Pedestrian 0.0 0 1.6077996492385864 760.46337890625 172.04490661621094 791.543212890625 238.88795471191406 0.6791271 1.6919799 0.7600031 4.4006915 1.4795513 18.321745 1.8435238599777222 0.20203803479671478
Pedestrian 0.0 0 -0.14384189248085022 882.4368896484375 120.75591278076172 981.3193359375 273.8739929199219 1.0336628 1.8113024 0.63664144 3.9941604 1.1062448 8.808539 0.28187060356140137 0.15362833440303802
Pedestrian 0.0 0 -0.14879950881004333 861.0755615234375 144.1088104248047 941.8726196289062 279.47052001953125 0.9218795 1.7369887 0.5436184 3.8918276 1.2716851 9.442426 0.24214887619018555 0.14716044068336487
Cyclist 0.0 0 -0.9093800783157349 419.60205078125 171.1785125732422 443.7259216308594 198.53228759765625 1.7694856 1.7594556 0.5732374 -11.364429 1.1612123 46.398617 -1.1495816707611084 0.3865659832954407
Cyclist 0.0 0 -1.656051754951477 784.636962890625 129.4193115234375 807.3160400390625 215.7604522705078 1.8037375 1.8098658 0.32703167 4.1960626 0.7407443 15.732614 -1.3954079151153564 0.25834742188453674
Car 0.0 0 0.44687312841415405 171.3656768798828 183.8477783203125 254.5391387939453 211.08815002441406 3.8257117 1.5142406 1.6568177 -22.394173 1.7116925 40.467808 -0.058563247323036194 0.29587775468826294
Car 0.0 0 1.6388721466064453 548.5397338867188 165.76345825195312 572.595703125 186.18804931640625 3.8200774 1.5658884 1.6516789 -3.481969 0.43733826 56.11729 1.5769035816192627 0.2448616623878479
Car 0.0 0 2.7194595336914062 163.3544464111328 181.51731872558594 276.18212890625 220.54966735839844 3.6297467 1.4422827 1.5469923 -15.276705 1.4869977 28.132536 2.2219862937927246 0.23797085881233215
Car 0.0 0 -2.4021055698394775 87.3779525756836 187.50308227539062 145.5360870361328 207.5125274658203 3.7123382 1.5552667 1.6318697 -39.179707 2.1291196 56.750725 -3.00634765625 0.17702066898345947
Car 0.0 0 3.8004472255706787 0.0 158.93507385253906 93.56649780273438 192.49493408203125 3.3747077 1.5788639 1.6574053 -26.978888 0.5657652 34.105225 3.13118839263916 0.1701004058122635
Car 0.0 0 1.6474813222885132 347.483154296875 175.79510498046875 376.1901550292969 201.16485595703125 3.1958144 1.5677351 1.5060966 -15.589561 1.2783462 45.423267 1.3168714046478271 0.15464989840984344
