Pedestrian 0.0 0 -1.119413137435913 1034.694580078125 141.35462951660156 1065.5706787109375 206.98902893066406 0.5924746 1.8796248 0.56831986 12.799411 0.97791004 21.059916 -0.5733060836791992 0.22845907509326935
Pedestrian 0.0 0 -1.8297748565673828 324.874755859375 185.84962463378906 359.7114562988281 250.39663696289062 1.0384454 1.5769156 0.58666754 -6.903636 1.9204344 18.456861 -2.1877050399780273 0.1989770382642746
Pedestrian 0.0 0 2.4582765102386475 469.60931396484375 132.1277618408203 511.29541015625 191.08746337890625 1.1905655 1.7717711 0.553302 -3.7353876 0.5482835 22.309517 2.2923805713653564 0.13186144828796387
Cyclist 0.0 0 2.4582765102386475 469.60931396484375 132.1277618408203 511.29541015625 191.08746337890625 1.1905655 1.7717711 0.553302 -3.7353876 0.5482835 22.309517 2.2923805713653564 0.2333788275718689
Cyclist 0.0 0 -1.8297748565673828 324.874755859375 185.84962463378906 359.7114562988281 250.39663696289062 1.0384454 1.5769156 0.58666754 -6.903636 1.9204344 18.456861 -2.1877050399780273 0.11398889869451523
Car 0.0 0 -2.042041540145874 805.5353393554688 198.92933654785156 1242.0 375.0 3.791776 1.3903984 1.5812442 2.653052 1.646895 5.1878867 -1.569320559501648 0.9768925905227661
Car 0.0 0 1.341069221496582 681.1178588867188 190.5991973876953 803.294921875 270.91436767578125 3.9915059 1.4019951 1.6747664 2.6331375 1.834851 15.539343 1.5089244842529297 0.974750816822052
Car 0.0 0 1.761859655380249 403.82000732421875 189.1212615966797 509.3641357421875 266.1429748535156 3.6932604 1.4590094 1.6478876 -3.3817675 1.8689618 16.307373 1.5573813915252686 0.952404260635376
Car 0.0 0 -1.7221870422363281 665.50439453125 185.58526611328125 735.9508666992188 241.3030548095703 3.500788 1.4685023 1.5613077 2.5855198 1.8813426 21.599817 -1.6030528545379639 0.8244442939758301
Car 0.0 0 2.1635828018188477 0.0 195.6220245361328 372.9110107421875 375.0 4.1972704 1.5052766 1.6468524 -3.2919834 1.7341496 5.1231246 1.592446208000183 0.6527310013771057
Car 0.0 0 1.4397605657577515 654.7403564453125 184.08633422851562 710.7525024414062 228.95065307617188 3.6807964 1.4640106 1.55031 2.5421355 1.9035549 26.343218 1.5359632968902588 0.5655485391616821
Car 0.0 0 -0.8096568584442139 0.0 235.99349975585938 33.32896041870117 375.0 3.7024424 1.4738858 1.6573795 -10.303218 2.5139036 9.995718 -1.610202431678772 0.32819864153862
