Pedestrian 0.0 0 1.0379817485809326 1115.4700927734375 150.4114990234375 1150.5870361328125 207.43045043945312 0.66904205 1.8051696 0.6662983 16.76794 1.0950178 23.204494 1.6637256145477295 0.45976877212524414
Pedestrian 0.0 0 1.747441053390503 897.071044921875 165.3854522705078 940.2393188476562 241.52963256835938 1.1928343 1.8150039 0.7903294 7.622835 1.6373389 17.911564 2.1498043537139893 0.24826699495315552
Car 0.0 0 -1.9596068859100342 53.073917388916016 203.02345275878906 200.2498321533203 279.81927490234375 3.718497 1.5056257 1.612974 -11.598935 2.2957911 17.183798 -2.553351402282715 0.9605994820594788
Car 0.0 0 1.4134154319763184 540.9470825195312 183.45314025878906 617.8214111328125 235.83251953125 3.9504292 1.3676708 1.6968609 -1.0652671 1.7192129 21.797068 1.3645823001861572 0.9512309432029724
Car 0.0 0 1.6436409950256348 466.129150390625 181.75901794433594 522.166259765625 230.61099243164062 3.2946737 1.3621179 1.4845725 -3.5837042 1.6605185 22.441767 1.4852889776229858 0.9180872440338135
Car 0.0 0 3.367445468902588 107.15510559082031 187.1650390625 223.17027282714844 224.97726440429688 4.0477195 1.5204132 1.6517943 -19.36011 2.1743412 31.520329 2.8166427612304688 0.5821453928947449
Car 0.0 0 -2.1688759326934814 224.356201171875 172.9999542236328 460.8525695800781 294.3253173828125 4.52633 1.8671774 1.7647713 -5.009534 1.8705986 13.123582 -2.533524990081787 0.5357344746589661
Car 0.0 0 1.7372515201568604 951.8115234375 150.4923095703125 1026.0386962890625 199.85520935058594 3.942374 1.5502306 1.620324 12.992233 0.8483251 24.716282 2.2212116718292236 0.3782949149608612
Car 0.0 0 -0.09007859230041504 98.07601928710938 189.64767456054688 195.38356018066406 224.27671813964844 3.6763237 1.4427202 1.5341108 -21.498064 2.262596 33.473774 -0.6609764695167542 0.29503291845321655
Car 0.0 0 0.905900239944458 522.6497192382812 162.9078369140625 611.2559814453125 196.29713439941406 4.4438305 1.4308095 1.6651577 -2.0841713 1.0049511 33.129726 0.8430736064910889 0.2950035035610199
Car 0.0 0 3.506561517715454 0.0 188.3251190185547 107.6280746459961 224.65623474121094 4.034355 1.5914814 1.6932644 -26.500011 2.3548813 34.188244 2.8471760749816895 0.2552555203437805
