Pedestrian 0.0 0 -1.8250080347061157 650.2069702148438 155.63743591308594 665.5223999023438 190.4567108154297 0.69670486 1.786315 0.63688225 2.4422529 0.9034207 37.415924 -1.7598273754119873 0.45375677943229675
Car 0.0 0 1.9342098236083984 146.31849670410156 194.2036590576172 431.57708740234375 359.2821350097656 4.4281254 1.4770117 1.7683785 -3.735302 1.8175111 9.261489 1.5508486032485962 0.9727569818496704
Car 0.0 0 1.7893331050872803 385.8300476074219 189.4654998779297 484.3612060546875 261.4091796875 3.4488273 1.4296358 1.5184911 -4.0217686 1.8584776 16.872948 1.5553431510925293 0.9529240131378174
Car 0.0 0 2.204479932785034 0.0 202.9022216796875 237.4830780029297 357.21478271484375 3.7853367 1.440869 1.5570436 -6.675425 1.9112875 9.380384 1.5859867334365845 0.941246509552002
Car 0.0 0 -1.697605848312378 642.179931640625 178.2401123046875 690.5499877929688 215.12489318847656 3.7535844 1.44357 1.5767671 2.2967536 1.6874961 30.71098 -1.622958779335022 0.9209535717964172
Car 0.0 0 2.8048958778381348 774.8601684570312 165.03875732421875 928.9480590820312 213.46583557128906 4.4891715 1.5352707 1.7502636 7.841744 1.2878641 23.787947 3.1233296394348145 0.9094693660736084
Car 0.0 0 1.952831745147705 363.4091491699219 188.1685791015625 454.6077880859375 237.95477294921875 3.9847283 1.434941 1.5590174 -6.6488667 1.9914677 24.133171 1.683993935585022 0.7637812495231628
Car 0.0 0 -3.3296639919281006 724.3507080078125 167.78797912597656 819.841796875 200.86392211914062 4.0285215 1.4716858 1.573614 7.3068748 1.2466356 32.94865 -3.1114304065704346 0.7182735204696655
Car 0.0 0 -1.3759568929672241 445.4879455566406 179.53207397460938 495.2796325683594 212.47723388671875 4.15087 1.470878 1.6063718 -6.765643 1.8156734 35.13318 -1.5661994218826294 0.6523891687393188
Car 0.0 0 -3.4111239910125732 758.2012939453125 162.75326538085938 874.332275390625 208.71600341796875 3.8391435 1.6550082 1.6846342 7.5587196 1.2916633 26.830149 -3.136516571044922 0.40344345569610596
