Pedestrian 0.0 0 0.7765405178070068 1169.929443359375 164.55624389648438 1242.0 278.55352783203125 0.60909766 1.6889678 0.6829673 9.084499 1.5663873 11.026149 1.465688705444336 0.5094026327133179
Pedestrian 0.0 0 -3.282815933227539 729.240234375 171.1266632080078 739.6361083984375 192.97177124023438 0.7611227 1.7596803 0.53365225 10.045548 1.6208953 58.396793 -3.1124610900878906 0.23039650917053223
Cyclist 0.0 0 -1.5429713726043701 1178.9761962890625 164.40615844726562 1232.6427001953125 279.65020751953125 0.7000851 1.7019085 0.62054324 9.134266 1.5775095 11.120562 -0.8553259372711182 0.14241690933704376
Car 0.0 0 1.9189335107803345 359.0003662109375 181.46749877929688 404.2570495605469 204.73391723632812 4.09283 1.4921536 1.689131 -15.758501 2.112977 49.892387 1.6129997968673706 0.6705259084701538
Car 0.0 0 1.9482501745224 318.6627502441406 176.22251892089844 360.22479248046875 198.35476684570312 3.9443624 1.5890946 1.5932273 -20.368114 1.8526882 54.395596 1.589966893196106 0.5525501370429993
Car 0.0 0 0.4825986921787262 181.68722534179688 171.00062561035156 269.56536865234375 200.71578979492188 3.9817002 1.6202846 1.7170938 -21.40534 1.5195833 40.212273 -0.006560545414686203 0.3754078149795532
Car 0.0 0 2.1415374279022217 143.7886962890625 172.88662719726562 234.78875732421875 215.87156677246094 4.245955 1.9320555 1.7495718 -20.078655 1.9340756 34.591724 1.6156193017959595 0.28180280327796936
Car 0.0 0 1.893084168434143 285.7250061035156 179.3200225830078 329.1534729003906 203.01217651367188 3.810215 1.4921799 1.564847 -20.296352 1.944449 48.467766 1.4965108633041382 0.21751181781291962
Car 0.0 0 -0.48276591300964355 745.5296020507812 165.56752014160156 807.4828491210938 190.85914611816406 3.598825 1.6131237 1.6535997 10.864284 1.1487427 47.27445 -0.2568751275539398 0.18190184235572815
Car 0.0 0 1.8976587057113647 350.763427734375 173.0072021484375 385.0484313964844 192.10226440429688 3.8090763 1.5635622 1.6124386 -20.451038 1.5772811 61.01693 1.574256181716919 0.14851532876491547
