Pedestrian 0.0 0 2.0063116550445557 712.3609008789062 168.55068969726562 759.0936889648438 265.7041320800781 0.5805549 1.6909548 0.6444908 2.2116942 1.6164136 12.977579 2.175114154815674 0.6623580455780029
Pedestrian 0.0 0 0.7815914750099182 742.0368041992188 151.16529846191406 802.0 267.8190612792969 0.6286006 1.7197881 0.64144737 2.4301035 1.4003965 11.072644 0.9976353645324707 0.5796392560005188
Pedestrian 0.0 0 -1.5457338094711304 691.3170166015625 169.40086364746094 702.0553588867188 198.4003143310547 0.72470886 1.7471439 0.63121086 5.2404294 1.5394589 43.871986 -1.4268488883972168 0.3794579803943634
Pedestrian 0.0 0 1.0384703874588013 984.533447265625 150.65786743164062 1005.098876953125 186.67454528808594 0.7199394 1.7643253 0.6177082 19.006695 0.67737585 35.715736 1.5275182723999023 0.3714127540588379
Pedestrian 0.0 0 1.99300217628479 154.13658142089844 187.9191131591797 188.15853881835938 240.46578979492188 0.7563901 1.7630316 0.7596672 -15.163456 2.2915618 24.871159 1.4454951286315918 0.3498370945453644
Pedestrian 0.0 0 -0.14103958010673523 774.496826171875 153.2650146484375 820.0521240234375 262.5459289550781 0.6525735 1.7782645 0.6399881 3.0754914 1.4598622 12.0917225 0.10802602767944336 0.273824006319046
Cyclist 0.0 0 -2.573012351989746 760.7102661132812 147.15081787109375 901.4520874023438 288.613525390625 1.698376 1.689307 0.61019963 2.800763 1.3827248 9.455143 -2.2850308418273926 0.7499592304229736
Cyclist 0.0 0 -2.0786421298980713 765.78759765625 153.5927276611328 833.9236450195312 267.9404602050781 1.4824418 1.7933611 0.4294169 3.096832 1.4916368 12.084869 -1.8277833461761475 0.4306664764881134
Car 0.0 0 2.083623170852661 168.07730102539062 195.7055206298828 300.01580810546875 260.84442138671875 3.5594158 1.4413104 1.5290598 -9.80878 2.1018918 19.037027 1.6078521013259888 0.8803223967552185
Car 0.0 0 1.7900736331939697 417.24285888671875 185.6023406982422 462.9037780761719 214.196044921875 4.2165947 1.4798486 1.6695225 -9.705428 2.2481782 41.345768 1.5595098733901978 0.8802407383918762
Car 0.0 0 -1.4517768621444702 599.4453735351562 175.4786834716797 632.0580444335938 201.09933471679688 4.102177 1.5651546 1.6344868 0.38418493 1.7430025 46.652023 -1.4435418844223022 0.8459675908088684
Car 0.0 0 -0.9469416737556458 0.0 190.51719665527344 370.9419250488281 375.0 3.8975909 1.4467878 1.6148144 -2.7143102 1.5854067 3.6879172 -1.5814229249954224 0.8369566202163696
Car 0.0 0 2.1681830883026123 103.20138549804688 201.12530517578125 190.11988830566406 235.4882049560547 4.1202626 1.5125808 1.764481 -23.85028 3.055072 37.27131 1.5989338159561157 0.3575934171676636
Car 0.0 0 0.29302042722702026 977.6350708007812 151.25128173828125 1047.804931640625 175.28001403808594 3.9553847 1.603979 1.6329514 27.92175 0.1622999 50.150124 0.8010413646697998 0.31264200806617737
