Cyclist 0.0 0 1.7433072328567505 424.5357666015625 177.33920288085938 466.0821228027344 268.3733215332031 1.6512929 1.7269374 0.54855144 -3.3614087 1.8233275 14.60685 1.5171196460723877 0.9793232679367065
Car 0.0 0 -1.7015464305877686 631.1484985351562 183.36337280273438 693.299072265625 229.51954650878906 4.126614 1.4198271 1.6242275 1.6979469 1.818956 25.26474 -1.6344411373138428 0.9580271244049072
Car 0.0 0 -0.5723943710327148 847.4574584960938 190.34425354003906 1206.691162109375 309.07110595703125 3.9800029 1.4008585 1.5582829 5.3842854 1.6580176 9.684546 -0.06498172134160995 0.9415509700775146
Car 0.0 0 0.36450880765914917 252.8350372314453 187.3797149658203 428.9952392578125 244.1839141845703 4.1521244 1.431369 1.5660852 -7.1878476 1.8383411 19.392204 0.009551525115966797 0.9295523166656494
Car 0.0 0 -0.6673315763473511 955.1356811523438 185.8678436279297 1242.0 375.0 4.156137 1.6048722 1.7363907 5.7183867 1.7455297 6.849307 0.02832198143005371 0.9133354425430298
Car 0.0 0 -0.45264941453933716 828.22265625 167.77328491210938 1081.8167724609375 266.76641845703125 3.4749143 1.5354098 1.5599024 5.556329 1.4569644 12.001418 -0.019059941172599792 0.8781787753105164
Car 0.0 0 -1.6006885766983032 617.9886474609375 179.60104370117188 647.9593505859375 207.2305145263672 3.7614326 1.4409598 1.5576644 1.2130777 1.8369602 40.426975 -1.5706909894943237 0.7500764727592468
Car 0.0 0 3.4111995697021484 305.2396545410156 185.24159240722656 445.2031555175781 239.0009002685547 3.763078 1.5406841 1.5896585 -7.1062856 1.9330568 21.955105 3.098167896270752 0.7234527468681335
Car 0.0 0 3.858405590057373 0.0 198.28843688964844 53.890743255615234 375.0 3.9906545 1.4502815 1.5556786 -7.0526814 1.6874539 5.5852213 2.957409143447876 0.7128778696060181
Car 0.0 0 0.6670306324958801 0.0 162.73190307617188 209.85610961914062 325.4329833984375 3.6071687 1.6573292 1.639465 -6.8768806 1.55458 8.219908 -0.029639996588230133 0.4958150088787079
Car 0.0 0 0.1974809318780899 422.1070861816406 180.5342254638672 501.0830078125 211.83587646484375 3.6572495 1.5260334 1.6124394 -7.4781976 1.9224473 36.390022 -0.00519871711730957 0.48718518018722534
