Pedestrian 0.0 0 -1.2095434665679932 115.07250213623047 201.36488342285156 198.4340362548828 347.888916015625 0.6544775 1.7712659 0.7234661 -5.8537073 2.153401 9.26585 -1.7729824781417847 0.21464380621910095
Pedestrian 0.0 0 -1.480146050453186 560.8801879882812 181.65919494628906 570.2999877929688 203.01351928710938 0.5811712 1.7204605 0.71551037 -3.6339471 2.440596 58.67842 -1.541996955871582 0.1811583936214447
Pedestrian 0.0 0 2.0905492305755615 450.77117919921875 192.2694091796875 473.1679382324219 238.16143798828125 0.6186459 1.5454122 0.5222942 -5.1682835 2.228313 24.987553 1.886590838432312 0.15163254737854004
Car 0.0 0 1.7186968326568604 468.0968322753906 183.29530334472656 556.9712524414062 246.7079620361328 4.4082866 1.492284 1.787904 -2.6051931 1.8131799 19.92794 1.5887033939361572 0.9675814509391785
Car 0.0 0 -2.0869603157043457 788.9113159179688 175.25680541992188 1242.0 375.0 4.141546 1.5606205 1.6700102 2.7184813 1.5859462 5.385863 -1.6195247173309326 0.9589196443557739
Car 0.0 0 -1.7249609231948853 665.1138305664062 181.8661651611328 725.5804443359375 227.2810821533203 4.201275 1.5394006 1.636982 3.115678 1.9090792 27.433569 -1.611873745918274 0.865318238735199
Car 0.0 0 -2.028712749481201 860.9083862304688 129.40890502929688 1062.7452392578125 253.05181884765625 3.966438 1.9490117 1.7315941 6.196751 1.2645344 13.374474 -1.5948317050933838 0.5424298048019409
Car 0.0 0 -1.6825600862503052 657.2008056640625 183.6009063720703 700.2800903320312 218.28599548339844 3.6597245 1.4481561 1.55776 3.0608928 1.9691944 33.110497 -1.5903773307800293 0.3790361285209656
Car 0.0 0 -1.7817732095718384 686.6796264648438 168.86708068847656 789.95751953125 248.42965698242188 4.6296296 1.9272302 1.8203858 3.3165195 1.8310138 19.828554 -1.6160475015640259 0.30483901500701904
Car 0.0 0 -1.317284107208252 433.4698486328125 154.2154541015625 483.1848449707031 188.1140899658203 3.6690106 1.6356322 1.6048511 -7.687036 0.7366679 36.682076 -1.5238533020019531 0.1806986778974533
Car 0.0 0 2.2781379222869873 481.9518127441406 181.59771728515625 563.3841552734375 213.72073364257812 4.3104577 1.4566692 1.649505 -4.343297 1.9229245 36.192623 2.1587040424346924 0.1623685657978058
