Pedestrian 0.0 0 0.08664020895957947 697.3878173828125 165.7555389404297 710.0193481445312 189.7984619140625 0.9432746 1.8732985 0.49121395 7.321055 1.3205808 56.556393 0.21537137031555176 0.522732675075531
Car 0.0 0 -1.747577428817749 679.2460327148438 171.36363220214844 786.4758911132812 256.2076110839844 4.241632 1.73514 1.7074085 2.6707542 1.7050186 16.890821 -1.590757131576538 0.9619274735450745
Car 0.0 0 -2.6052069664001465 28.060394287109375 182.36227416992188 344.9906921386719 288.2483215332031 4.105216 1.5437703 1.6515414 -6.642415 1.7072656 11.523584 -3.1281070709228516 0.9495640397071838
Car 0.0 0 -2.6925806999206543 210.3657989501953 182.6501922607422 422.06622314453125 247.7947235107422 4.1937037 1.3667148 1.4933511 -6.5899687 1.6000835 16.279613 -3.0772171020507812 0.9239041209220886
Car 0.0 0 -1.66532564163208 654.6260986328125 180.47537231445312 704.3975830078125 222.82156372070312 3.601467 1.4894923 1.5629667 2.5762737 1.8028567 27.828012 -1.5730103254318237 0.8068153858184814
Car 0.0 0 3.375180721282959 307.19256591796875 175.07044982910156 447.4505920410156 233.61781311035156 3.6084092 1.6201435 1.5935724 -6.7186103 1.687781 20.966856 3.0650792121887207 0.7971860766410828
Car 0.0 0 3.4672017097473145 268.81719970703125 180.62185668945312 429.7041320800781 239.46319580078125 3.645397 1.4511946 1.5348426 -6.755993 1.6626878 18.806679 3.1223247051239014 0.7947153449058533
Car 0.0 0 -1.7118504047393799 634.5833129882812 178.99111938476562 671.6354370117188 207.4015350341797 3.4866102 1.4635756 1.554515 2.2964594 1.8173654 39.74807 -1.6541391611099243 0.794143557548523
Car 0.0 0 0.4966390132904053 154.17515563964844 185.4225311279297 411.3809814453125 269.7592468261719 4.3131375 1.4944761 1.6128439 -6.303022 1.7561741 14.035534 0.0745537281036377 0.767837643623352
Car 0.0 0 -2.921839952468872 400.1920166015625 174.3190460205078 500.8445129394531 209.82554626464844 3.880123 1.4503784 1.5885962 -6.6920986 1.5139612 30.336182 -3.138960599899292 0.6035188436508179
Car 0.0 0 3.101152181625366 428.77105712890625 178.89190673828125 515.3773193359375 209.58384704589844 4.353118 1.525952 1.672267 -7.249531 1.8527648 37.697914 2.911165714263916 0.5452986359596252
Car 0.0 0 3.2409493923187256 469.89886474609375 175.1271514892578 533.251953125 202.39222717285156 3.587731 1.5844234 1.6582965 -6.4548764 1.7231392 42.997242 3.0919392108917236 0.5381309390068054
