Pedestrian 0.0 0 1.5330467224121094 1188.268798828125 180.30430603027344 1234.7891845703125 279.720458984375 0.5992305 1.6683131 0.5992458 10.431325 1.8030206 12.588503 2.225008249282837 0.3310001492500305
Pedestrian 0.0 0 1.9070510864257812 952.4898071289062 175.4632568359375 980.4151000976562 233.052490234375 0.6107061 1.6455109 0.56170785 10.361542 1.7235565 21.065832 2.3641693592071533 0.12769295275211334
Pedestrian 0.0 0 2.1329455375671387 793.0883178710938 158.7123260498047 839.8450927734375 250.3430938720703 0.6953936 1.7593613 0.6170528 4.045464 1.4881912 14.313119 2.408400774002075 0.11747517436742783
Pedestrian 0.0 0 -1.4789236783981323 288.3180847167969 178.4585418701172 305.4010314941406 216.1660919189453 0.5393226 1.8292799 0.7250266 -15.433046 2.1081223 35.480167 -1.889214277267456 0.11165906488895416
Cyclist 0.0 0 1.9882296323776245 766.1762084960938 177.20704650878906 782.9069213867188 202.268798828125 1.6339387 1.6956675 0.5108576 11.357374 2.0019853 49.904194 2.2120018005371094 0.4162863492965698
Cyclist 0.0 0 -0.28800106048583984 938.616943359375 185.74078369140625 986.3263549804688 230.693603515625 1.686873 1.8575076 0.69807935 14.878495 2.4125526 30.571688 0.1649303436279297 0.12902455031871796
Cyclist 0.0 0 1.549316167831421 412.3247985839844 171.19789123535156 430.7112731933594 222.37217712402344 1.4161357 1.6100237 0.5442898 -6.18057 1.558278 23.45361 1.2916507720947266 0.11619873344898224
Cyclist 0.0 0 -0.4574606418609619 909.9415283203125 181.16012573242188 961.5928955078125 229.52772521972656 1.6823119 1.8243566 0.675462 12.456075 2.1479082 27.705559 -0.034949738532304764 0.11614390462636948
Car 0.0 0 2.142406463623047 134.99432373046875 195.1202392578125 224.83395385742188 228.71749877929688 4.2965865 1.4000384 1.7002938 -20.847181 2.5517187 35.128353 1.6068116426467896 0.820572555065155
Car 0.0 0 0.17307758331298828 845.0036010742188 178.9677734375 951.440185546875 218.42369079589844 3.7491183 1.4640592 1.5883352 11.497831 1.7237324 28.942974 0.5512180328369141 0.4010661542415619
Car 0.0 0 2.1457748413085938 329.4300231933594 180.18243408203125 380.6886901855469 199.8574676513672 4.527622 1.4550041 1.6588662 -20.283333 2.0640824 57.535362 1.8068418502807617 0.1967400163412094
Car 0.0 0 0.14827942848205566 122.19979095458984 178.03309631347656 194.78160095214844 202.0716094970703 3.9952335 1.56566 1.6788905 -30.760954 1.9306705 49.233337 -0.4101755619049072 0.11894957721233368
