Pedestrian 0.0 0 1.1756556034088135 702.1698608398438 161.09906005859375 733.9320678710938 228.89599609375 0.7369005 1.7551022 0.59229493 2.807165 1.4511527 19.106272 1.321535587310791 0.40410032868385315
Pedestrian 0.0 0 -0.8946430087089539 27.798076629638672 188.1202392578125 69.95130920410156 246.7527313232422 0.5873975 1.6202805 0.7348675 -15.898746 2.0584488 20.39097 -1.5568798780441284 0.3656547963619232
Pedestrian 0.0 0 0.06954851746559143 319.2635803222656 183.9477081298828 331.14935302734375 212.47801208496094 0.64706635 1.7497457 0.63713616 -17.776962 2.4476175 44.96234 -0.3069639801979065 0.3114162087440491
Pedestrian 0.0 0 2.664923667907715 673.4571533203125 163.7110137939453 722.6975708007812 233.19297790527344 1.079529 1.6943859 0.57460463 2.1522367 1.4717833 18.05088 2.783595085144043 0.2849542796611786
Pedestrian 0.0 0 -1.546496868133545 1053.2252197265625 145.24195861816406 1077.103759765625 218.07797241210938 1.7518905 1.7406845 0.46745405 11.38097 1.0811511 18.100227 -0.9851875305175781 0.10143518447875977
Cyclist 0.0 0 -2.5649635791778564 691.49755859375 164.49717712402344 767.3424072265625 243.5077362060547 1.7072825 1.7261137 0.51395 2.6654477 1.5439031 16.524202 -2.4050354957580566 0.7979376316070557
Cyclist 0.0 0 -1.5534690618515015 1053.3826904296875 145.33920288085938 1076.8675537109375 218.4116973876953 1.7921923 1.7446145 0.47070512 11.381899 1.0880536 18.102991 -0.9921917915344238 0.5581387281417847
Cyclist 0.0 0 -1.6561052799224854 667.4332275390625 174.945068359375 690.4457397460938 235.2003631591797 1.6627463 1.5992986 0.49056894 1.8540198 1.6601539 20.039211 -1.5638483762741089 0.45135703682899475
Cyclist 0.0 0 2.664923667907715 673.4571533203125 163.7110137939453 722.6975708007812 233.19297790527344 1.079529 1.6943859 0.57460463 2.1522367 1.4717833 18.05088 2.783595085144043 0.17113183438777924
Cyclist 0.0 0 1.1756556034088135 702.1698608398438 161.09906005859375 733.9320678710938 228.89599609375 0.7369005 1.7551022 0.59229493 2.807165 1.4511527 19.106272 1.321535587310791 0.1271173059940338
Car 0.0 0 2.172943592071533 0.0 199.57455444335938 164.79754638671875 280.5370178222656 3.84093 1.523815 1.5494491 -12.332502 2.2185454 16.803915 1.539821982383728 0.9709248542785645
Car 0.0 0 -1.3189947605133057 304.16583251953125 178.43682861328125 500.81146240234375 317.7653503417969 4.1461916 1.6100711 1.72456 -2.814077 1.7084216 10.582011 -1.5789095163345337 0.9500342011451721
Car 0.0 0 -0.9476406574249268 53.12711715698242 163.15281677246094 128.4277801513672 193.48675537109375 3.82755 1.7295014 1.7400913 -30.914783 1.1767426 43.05011 -1.5704189538955688 0.8536498546600342
Car 0.0 0 -1.5552319288253784 588.4129028320312 176.45620727539062 614.7157592773438 202.1373748779297 3.8350465 1.577645 1.635672 -0.5497455 1.8211598 46.782173 -1.5669825077056885 0.7318704724311829
Car 0.0 0 1.7531847953796387 460.7557678222656 184.78794860839844 490.0664367675781 205.15089416503906 3.6446335 1.4379996 1.5593728 -10.232642 2.376797 54.91249 1.568953275680542 0.449838787317276
Car 0.0 0 2.0123720169067383 182.48886108398438 197.0964813232422 243.7298583984375 225.16339111328125 4.146395 1.5041473 1.6957791 -24.394112 3.0692685 44.44932 1.5104451179504395 0.371364027261734
Car 0.0 0 0.9930974245071411 0.0 210.7757568359375 92.58485412597656 253.20773315429688 4.279618 1.6220018 1.5827067 -25.008373 3.3565516 31.564 0.32306504249572754 0.32801321148872375
