Pedestrian 0.0 0 0.8009571433067322 1052.16015625 151.24159240722656 1110.973388671875 236.24156188964844 0.943346 1.7624711 0.55454004 10.048244 1.3146963 15.474575 1.3768675327301025 0.827316403388977
Pedestrian 0.0 0 -3.215129852294922 958.0994262695312 172.8298797607422 972.8987426757812 205.1763916015625 0.67137796 1.7401311 0.70677954 19.307467 1.7391917 39.266823 -2.7581448554992676 0.3602273166179657
Pedestrian 0.0 0 2.876095771789551 537.3720092773438 184.9971160888672 557.501953125 226.7672119140625 0.6484667 1.5688574 0.5446511 -2.445192 2.0412798 27.679312 2.7879843711853027 0.19365954399108887
Cyclist 0.0 0 -2.344280242919922 1047.431884765625 154.04443359375 1111.2529296875 238.86927795410156 1.09096 1.7614555 0.54603434 10.057707 1.3712178 15.569395 -1.7707277536392212 0.13407649099826813
Car 0.0 0 0.9985758662223816 205.00607299804688 186.767578125 265.1805419921875 212.0548553466797 3.9260383 1.541486 1.6532971 -24.74093 2.4911008 47.53335 0.5186660289764404 0.3135831654071808
Car 0.0 0 3.0993800163269043 560.5859985351562 173.5618133544922 676.0363159179688 214.26580810546875 4.202332 1.4744991 1.6064312 0.23717166 1.5022403 27.038288 3.108151435852051 0.25407344102859497
Car 0.0 0 1.583387017250061 680.0137329101562 172.78970336914062 705.9876708984375 199.92771911621094 3.95561 1.6713425 1.5927767 5.339228 1.6677407 46.497154 1.697715401649475 0.21216849982738495
Car 0.0 0 -2.64972186088562 1022.7476806640625 156.10118103027344 1106.8245849609375 186.8330078125 3.7839088 1.6904223 1.6460564 26.20231 0.769281 41.73707 -2.0891153812408447 0.1645776629447937
Car 0.0 0 -1.6995540857315063 1089.1063232421875 171.33026123046875 1150.008544921875 208.41439819335938 3.7856798 1.4330598 1.5782133 21.005892 1.3745354 29.922718 -1.0874838829040527 0.14364022016525269
Car 0.0 0 -1.6096426248550415 952.98681640625 166.45913696289062 987.1852416992188 196.0824432373047 3.8153074 1.5915283 1.5761647 20.291592 1.2483184 40.82532 -1.1483702659606934 0.14064736664295197
