Pedestrian 0.0 0 -0.8951674103736877 130.31350708007812 190.1283416748047 182.69131469726562 280.4335021972656 0.66264534 1.6686418 0.55916613 -8.73356 2.0087593 13.828212 -1.4584811925888062 0.1687108874320984
Cyclist 0.0 0 1.803659439086914 437.45098876953125 180.51449584960938 454.614501953125 213.09112548828125 1.7710259 1.6763164 0.4983788 -8.759823 2.0941453 38.431004 1.5795519351959229 0.4261264204978943
Cyclist 0.0 0 1.2145190238952637 803.6163330078125 156.3209686279297 840.0885620117188 211.94541931152344 1.8030927 1.6801503 0.49877617 6.600179 1.181124 22.708885 1.4973695278167725 0.26928356289863586
Cyclist 0.0 0 1.326062560081482 769.6571044921875 158.23316955566406 794.4558715820312 204.72998046875 1.6666746 1.7285761 0.53293514 6.538693 1.1853865 27.657927 1.5582131147384644 0.15600401163101196
Car 0.0 0 -1.4925801753997803 550.9242553710938 179.44772338867188 581.1868286132812 205.74461364746094 4.009327 1.6036301 1.6623381 -2.853837 2.0522373 47.029354 -1.5531878471374512 0.7599954605102539
Car 0.0 0 -1.6335532665252686 659.0016479492188 178.63243103027344 706.7996826171875 220.04403686523438 3.839362 1.4770902 1.6063452 2.7446768 1.7190748 28.22252 -1.536606788635254 0.6185077428817749
Car 0.0 0 -1.618241548538208 649.305908203125 179.37779235839844 681.7485961914062 209.72097778320312 3.9484963 1.5456803 1.5799469 2.9676006 1.9221938 39.605335 -1.5434520244598389 0.4010251760482788
Car 0.0 0 1.369428277015686 609.76806640625 172.6097869873047 642.5226440429688 194.64764404296875 4.3413935 1.6393143 1.6983441 1.1815004 1.6215054 55.957527 1.3905394077301025 0.24097727239131927
Car 0.0 0 1.7648199796676636 638.1347045898438 173.8809356689453 667.8255004882812 194.30519104003906 3.9454126 1.5202181 1.5715188 3.346813 1.6033106 56.02137 1.8244907855987549 0.19018645584583282
Car 0.0 0 -1.4764882326126099 629.4804077148438 175.85675048828125 649.9351196289062 192.329345703125 3.721638 1.4569209 1.5410908 2.7423546 1.7420247 66.471756 -1.4352556467056274 0.1604514718055725
