Pedestrian 0.0 0 -0.739544153213501 873.9053955078125 166.3568878173828 923.1163330078125 218.10015869140625 1.5699325 1.7442461 0.61504334 9.987618 1.1096542 24.790758 -0.3565603196620941 0.21231746673583984
Cyclist 0.0 0 -0.739544153213501 873.9053955078125 166.3568878173828 923.1163330078125 218.10015869140625 1.5699325 1.7442461 0.61504334 9.987618 1.1096542 24.790758 -0.3565603196620941 0.39370810985565186
Car 0.0 0 -1.5290989875793457 711.9149780273438 181.01600646972656 765.5971069335938 229.3530731201172 3.7257123 1.5473968 1.6834704 4.5791855 1.4140851 25.01148 -1.3480210304260254 0.9290215969085693
Car 0.0 0 2.1652655601501465 0.0 212.89141845703125 90.1788101196289 370.28839111328125 4.300811 1.430283 1.6993345 -9.0691185 1.8875202 9.583264 1.4074249267578125 0.819145679473877
Car 0.0 0 2.0607471466064453 0.0 210.33091735839844 107.9052963256836 280.172607421875 4.100057 1.3891593 1.7121142 -14.552988 2.0964088 18.032568 1.3817287683486938 0.8066095113754272
Car 0.0 0 -1.312799334526062 120.61827850341797 199.3059539794922 180.1199493408203 233.386962890625 3.6388183 1.513301 1.6057205 -22.557816 2.2496336 35.527554 -1.8785135746002197 0.6951552629470825
Car 0.0 0 -1.0725884437561035 0.0 196.1571502685547 111.28788757324219 241.53916931152344 4.0500293 1.4735149 1.6677399 -20.317911 1.9103779 26.493904 -1.7268118858337402 0.6683327555656433
Car 0.0 0 1.7357738018035889 790.45068359375 178.29502868652344 824.0389404296875 199.57830810546875 4.1376204 1.4772983 1.6915785 14.482659 0.99805725 52.12536 2.0067811012268066 0.666530966758728
Car 0.0 0 -1.4558734893798828 351.9949951171875 183.15028381347656 382.16729736328125 205.45254516601562 3.7780128 1.500347 1.5837525 -16.842794 1.3625315 50.36781 -1.7785801887512207 0.4292560815811157
Car 0.0 0 2.1186907291412354 44.515525817871094 196.0963592529297 125.9678955078125 226.17237854003906 3.9981043 1.4349087 1.6220763 -27.419523 2.0399451 37.837646 1.4916038513183594 0.41802865266799927
Car 0.0 0 1.7264000177383423 321.48028564453125 185.1441192626953 361.3745422363281 215.0958709716797 4.06813 1.657994 1.5718685 -15.506419 1.6551627 41.93797 1.372243046760559 0.412641704082489
Car 0.0 0 -1.4399969577789307 364.8841552734375 175.9413604736328 391.553466796875 196.417236328125 3.5550318 1.6343484 1.6470026 -18.904772 0.8952188 59.2693 -1.7487598657608032 0.40703773498535156
