Pedestrian 0.0 0 3.582054615020752 29.967241287231445 187.26797485351562 83.76006317138672 259.92486572265625 0.7802021 1.6035908 0.63239765 -12.663197 1.9408519 16.46986 2.9265851974487305 0.45943012833595276
Pedestrian 0.0 0 1.335409164428711 714.7390747070312 163.50213623046875 727.5685424804688 194.7696990966797 0.7771668 1.8185326 0.57843274 6.4909134 1.2749825 42.37346 1.4874110221862793 0.19892384111881256
Pedestrian 0.0 0 -0.6295182704925537 480.638916015625 189.4457550048828 501.0347595214844 225.21417236328125 0.7309614 1.6307111 0.59765476 -5.620899 2.419151 33.799034 -0.7943136096000671 0.15006068348884583
Pedestrian 0.0 0 1.666596531867981 468.71185302734375 179.96746826171875 489.4532775878906 228.32846069335938 0.85760015 1.7557627 0.6803274 -4.8970494 2.024695 26.783276 1.4857542514801025 0.1320044845342636
Pedestrian 0.0 0 -2.552457332611084 140.0224609375 177.8307647705078 216.31114196777344 271.1864013671875 1.1650547 1.7721341 0.5471961 -8.435032 1.8713386 14.027108 -3.093860149383545 0.12430474162101746
Pedestrian 0.0 0 -1.6212475299835205 862.0704956054688 155.3224334716797 915.000732421875 288.3890380859375 0.66780174 1.7559537 0.64299554 3.767283 1.5249641 9.935168 -1.2588114738464355 0.11788351833820343
Pedestrian 0.0 0 -0.1653035283088684 1158.9400634765625 32.2337760925293 1242.0 286.71923828125 0.7939271 1.8177774 0.66174763 4.7781997 0.8136919 5.6386533 0.5376796722412109 0.11715827882289886
Car 0.0 0 1.7679182291030884 564.912353515625 175.40988159179688 613.3397827148438 206.33489990234375 4.267023 1.4995285 1.7200226 -1.0590916 1.641059 37.603306 1.7397608757019043 0.869938850402832
Car 0.0 0 -1.5871939659118652 657.7077026367188 173.9501495361328 696.2444458007812 209.4952850341797 2.8386433 1.459484 1.5836947 2.8255475 1.5094662 31.18846 -1.4968446493148804 0.7219155430793762
Car 0.0 0 1.7673122882843018 584.066650390625 174.59144592285156 622.2341918945312 201.43292236328125 4.00573 1.5520458 1.5825233 -0.40350166 1.6637137 44.10755 1.758164405822754 0.2315342277288437
Car 0.0 0 1.8204331398010254 365.5712585449219 184.50985717773438 449.8870849609375 241.3798828125 3.5833802 1.4663521 1.5367026 -5.8711443 1.8376157 21.150043 1.5496560335159302 0.18592020869255066
Car 0.0 0 -0.7489051222801208 694.4808959960938 167.30604553222656 755.9651489257812 192.9683380126953 4.0555086 1.6801412 1.7039661 7.825257 1.3172683 49.074272 -0.5907789468765259 0.13992638885974884
