Pedestrian 0.0 0 -0.4330188035964966 697.7144775390625 170.2069549560547 729.3357543945312 221.60438537597656 0.82477283 1.6957673 0.7229102 3.4323452 1.6087909 24.268137 -0.29251646995544434 0.8353554010391235
Pedestrian 0.0 0 2.380258798599243 1105.2418212890625 144.96774291992188 1160.25341796875 264.7392272949219 0.4986941 1.6349359 0.3781763 7.2367754 1.2546334 10.068193 3.0034751892089844 0.3158607482910156
Pedestrian 0.0 0 3.267275333404541 404.07635498046875 177.6761016845703 416.24835205078125 199.7352752685547 0.88759816 1.7652533 0.5284565 -16.14284 2.1567936 58.20509 2.9967310428619385 0.24755771458148956
Cyclist 0.0 0 -1.7659558057785034 746.1246948242188 161.61300659179688 774.8135986328125 217.25291442871094 1.84043 1.7877254 0.58718914 4.9635286 1.4269074 24.102972 -1.5628647804260254 0.2348628044128418
Car 0.0 0 1.6220260858535767 427.2372741699219 180.0997772216797 481.6083679199219 230.1249237060547 3.1541803 1.414653 1.5026183 -4.848731 1.6584699 22.564123 1.410358190536499 0.9537709355354309
Car 0.0 0 1.056168794631958 342.021240234375 179.31053161621094 426.2544860839844 214.8010711669922 4.3329706 1.4299245 1.6218137 -10.075849 1.734209 31.891735 0.7501537799835205 0.8551802635192871
Car 0.0 0 2.711244583129883 627.1195678710938 172.11399841308594 701.2671508789062 195.9856414794922 4.5928154 1.522019 1.6862177 3.5444949 1.4751956 47.592022 2.785583972930908 0.8446894288063049
Car 0.0 0 1.9746029376983643 0.0 180.14662170410156 95.82806396484375 247.8946533203125 3.820799 1.5518678 1.569914 -15.302612 1.7652069 19.01826 1.2970467805862427 0.8228554129600525
Car 0.0 0 2.511740207672119 510.9852600097656 175.0663604736328 583.1504516601562 200.84205627441406 4.239132 1.4899665 1.6391906 -3.8374484 1.631597 44.061268 2.424865961074829 0.7285526394844055
Car 0.0 0 2.283569812774658 0.0 197.2305145263672 101.08006286621094 282.5726318359375 3.4797816 1.4555053 1.4883121 -12.656258 2.023612 15.052572 1.5844390392303467 0.2775757908821106
