Pedestrian 0.0 0 -0.12410199642181396 792.7300415039062 147.89437866210938 844.1940307617188 231.3561553955078 1.0735421 1.8903974 0.6446331 4.773485 1.3254236 16.74066 0.1536695957183838 0.4864083528518677
Pedestrian 0.0 0 -1.0878279209136963 41.52962112426758 136.95303344726562 83.03520202636719 199.89503479003906 0.8573217 1.8907311 0.69766074 -16.850471 0.8126503 22.152481 -1.7381155490875244 0.3313666880130768
Cyclist 0.0 0 -3.4513840675354004 820.292236328125 148.92282104492188 874.0602416992188 225.95062255859375 1.0202206 1.7057484 0.58807033 5.2886176 1.1761603 16.271713 -3.1371350288391113 0.2097432166337967
Car 0.0 0 -2.113433837890625 796.2620239257812 174.86151123046875 1195.6693115234375 375.0 3.375485 1.4507862 1.5403242 2.994889 1.4742082 6.523564 -1.683048129081726 0.9721871018409729
Car 0.0 0 1.9317452907562256 164.60888671875 195.45169067382812 339.0196533203125 302.1060485839844 3.4915693 1.4401689 1.5024463 -5.9469423 1.8827337 12.311119 1.481745719909668 0.9504551887512207
Car 0.0 0 -1.8679108619689941 735.038818359375 180.23077392578125 887.5086669921875 277.6465759277344 3.3476527 1.3548311 1.4764396 3.1206 1.4952577 11.993954 -1.6133731603622437 0.9474278688430786
Car 0.0 0 2.2563347816467285 0.0 194.50408935546875 208.70947265625 375.0 3.668253 1.6601509 1.5495466 -5.9189234 1.9348786 7.3036685 1.575282096862793 0.9115047454833984
Car 0.0 0 -2.771822929382324 330.3020935058594 178.6143798828125 420.2463684082031 212.95306396484375 3.9983337 1.6827697 1.7062892 -11.912257 1.9833641 36.64186 -3.0861449241638184 0.5729350447654724
Car 0.0 0 -0.49247774481773376 778.2142333984375 170.71835327148438 855.08203125 201.2664031982422 3.4711382 1.5217735 1.5620855 10.560775 1.4157425 37.07448 -0.21497458219528198 0.4478181302547455
Car 0.0 0 1.7121978998184204 184.76751708984375 200.02259826660156 265.9730224609375 262.59515380859375 3.7366803 1.4205363 1.4812691 -10.667171 2.2546413 20.130947 1.2249258756637573 0.41923758387565613
Car 0.0 0 1.0631775856018066 276.7088623046875 185.63343811035156 328.3045349121094 209.96121215820312 3.4857528 1.4362962 1.522439 -19.661503 2.281343 46.01968 0.6594102382659912 0.3894411027431488
Car 0.0 0 -2.6354386806488037 0.0 0.0 1242.0 375.0 3.683799 1.5242106 1.5791868 2.9921865 1.4137783 1.566159 -1.5468469858169556 0.36092936992645264
