Pedestrian 0.0 0 2.7870466709136963 508.82415771484375 164.9355926513672 521.7800903320312 186.86781311035156 0.99778396 1.8735378 0.49094555 -7.700508 0.54516095 60.842243 2.6611509323120117 0.3920478820800781
Pedestrian 0.0 0 1.5987379550933838 280.2699279785156 179.96029663085938 317.9250793457031 272.2500305175781 1.080388 1.8060027 0.6802377 -6.282822 1.7970722 14.459193 1.1888307332992554 0.25907188653945923
Cyclist 0.0 0 -2.0130815505981445 980.4924926757812 145.3549041748047 1031.4371337890625 212.0440216064453 1.7791685 1.6537361 0.4293829 10.38581 0.78381497 18.430765 -1.4999297857284546 0.6809523701667786
Cyclist 0.0 0 1.3339754343032837 881.3191528320312 157.76512145996094 903.9888305664062 195.3636016845703 1.9864486 1.7244936 0.53854084 13.57602 0.68319196 33.446743 1.719557285308838 0.5234913229942322
Cyclist 0.0 0 -0.1532295197248459 768.8034057617188 158.0087890625 801.6409912109375 190.02328491210938 1.7577671 1.8214108 0.5829748 10.332467 0.5431951 40.595806 0.09599924087524414 0.32878920435905457
Car 0.0 0 1.1004520654678345 459.5663757324219 171.2183380126953 529.6607055664062 205.91502380371094 3.7479076 1.4726539 1.6010128 -5.0662165 1.0801857 31.99177 0.9433963298797607 0.9182611107826233
Car 0.0 0 -0.8186317682266235 0.0 203.43458557128906 283.60894775390625 370.0 3.6684902 1.4829065 1.5503072 -3.2185884 1.6554354 3.4252586 -1.5729329586029053 0.8889504671096802
Car 0.0 0 -0.5233712196350098 1171.5098876953125 139.9850311279297 1224.0 192.71580505371094 4.232501 1.5721666 1.6900727 20.813324 0.36577702 22.37328 0.2259213924407959 0.7703739404678345
Car 0.0 0 3.529043436050415 225.73773193359375 184.8311309814453 338.3294677734375 226.11581420898438 3.5300927 1.5007808 1.6143559 -12.1806965 1.6715924 26.757986 3.1018593311309814 0.6125076413154602
Car 0.0 0 2.0743887424468994 81.15284729003906 185.5713348388672 227.05628967285156 250.4254150390625 4.399723 1.6805314 1.7137842 -13.141027 1.8482116 20.912567 1.5133628845214844 0.45301443338394165
Car 0.0 0 1.2831153869628906 60.42021179199219 198.44532775878906 129.85943603515625 233.79925537109375 3.4526494 1.4368827 1.6479298 -23.241005 2.2983067 32.171207 0.6575028896331787 0.25730615854263306
