Car 0.0 0 -1.7271424531936646 694.2184448242188 175.61813354492188 811.2614135742188 272.2030334472656 3.9646592 1.673733 1.6761907 2.6790595 1.7377737 14.618095 -1.5458838939666748 0.9736180901527405
Car 0.0 0 -1.695819616317749 669.0707397460938 181.5653839111328 747.8271484375 242.92410278320312 4.307554 1.5185606 1.672115 2.649295 1.793969 20.622791 -1.5680549144744873 0.9316193461418152
Car 0.0 0 3.4573678970336914 178.18609619140625 182.91744995117188 405.3831481933594 269.3836975097656 3.8692572 1.5960499 1.6614538 -6.3139706 1.8135438 14.55804 3.048142910003662 0.9029744267463684
Car 0.0 0 -2.236166000366211 851.6304321289062 187.0376739501953 1242.0 375.0 3.8840003 1.4463362 1.6074696 2.7065308 1.5586894 3.724223 -1.6077202558517456 0.9017888903617859
Car 0.0 0 0.4915615916252136 91.61389923095703 190.7061004638672 373.59808349609375 289.07269287109375 3.9175432 1.4987198 1.574418 -6.23781 1.8188957 12.105532 0.015760183334350586 0.8800817131996155
Car 0.0 0 -1.720234990119934 648.7932739257812 175.09991455078125 700.8248291015625 217.98472595214844 3.6160686 1.6450118 1.6007446 2.565153 1.7436734 29.72399 -1.634149193763733 0.845966637134552
Car 0.0 0 -1.6445839405059814 638.0033569335938 177.38023376464844 666.921142578125 204.002197265625 3.2865887 1.5171452 1.4888606 2.4843423 1.7997464 43.334866 -1.587317705154419 0.8182666897773743
Car 0.0 0 -2.3761720657348633 0.0 172.93634033203125 217.83966064453125 375.0 4.2334814 1.8520778 1.7361176 -6.4842186 1.8533484 7.077368 -3.1178605556488037 0.7687308192253113
Car 0.0 0 -2.9704294204711914 452.37255859375 183.06466674804688 529.632568359375 211.41012573242188 3.8713343 1.4637605 1.5777497 -6.3679914 2.0223508 38.640762 -3.133761167526245 0.6652779579162598
Car 0.0 0 -2.5230727195739746 0.0 197.03616333007812 309.8749084472656 322.4134521484375 4.098474 1.4753006 1.6107854 -6.4662166 1.8294886 9.688226 -3.1116039752960205 0.6183779835700989
Car 0.0 0 3.3302829265594482 412.1768493652344 166.1627960205078 502.4088134765625 201.1583709716797 3.8198116 1.5669523 1.6286083 -7.004124 1.2677065 33.156006 3.122096300125122 0.5664415955543518
