Pedestrian 0.0 0 2.2635445594787598 0.0 181.31820678710938 48.87628173828125 267.1120910644531 0.8717826 1.8621379 0.6801287 -13.315731 2.057482 16.181684 1.575001835823059 0.5091329216957092
Pedestrian 0.0 0 -1.1639915704727173 384.3409118652344 165.88038635253906 403.6958312988281 204.80343627929688 0.67472553 1.7752123 0.6413104 -9.997395 1.4575164 33.27725 -1.4558403491973877 0.37597015500068665
Pedestrian 0.0 0 -0.5421755909919739 458.56402587890625 168.4703826904297 471.6087646484375 193.06597900390625 0.74504393 1.8576893 0.65199196 -11.070202 1.5269555 54.986485 -0.7408456802368164 0.23674005270004272
Pedestrian 0.0 0 1.7241789102554321 379.4850158691406 162.73707580566406 394.2635498046875 202.5939483642578 0.38956684 1.9002588 0.62621087 -10.748037 1.4182715 34.636738 1.4232927560806274 0.23158901929855347
Pedestrian 0.0 0 -0.8502423763275146 738.2283935546875 172.1011962890625 763.7366333007812 223.98504638671875 0.6135153 1.6844598 0.56203324 4.6113486 1.6603774 23.832693 -0.6591157913208008 0.21864277124404907
Car 0.0 0 3.132582664489746 211.28932189941406 189.5423583984375 393.12274169921875 256.16485595703125 4.152051 1.5027188 1.7012751 -7.922889 1.9724946 18.685246 2.73154354095459 0.9726198315620422
Car 0.0 0 1.6818671226501465 456.8094787597656 186.01190185546875 519.0718383789062 232.27914428710938 4.618705 1.472918 1.761051 -4.4524336 2.0024204 26.660038 1.51638662815094 0.9385124444961548
Car 0.0 0 -2.0765490531921387 554.6369018554688 161.8628387451172 607.991943359375 193.73098754882812 4.818255 2.2876105 1.9141572 -2.2450674 1.4989821 54.347195 -2.117835283279419 0.7110872864723206
Car 0.0 0 1.5315678119659424 474.24957275390625 173.9557647705078 498.4509582519531 195.1429443359375 4.228227 1.5765469 1.6858782 -9.682529 1.6660933 56.16384 1.3608479499816895 0.6096577644348145
Car 0.0 0 -3.1569130420684814 636.7562255859375 168.05372619628906 703.1600952148438 195.4255828857422 3.9387295 1.6240362 1.6154612 3.582267 1.3395827 43.744404 -3.075204610824585 0.18663908541202545
