Pedestrian 0.0 0 0.35965627431869507 288.96209716796875 155.63009643554688 416.0085754394531 334.389404296875 1.0772018 1.7605563 0.6462227 -2.6275892 1.517314 7.289017 0.01367044448852539 0.7899596095085144
Pedestrian 0.0 0 3.108344316482544 61.58296585083008 187.28704833984375 96.54268646240234 251.67047119140625 0.7837156 1.7991251 0.7771552 -15.2257805 2.001978 20.416384 2.4675605297088623 0.16800034046173096
Pedestrian 0.0 0 0.09470626711845398 628.5560913085938 172.54698181152344 691.0069580078125 272.44769287109375 1.0902587 1.7744548 0.5959006 0.9681806 1.6348348 12.939346 0.16939163208007812 0.1571880429983139
Pedestrian 0.0 0 -0.7746263742446899 1031.158447265625 162.72967529296875 1091.0416259765625 269.607177734375 0.5985883 1.7214128 0.5816337 7.5143814 1.4368504 11.728659 -0.20482704043388367 0.1420743316411972
Pedestrian 0.0 0 -1.7173430919647217 1138.37646484375 136.75454711914062 1188.2646484375 245.63079833984375 0.5960947 1.7193061 0.5568697 9.070616 1.030161 11.557198 -1.0519111156463623 0.13980036973953247
Pedestrian 0.0 0 1.8976514339447021 836.9111328125 173.38079833984375 871.7022094726562 245.7584991455078 0.708408 1.7754744 0.6340003 6.247648 1.6024336 17.813738 2.2349681854248047 0.12616302073001862
Pedestrian 0.0 0 1.2291169166564941 966.5487060546875 151.337158203125 1016.6451416015625 260.5859069824219 0.6323062 1.7236668 0.5320073 6.234728 1.2652075 11.5038805 1.7257721424102783 0.1256827563047409
Pedestrian 0.0 0 2.830172538757324 665.10693359375 149.5348358154297 682.1896362304688 183.04562377929688 0.85077715 1.8730112 0.48269117 3.858197 0.14367282 39.840485 2.9267125129699707 0.12174294143915176
Pedestrian 0.0 0 0.023759379982948303 674.3231201171875 173.93145751953125 724.1505126953125 262.5253601074219 0.99597037 1.77691 0.5667477 1.8990058 1.6467936 14.532432 0.15369677543640137 0.11039622128009796
Cyclist 0.0 0 -1.8455734252929688 856.3890380859375 139.33287048339844 907.2462768554688 251.17626953125 1.6317114 1.7684634 0.36559233 4.627031 1.1191862 12.004173 -1.4776711463928223 0.1047343984246254
Car 0.0 0 -1.1946403980255127 486.8479919433594 146.7333984375 577.9759521484375 201.4658660888672 3.4083455 1.4974846 1.5724648 -2.1174712 0.5752071 21.194042 -1.2942187786102295 0.13249100744724274
