Pedestrian 0.0 0 -1.3600664138793945 118.57086181640625 154.296142578125 140.09959411621094 194.9499969482422 0.7104468 1.9701824 0.74654907 -23.37537 0.7017211 34.729023 -1.9524950981140137 0.21544626355171204
Pedestrian 0.0 0 2.393731117248535 1049.919677734375 172.6995849609375 1086.2515869140625 237.0551300048828 0.6134643 1.558923 0.43784854 11.350756 1.3715688 17.389849 2.972018241882324 0.21168072521686554
Pedestrian 0.0 0 3.6481218338012695 122.89535522460938 141.66293334960938 203.76852416992188 278.814697265625 0.762043 1.8457752 0.5948913 -6.171873 1.3247812 9.828074 3.0873794555664062 0.19401511549949646
Pedestrian 0.0 0 -1.5188885927200317 789.5132446289062 161.33299255371094 805.3777465820312 195.0500946044922 1.1684955 1.7637882 0.75697577 10.243692 0.76255 37.654957 -1.2532753944396973 0.17150087654590607
Pedestrian 0.0 0 2.91977596282959 509.26715087890625 166.1208953857422 521.914306640625 187.97015380859375 0.9923336 1.8689338 0.5108985 -7.681581 0.64017516 60.88343 2.7942705154418945 0.1673366278409958
Pedestrian 0.0 0 -1.593009114265442 280.3836669921875 179.48068237304688 319.6138000488281 270.1778259277344 1.0029435 1.7759206 0.7102697 -6.282967 1.7575926 14.443745 -2.0033156871795654 0.15283925831317902
Pedestrian 0.0 0 -2.0126137733459473 878.5668334960938 159.6486053466797 904.0969848632812 195.8510284423828 1.6976446 1.6754761 0.43698 13.568044 0.7119117 33.577835 -1.6285972595214844 0.12413375824689865
Cyclist 0.0 0 -2.014892578125 975.0297241210938 139.88633728027344 1024.5206298828125 208.44879150390625 1.7417153 1.7225991 0.4270571 10.344148 0.70379406 18.64179 -1.5083024501800537 0.3944132328033447
Cyclist 0.0 0 -2.0719053745269775 877.9365844726562 160.14791870117188 904.43310546875 195.7841033935547 1.6766005 1.6487236 0.40785068 13.555095 0.70858014 33.563347 -1.6880706548690796 0.27061817049980164
Car 0.0 0 -0.8091253042221069 0.0 200.3595733642578 287.867431640625 370.0 3.6794803 1.4790016 1.5552853 -3.2294385 1.6300836 3.464535 -1.5594172477722168 0.8769577741622925
Car 0.0 0 -0.5646214485168457 942.738525390625 158.01966857910156 1102.96142578125 206.8753662109375 4.15375 1.4938604 1.6546185 13.190962 0.8080373 22.513163 -0.0346175879240036 0.8316501975059509
Car 0.0 0 1.617723822593689 89.7115707397461 182.34864807128906 121.11405181884766 205.19229125976562 3.8897598 1.4877328 1.578513 -34.181946 1.6210829 48.439983 1.0032122135162354 0.3473395109176636
