Pedestrian 0.0 0 1.0396627187728882 0.0 136.39915466308594 82.05048370361328 312.2546691894531 0.8948745 1.7647215 0.525477 -6.2244706 1.3992528 7.640147 0.3560190200805664 0.3734259605407715
Pedestrian 0.0 0 2.850383758544922 437.3342590332031 143.29896545410156 529.2128295898438 290.4253845214844 1.0420423 1.817925 0.63896835 -1.7145454 1.4530946 9.433847 2.6706020832061768 0.23432119190692902
Pedestrian 0.0 0 1.370922565460205 364.8807678222656 143.6409149169922 407.0282897949219 248.0679931640625 0.6723193 1.7875885 0.5892566 -4.027305 1.2878752 12.78532 1.0657668113708496 0.21771545708179474
Pedestrian 0.0 0 -1.9742631912231445 26.078460693359375 112.69474792480469 116.7852554321289 257.4112548828125 1.035113 1.7370195 0.5583709 -6.892939 1.0152912 9.15791 -2.6194746494293213 0.17360451817512512
Pedestrian 0.0 0 1.5639896392822266 292.2007751464844 153.65646362304688 348.4336242675781 293.19970703125 0.7527631 1.7640498 0.66916233 -3.9070826 1.52172 9.594551 1.177275538444519 0.15318454802036285
Cyclist 0.0 0 -1.9410189390182495 23.146623611450195 110.73542785644531 116.16356658935547 258.8359375 1.1805497 1.7693751 0.5521085 -6.922923 1.0275947 9.162688 -2.588066339492798 0.16551336646080017
Car 0.0 0 -0.89319908618927 660.404541015625 162.1771697998047 975.5555419921875 331.0103454589844 3.3569472 1.5042794 1.641069 2.3332531 1.4095082 8.061469 -0.6114649772644043 0.9274550080299377
Car 0.0 0 1.9887951612472534 920.7130126953125 168.98326110839844 1166.225341796875 294.34576416015625 3.8159943 1.4921087 1.5995784 6.2308817 1.4463955 10.334062 2.5313780307769775 0.9246112108230591
Car 0.0 0 -1.2520067691802979 1155.164794921875 174.47113037109375 1242.0 265.33319091796875 3.849177 1.5320122 1.6145495 12.3092375 1.5672346 13.887717 -0.5267902612686157 0.7171005606651306
Car 0.0 0 -2.086921215057373 751.048095703125 178.28851318359375 874.5309448242188 243.60218811035156 3.6331801 1.5670547 1.6260407 5.3272953 1.7298076 19.596842 -1.821491003036499 0.42062675952911377
