Pedestrian 0.0 0 1.704134225845337 708.3873901367188 181.8712158203125 725.2435302734375 225.28396606445312 0.7148551 1.7442102 0.59521866 4.342017 2.1197026 29.589108 1.849838137626648 0.3758968114852905
Pedestrian 0.0 0 1.5757088661193848 721.9629516601562 147.13316345214844 746.6062622070312 204.8266143798828 1.1781356 1.857947 0.78429174 4.0691304 1.029997 23.881466 1.7444766759872437 0.2096654325723648
Pedestrian 0.0 0 2.7368664741516113 861.6093139648438 140.91195678710938 933.0980834960938 273.2897033691406 0.7686507 1.8512489 0.6367352 4.081395 1.4049101 10.417917 3.110255241394043 0.15246962010860443
Pedestrian 0.0 0 0.3424113094806671 448.2032470703125 179.1343994140625 503.2761535644531 257.4284973144531 1.0969055 1.7689174 0.67774844 -3.1641438 1.9190683 16.78654 0.15610432624816895 0.1457633376121521
Pedestrian 0.0 0 0.5859836339950562 1062.8572998046875 128.3200225830078 1214.747314453125 365.37799072265625 0.8186621 1.8119708 0.61115557 4.3166347 1.4719299 6.0033236 1.2093746662139893 0.11591106653213501
Cyclist 0.0 0 -1.3513693809509277 532.4495239257812 191.88780212402344 547.8239135742188 227.53839111328125 1.5857216 1.6317544 0.40271157 -3.3906958 2.568974 34.700542 -1.4487732648849487 0.2714367210865021
Cyclist 0.0 0 1.3915972709655762 720.7298583984375 148.2056427001953 747.3658447265625 203.63873291015625 1.2070736 1.7845176 0.6594148 4.0414114 0.9913889 23.832397 1.5595756769180298 0.1376929134130478
Car 0.0 0 -1.739554524421692 709.1790161132812 194.12423706054688 841.6126098632812 294.5953369140625 4.1787076 1.4432606 1.6462427 2.8213673 1.90061 13.379597 -1.5317283868789673 0.9618468880653381
Car 0.0 0 1.6399571895599365 544.3048706054688 188.55946350097656 578.3369140625 219.57127380371094 3.8270686 1.5111477 1.5767534 -2.6230474 2.4023974 39.011337 1.5728201866149902 0.19005802273750305
Car 0.0 0 -1.7262535095214844 670.7183227539062 183.24655151367188 703.5866088867188 209.58702087402344 3.842711 1.6348056 1.6039587 5.090107 2.3588812 48.28449 -1.6212223768234253 0.16594703495502472
