Pedestrian 0.0 0 1.6290496587753296 818.1102294921875 160.7059783935547 838.7377319335938 206.13616943359375 1.0065883 1.8055546 0.745236 8.825743 1.3231078 29.274424 1.921866536140442 0.34998393058776855
Pedestrian 0.0 0 -2.042999744415283 1001.664306640625 145.51048278808594 1025.346923828125 191.70391845703125 0.5332367 1.9167327 0.699167 16.853077 0.7825095 30.215677 -1.5342187881469727 0.34703221917152405
Pedestrian 0.0 0 -0.6857578158378601 476.9012451171875 151.26231384277344 499.3689880371094 198.8279266357422 0.5939161 1.9680432 0.743858 -5.162921 1.0750378 30.319307 -0.8544248938560486 0.27896586060523987
Pedestrian 0.0 0 1.8075288534164429 679.9046020507812 179.84068298339844 699.9820556640625 224.90545654296875 0.7823283 1.6919508 0.60069984 3.0304286 1.9651315 27.702753 1.9164865016937256 0.25561514496803284
Pedestrian 0.0 0 1.4943242073059082 656.8347778320312 167.54681396484375 681.10400390625 229.60011291503906 0.7701971 1.8249063 0.6651841 1.7126129 1.6691871 21.60271 1.5734363794326782 0.23092730343341827
Cyclist 0.0 0 -3.468311309814453 1108.8076171875 155.9484100341797 1209.064453125 230.54302978515625 1.8116369 1.7226514 0.5882877 13.017781 1.3326 17.224596 -2.821129560470581 0.23987244069576263
Car 0.0 0 1.3257510662078857 320.29974365234375 184.46728515625 408.406494140625 236.36129760742188 4.180317 1.4135305 1.6563305 -7.9019837 1.8170075 22.840141 0.9926717281341553 0.8929919004440308
Car 0.0 0 1.5549427270889282 251.01202392578125 184.56378173828125 306.005615234375 236.0047607421875 3.3291621 1.4245862 1.4638141 -10.463735 1.8216429 22.623878 1.1217355728149414 0.8845506906509399
Car 0.0 0 -2.3003616333007812 0.0 178.8621826171875 263.3023376464844 296.0715026855469 4.4658546 1.914586 1.7882518 -9.001423 2.0378478 13.342763 -2.8938567638397217 0.5616774559020996
Car 0.0 0 1.6425647735595703 699.307861328125 153.28225708007812 748.1458740234375 194.56459045410156 4.0114565 1.5505929 1.671732 4.6271443 0.8158229 29.24171 1.7995014190673828 0.21782436966896057
Car 0.0 0 -0.43605971336364746 958.5546264648438 179.5985107421875 1086.265625 222.35894775390625 3.7111235 1.4798547 1.5633746 14.843654 1.733686 26.187391 0.07960867881774902 0.20379549264907837
Car 0.0 0 -1.3031275272369385 557.9728393554688 157.33319091796875 629.3546752929688 209.2274932861328 3.6111069 1.6509365 1.560728 -0.5311066 1.157524 24.893192 -1.3244596719741821 0.16837511956691742
Car 0.0 0 -2.648859739303589 392.3185729980469 157.0060577392578 490.880126953125 191.5901336669922 4.0007167 1.4805799 1.5982264 -7.5337477 0.8024712 32.17828 -2.87884259223938 0.16531459987163544
