Pedestrian 0.0 0 -0.28715747594833374 861.9307861328125 155.679931640625 974.8208618164062 315.5929260253906 1.0950651 1.8078592 0.6105423 3.5583017 1.6140594 8.517238 0.10857892036437988 0.16840627789497375
Pedestrian 0.0 0 -3.6716930866241455 1131.3828125 152.51527404785156 1242.0 360.3755187988281 0.6244129 1.7167884 0.61615306 5.0205755 1.5491619 6.305919 -2.9992926120758057 0.1236177310347557
Pedestrian 0.0 0 2.5548853874206543 733.0714111328125 155.11854553222656 783.5646362304688 237.5210723876953 0.9401435 1.8280569 0.6253026 3.3326368 1.4349635 16.471155 2.7545218467712402 0.11874023079872131
Cyclist 0.0 0 -1.1478193998336792 312.2311706542969 148.5166473388672 341.0582275390625 191.8252410888672 1.7221639 1.7341589 0.44073066 -11.712706 0.76000255 29.75966 -1.5227761268615723 0.20932142436504364
Car 0.0 0 1.8770482540130615 244.37490844726562 192.31085205078125 456.1445007324219 320.6379699707031 4.48917 1.4666957 1.7380285 -3.7500172 1.8297468 11.188193 1.5536398887634277 0.9729905724525452
Car 0.0 0 1.8095426559448242 410.6525573730469 174.25631713867188 506.306396484375 249.11819458007812 4.057495 1.800712 1.6020869 -4.0080733 1.8429431 19.486183 1.6066839694976807 0.9456373453140259
Car 0.0 0 1.7091195583343506 517.5572509765625 176.54014587402344 557.7801513671875 207.4471435546875 3.5773091 1.4623424 1.5410649 -3.6365523 1.6578889 36.386875 1.609508991241455 0.8616520762443542
Car 0.0 0 -1.6059969663619995 559.0075073242188 167.53500366210938 578.739501953125 185.0327606201172 3.881737 1.5065545 1.6103382 -3.7014701 1.0489465 64.12866 -1.6636524200439453 0.23557576537132263
Car 0.0 0 0.255742609500885 489.4222412109375 180.6402130126953 557.926513671875 208.4352264404297 3.5942726 1.5257411 1.6277058 -4.9427814 1.9825366 41.24387 0.13646864891052246 0.22955656051635742
Car 0.0 0 -1.3127851486206055 492.59210205078125 164.11964416503906 526.4865112304688 186.97801208496094 3.8656647 1.7197512 1.6905035 -7.8221917 1.0629784 56.30229 -1.4508334398269653 0.12413179129362106
