Pedestrian 0.0 0 1.8762009143829346 686.638427734375 129.24725341796875 715.3128051757812 191.956787109375 0.7129207 1.8715001 0.68594337 2.7311246 0.570461 21.997599 1.9997243881225586 0.5779082179069519
Pedestrian 0.0 0 -0.32109886407852173 387.0094299316406 176.17259216308594 420.1900939941406 242.24928283691406 0.71436024 1.8354145 0.73396707 -5.9416456 1.9328291 20.594866 -0.601973295211792 0.4412272870540619
Pedestrian 0.0 0 0.8578253984451294 637.4480590820312 164.13267517089844 650.665771484375 190.23226928710938 0.962597 1.9313279 0.4712473 2.5158427 1.2863209 53.91386 0.9044556617736816 0.35497960448265076
Pedestrian 0.0 0 1.2227530479431152 786.5243530273438 111.53124237060547 837.0592041015625 226.47801208496094 0.76338667 1.7188208 0.5224652 3.064122 0.8022078 11.188059 1.49007248878479 0.3276797831058502
Car 0.0 0 -1.89274001121521 756.4639282226562 180.41429138183594 997.214599609375 345.808349609375 3.4451044 1.5383313 1.5825547 2.8365378 1.6468077 8.590923 -1.573831558227539 0.9820350408554077
Car 0.0 0 -1.329567790031433 335.7734680175781 196.5520782470703 457.2905578613281 283.31707763671875 3.581384 1.4455175 1.5683788 -4.286781 1.9929516 14.833441 -1.6108973026275635 0.9804177284240723
Car 0.0 0 -1.7340142726898193 673.4111938476562 179.05642700195312 754.4093017578125 242.7355194091797 3.2987707 1.4943913 1.5643443 2.5862734 1.6718166 18.925524 -1.5982002019882202 0.9630510210990906
Car 0.0 0 -1.3542400598526 432.2134704589844 180.50144958496094 509.8183288574219 235.91371154785156 4.152455 1.6430712 1.682511 -4.5720353 1.9208394 24.071297 -1.5419414043426514 0.9468294978141785
Car 0.0 0 1.7065961360931396 495.46868896484375 182.69639587402344 533.0615844726562 212.68576049804688 3.4953415 1.4532971 1.497701 -5.015388 1.9940598 37.86315 1.574901819229126 0.8908286094665527
Car 0.0 0 -1.6617878675460815 645.1027221679688 177.89332580566406 684.662109375 210.59127807617188 3.4927685 1.4596903 1.5654954 2.5389009 1.7133827 34.51018 -1.588350534439087 0.8613475561141968
Car 0.0 0 1.4853901863098145 567.0634155273438 175.7055206298828 587.9581298828125 192.85397338867188 3.9884522 1.538556 1.6138334 -3.0855997 1.8139483 67.50866 1.4397152662277222 0.26848649978637695
