Cyclist 0.0 0 -3.533073663711548 925.521728515625 178.98431396484375 1057.70458984375 276.60040283203125 1.8710496 1.6380504 0.84432787 6.605271 1.7503743 12.671972 -3.0525705814361572 0.16893541812896729
Cyclist 0.0 0 1.8519575595855713 328.0773620605469 181.78761291503906 344.673095703125 210.1558837890625 1.4865181 1.6860527 0.5600702 -16.758858 2.242241 44.12611 1.488990068435669 0.14712171256542206
Cyclist 0.0 0 1.3336046934127808 805.9869995117188 141.61270141601562 849.8325805664062 225.55335998535156 1.4539932 1.5848647 0.50097257 4.263935 0.99536264 14.359363 1.6222560405731201 0.1416950821876526
Cyclist 0.0 0 -3.4104156494140625 912.0426025390625 210.8806610107422 1034.514404296875 310.8501892089844 1.9048103 1.7343165 0.79994255 6.710992 2.477916 13.525758 -2.9498417377471924 0.12595131993293762
Cyclist 0.0 0 0.8727545738220215 884.5227661132812 151.4591827392578 964.4945068359375 251.7470245361328 1.3358881 1.6267905 0.5204558 5.3296533 1.2800984 12.416085 1.2782227993011475 0.11226436495780945
Car 0.0 0 1.7811415195465088 439.7106628417969 180.22833251953125 487.040283203125 209.7173614501953 4.1475496 1.442184 1.638875 -7.7742505 1.8563985 38.40846 1.5814298391342163 0.8840110301971436
Car 0.0 0 0.6645864844322205 82.84766387939453 189.26722717285156 181.49844360351562 218.85000610351562 4.4383597 1.5235164 1.5806553 -25.949867 2.4373884 39.19144 0.07973051071166992 0.14633947610855103
Car 0.0 0 1.8053237199783325 446.32720947265625 172.86737060546875 472.89508056640625 189.80108642578125 3.8944871 1.4882332 1.4943203 -13.612432 1.4898396 65.38161 1.6000564098358154 0.1384451538324356
Car 0.0 0 1.5251450538635254 526.9960327148438 181.24050903320312 545.8462524414062 198.26776123046875 3.8407059 1.4673982 1.5417098 -6.7912154 2.2603405 66.17479 1.4228776693344116 0.13495220243930817
Car 0.0 0 2.29321026802063 0.0 203.77755737304688 107.8008041381836 245.03038024902344 3.376137 1.458716 1.7438087 -22.945282 2.8139265 29.867033 1.6381324529647827 0.12455233931541443
Car 0.0 0 -1.5810664892196655 459.5565490722656 170.25433349609375 482.5543518066406 192.50831604003906 4.335672 1.6871784 1.7178036 -11.0242195 1.4904424 56.99621 -1.772127389907837 0.11681290715932846
Car 0.0 0 -2.1571264266967773 855.0971069335938 222.39724731445312 1242.0 375.0 3.9914148 1.477486 1.6324291 2.7551467 1.889113 3.975492 -1.5510915517807007 0.11150309443473816
Car 0.0 0 -0.5931249856948853 704.0545654296875 157.01019287109375 875.7677612304688 232.50839233398438 3.256876 1.4622006 1.461278 3.7304547 1.1557058 15.219789 -0.35275810956954956 0.10226123780012131
