Pedestrian 0.0 0 1.1498632431030273 796.9755249023438 173.48446655273438 838.1484375 239.3447265625 1.0580788 1.7765845 0.7283638 5.7067275 1.7949653 20.047516 1.4271879196166992 0.7726700305938721
Pedestrian 0.0 0 1.119131326675415 893.9229125976562 172.6531982421875 937.1539306640625 231.82896423339844 1.4710405 1.652418 0.56368834 8.780622 1.6471689 20.895021 1.516951084136963 0.18711917102336884
Pedestrian 0.0 0 1.3164870738983154 794.74267578125 167.10723876953125 813.5618286132812 207.072021484375 0.7956997 1.7581084 0.6282861 8.603265 1.5056585 32.13885 1.578045129776001 0.1851983368396759
Pedestrian 0.0 0 -0.2928212881088257 677.201416015625 172.3981475830078 691.3119506835938 199.61595153808594 0.7681235 1.8125525 0.71688503 4.9558296 1.7825524 48.472424 -0.1909351348876953 0.17332898080348969
Pedestrian 0.0 0 -1.785496711730957 745.169189453125 162.98313903808594 759.6766967773438 191.754150390625 0.49053827 1.718454 0.7676912 8.520937 1.1292382 43.346867 -1.5913959741592407 0.1394401341676712
Pedestrian 0.0 0 -3.071668863296509 1230.0216064453125 176.17652893066406 1242.0 205.69993591308594 0.6834651 1.7230008 0.7735939 37.181324 1.922542 42.737656 -2.3556835651397705 0.13291944563388824
Pedestrian 0.0 0 -1.9015456438064575 723.8091430664062 171.1585235595703 740.1727294921875 203.09466552734375 0.82702565 1.7097383 0.6391459 6.5687227 1.6193271 39.085804 -1.7350425720214844 0.13061676919460297
Cyclist 0.0 0 1.2668492794036865 895.7562255859375 167.78765869140625 932.962890625 228.0388641357422 1.4727924 1.6886318 0.578506 8.784089 1.546998 20.979433 1.6633716821670532 0.16605891287326813
Car 0.0 0 2.250264883041382 0.0 183.3857879638672 52.80990219116211 270.9578857421875 4.251112 1.5279353 1.656082 -14.217411 1.7832781 15.288364 1.5011471509933472 0.47354578971862793
Car 0.0 0 0.8239234089851379 1170.8341064453125 192.85589599609375 1242.0 220.1791229248047 4.2236886 1.5218276 1.8208624 37.956364 2.8432724 45.497456 1.5192039012908936 0.4106007516384125
Car 0.0 0 -3.6834359169006348 1131.790283203125 189.29112243652344 1196.745361328125 212.96923828125 3.1554787 1.5909963 1.825612 39.15374 2.7794654 51.06783 -3.029331684112549 0.13821305334568024
Car 0.0 0 -3.6173133850097656 1042.9725341796875 192.23606872558594 1139.539306640625 222.6915740966797 4.1046286 1.569551 1.6507292 26.2834 2.6608284 39.56199 -3.030909538269043 0.1292085200548172
