Pedestrian 0.0 0 1.773611307144165 153.013671875 171.52378845214844 183.11817932128906 228.50775146484375 0.9953539 1.7222407 0.61355186 -13.457992 1.421848 22.279367 1.2302145957946777 0.8283116817474365
Pedestrian 0.0 0 0.8013232350349426 946.0557861328125 167.9658203125 1091.8155517578125 374.0 0.7483782 1.6607386 0.63435847 3.1597884 1.5654297 5.5721955 1.3171725273132324 0.5230352878570557
Pedestrian 0.0 0 -1.2594507932662964 753.0731811523438 158.32757568359375 772.5140380859375 202.11749267578125 0.5343171 1.9867617 0.74394524 7.40385 0.93635815 33.00739 -1.0387942790985107 0.46002817153930664
Pedestrian 0.0 0 1.6534099578857422 179.8701629638672 156.61036682128906 209.7344207763672 224.4159393310547 0.60794353 1.9948969 0.7340054 -12.2262945 1.2637538 21.561357 1.137573480606079 0.3078159987926483
Pedestrian 0.0 0 1.7388155460357666 707.3868408203125 161.9412078857422 730.243896484375 210.6650848388672 0.6089544 1.8192261 0.76488435 4.432478 1.0899845 27.230005 1.900179386138916 0.30764293670654297
Pedestrian 0.0 0 1.74341881275177 580.1887817382812 130.57601928710938 613.1810913085938 216.42193603515625 0.69866765 1.7778015 0.5921157 -0.13170026 0.7244426 15.266521 1.7347922325134277 0.22257134318351746
Pedestrian 0.0 0 -1.1956605911254883 784.3532104492188 142.89755249023438 803.7110595703125 184.3131103515625 0.6515507 1.9378121 0.69704187 9.127902 0.13254215 34.077076 -0.9339439868927002 0.22044634819030762
Pedestrian 0.0 0 -3.1963300704956055 961.8128662109375 162.8843994140625 976.460693359375 198.78041076660156 0.55242175 1.6046917 0.6888679 16.63948 0.7734456 32.53666 -2.7235984802246094 0.204486683011055
Pedestrian 0.0 0 -1.5054740905761719 834.9940795898438 159.55343627929688 850.9729614257812 197.75575256347656 0.8721069 1.8111148 0.6746205 11.623828 0.77157235 34.58407 -1.1812324523925781 0.19364666938781738
Pedestrian 0.0 0 -1.8111311197280884 656.0897216796875 157.99073791503906 672.4744262695312 194.0973358154297 0.63010114 1.8249699 0.70264804 3.199159 0.63759214 36.669857 -1.7241092920303345 0.1786351054906845
Pedestrian 0.0 0 -1.134821891784668 1127.934814453125 150.48617553710938 1162.428466796875 205.48321533203125 0.7528126 1.7156893 0.6148291 17.273039 0.74929035 22.854532 -0.48763078451156616 0.1367892324924469
Pedestrian 0.0 0 2.435852527618408 1112.01708984375 129.00845336914062 1238.0 326.967529296875 0.95985496 1.8330166 0.5321621 5.5444636 1.3483438 6.929657 3.1106584072113037 0.13098174333572388
Cyclist 0.0 0 1.5314602851867676 972.8594360351562 145.22157287597656 1078.92919921875 374.0 1.504579 1.7802105 0.60787475 3.1067448 1.5474259 5.4422717 2.05017352104187 0.2746754586696625
Cyclist 0.0 0 2.9062113761901855 709.1111450195312 158.78631591796875 759.72802734375 207.38076782226562 1.7301984 1.7737441 0.6860582 4.8945704 0.9457172 26.606062 3.088141679763794 0.14932996034622192
Car 0.0 0 -0.9578089118003845 984.02685546875 183.5988311767578 1213.83251953125 280.4950256347656 3.4601264 1.4734356 1.5279369 8.457096 1.5144778 12.295495 -0.3553038239479065 0.8807339668273926
