Pedestrian 0.0 0 1.6256029605865479 0.0 157.4202117919922 99.92793273925781 374.0 0.89863485 1.7166605 0.6319161 -4.2482815 1.5535202 5.455321 0.9639599323272705 0.8599072694778442
Pedestrian 0.0 0 0.9793314933776855 621.1959228515625 154.61886596679688 667.854248046875 237.0082550048828 0.92546463 1.8023386 0.64760554 0.9327665 1.2155133 16.27471 1.0365827083587646 0.769865870475769
Pedestrian 0.0 0 3.1112165451049805 471.84185791015625 165.07064819335938 497.0665283203125 215.06661987304688 0.8977014 1.8134167 0.57321566 -4.327578 1.2185508 26.419582 2.9488565921783447 0.5983012914657593
Pedestrian 0.0 0 -1.4083070755004883 421.8147277832031 163.0907745361328 435.9385681152344 196.9017333984375 0.7511953 1.9551075 0.69039124 -10.0689535 0.8913842 41.934708 -1.6439563035964966 0.46787595748901367
Pedestrian 0.0 0 3.0498244762420654 498.30816650390625 163.7174072265625 536.710205078125 230.77151489257812 1.0107435 1.8301302 0.58980805 -2.372157 1.3459408 19.99685 2.9317498207092285 0.4544140100479126
Pedestrian 0.0 0 -1.6441657543182373 569.3135375976562 193.00051879882812 624.5269165039062 305.9931640625 0.74071556 1.5542985 0.7394398 -0.122784756 1.7279307 10.360542 -1.6560163497924805 0.4403088688850403
Pedestrian 0.0 0 -1.5294970273971558 329.65020751953125 163.97784423828125 349.7065124511719 219.3243865966797 0.65966934 1.7854973 0.5933978 -8.611516 1.2213229 23.575533 -1.8797131776809692 0.41393956542015076
Pedestrian 0.0 0 1.4627608060836792 553.3622436523438 160.54322814941406 593.8569946289062 254.8037872314453 0.6949875 1.7110909 0.6827451 -0.56884754 1.3319354 13.43187 1.4204355478286743 0.28740260004997253
Pedestrian 0.0 0 0.4506746828556061 50.944007873535156 176.30224609375 129.3289031982422 322.5960998535156 0.58100075 1.7567387 0.63755417 -6.4252925 1.6956655 8.986695 -0.1700333058834076 0.20504985749721527
Pedestrian 0.0 0 -2.2422549724578857 0.0 168.56903076171875 119.95738220214844 351.96343994140625 0.7989708 1.7472973 0.61494577 -5.4986987 1.6254702 7.2379894 -2.891935110092163 0.18150009214878082
Cyclist 0.0 0 1.7764556407928467 301.94378662109375 155.58944702148438 382.34417724609375 312.7110290527344 1.7316607 1.7540958 0.60001934 -3.2157786 1.4661852 8.916142 1.4303077459335327 0.9403621554374695
Car 0.0 0 1.9114549160003662 62.04347229003906 183.70535278320312 328.96337890625 336.7276611328125 4.1817203 1.508504 1.6202725 -4.912278 1.5451505 9.326953 1.4266953468322754 0.9609051942825317
