Pedestrian 0.0 0 0.9612166285514832 1160.609619140625 139.96726989746094 1232.6024169921875 241.59864807128906 0.8690767 1.7301639 0.5938166 10.280812 1.1706609 12.734784 1.6403939723968506 0.702707827091217
Pedestrian 0.0 0 0.5332170724868774 537.8828735351562 180.00953674316406 563.1235961914062 227.4359130859375 0.69361436 1.6417499 0.5753211 -2.1459408 1.899163 25.507967 0.44928646087646484 0.27235451340675354
Pedestrian 0.0 0 0.5698662400245667 83.76866912841797 170.77944946289062 131.57701110839844 252.10752868652344 0.5751021 1.7154833 0.6730366 -10.876703 1.672082 15.564681 -0.04005841165781021 0.12330295890569687
Pedestrian 0.0 0 1.3472545146942139 670.0936279296875 168.81312561035156 698.4681396484375 220.18017578125 1.3627739 1.7072718 0.6774904 2.4855142 1.5733243 24.696651 1.4475585222244263 0.10050123929977417
Cyclist 0.0 0 -0.055883102118968964 658.9450073242188 167.18612670898438 710.3447875976562 215.84124755859375 1.7152846 1.6423358 0.68722713 2.5007663 1.451377 24.734243 0.044879913330078125 0.21570275723934174
Car 0.0 0 0.30328840017318726 1015.747802734375 159.0173797607422 1083.6866455078125 179.41818237304688 4.204631 1.5272489 1.6779158 34.144188 0.49176595 56.146015 0.8496658802032471 0.3905973732471466
Car 0.0 0 1.5905340909957886 692.8386840820312 172.6980743408203 720.5279541015625 199.5707550048828 4.212063 1.5718627 1.6081797 5.955482 1.5630997 44.406143 1.723852515220642 0.21568650007247925
Car 0.0 0 -3.7740554809570312 1141.4801025390625 163.34579467773438 1242.0 198.73097229003906 3.5834305 1.5045319 1.6286563 25.635761 1.1006131 31.57798 -3.092146158218384 0.16619491577148438
Car 0.0 0 -2.87007212638855 562.2057495117188 171.7666015625 686.5287475585938 216.5146026611328 4.0545616 1.4797692 1.6435909 0.4757344 1.4441679 25.225567 -2.851215124130249 0.15293912589550018
Car 0.0 0 2.125351667404175 0.0 161.330322265625 47.31775665283203 188.7598114013672 3.6595912 1.6960984 1.6407969 -38.390217 0.983891 46.53713 1.4355888366699219 0.1512426733970642
