Pedestrian 0.0 0 -2.84128999710083 592.2694702148438 160.88372802734375 625.764404296875 224.10411071777344 0.75873417 1.6702486 0.6078291 -0.070308276 1.3543583 19.461441 -2.844902753829956 0.603850781917572
Pedestrian 0.0 0 -1.5482279062271118 682.4974975585938 163.59567260742188 697.6279296875 208.570068359375 0.75246185 1.7101717 0.5649724 3.0506027 1.3584776 27.844112 -1.439103126525879 0.1628541499376297
Pedestrian 0.0 0 2.015998125076294 190.01577758789062 171.9082489013672 267.814697265625 288.5710144042969 1.2218748 1.7031188 0.5976721 -5.911811 1.68967 11.153727 1.528615951538086 0.12415457516908646
Pedestrian 0.0 0 -0.3525109887123108 854.3355712890625 135.1347198486328 968.1671142578125 301.127197265625 1.0153133 1.7983117 0.6783996 3.329522 1.3900304 8.170651 0.03444218635559082 0.10359251499176025
Cyclist 0.0 0 1.9931385517120361 184.4724884033203 172.5923309326172 263.691650390625 291.1684875488281 1.2721889 1.6964581 0.5956486 -5.889 1.6930721 10.975625 1.5006781816482544 0.1222323402762413
Car 0.0 0 -1.6210103034973145 621.0059814453125 163.59861755371094 688.0048217773438 223.38116455078125 3.657067 1.4634805 1.5988348 1.0695004 1.2372663 19.492731 -1.5661985874176025 0.9299612045288086
Car 0.0 0 2.2748026847839355 0.0 205.6285858154297 247.38864135742188 375.0 3.8641078 1.4683261 1.583021 -3.7214096 1.737595 3.946782 1.5187865495681763 0.7664251923561096
Car 0.0 0 1.678415298461914 611.7586669921875 159.29058837890625 650.4047241210938 191.47216796875 3.9225955 1.5712291 1.5847293 1.1012706 0.9093687 37.27672 1.7079498767852783 0.3009311556816101
Car 0.0 0 0.7308117747306824 1101.8924560546875 188.4216766357422 1242.0 375.0 3.975202 1.4737891 1.5825224 6.5584908 1.6570913 6.4541593 1.524227499961853 0.14132943749427795
Car 0.0 0 -2.531212091445923 434.46112060546875 167.5391845703125 513.0512084960938 198.7457733154297 3.690703 1.5333145 1.621663 -7.015074 1.272533 36.94606 -2.7188518047332764 0.10340502113103867
Car 0.0 0 -1.4792547225952148 444.09893798828125 159.79391479492188 514.58154296875 215.46408081054688 4.03018 1.4772953 1.6718067 -3.7890637 1.1310836 21.223263 -1.6559268236160278 0.10333213955163956
