Pedestrian 0.0 0 -1.4079082012176514 158.0809326171875 152.77279663085938 181.11917114257812 196.27255249023438 0.82935613 1.9396052 0.76796836 -19.991081 1.0445648 32.69852 -1.9566502571105957 0.41511380672454834
Car 0.0 0 -1.8818517923355103 721.1604614257812 175.1754608154297 905.33544921875 298.6122131347656 3.4295037 1.4953979 1.5542649 2.7102573 1.5354056 10.56278 -1.6306846141815186 0.9716325402259827
Car 0.0 0 -1.6931078433990479 663.5820922851562 178.77931213378906 722.4692993164062 225.34779357910156 3.4023921 1.4327277 1.5536046 2.6873026 1.6470555 24.342104 -1.5831557512283325 0.9654164910316467
Car 0.0 0 0.6351808905601501 0.0 179.11590576171875 335.1630554199219 312.22808837890625 3.9773397 1.5267739 1.6697363 -5.917737 1.6166279 9.337134 0.07028913497924805 0.9373489022254944
Car 0.0 0 3.5537092685699463 151.0078887939453 150.3232421875 368.9330749511719 235.24986267089844 3.5248227 1.5810002 1.6529655 -6.863803 1.1619238 14.316979 3.106663227081299 0.9249576330184937
Car 0.0 0 -0.16792036592960358 715.3126831054688 174.50526428222656 822.8402709960938 217.11203002929688 4.057393 1.6815184 1.7278864 6.3920255 1.7515868 29.502707 0.0454409122467041 0.9230579137802124
Car 0.0 0 0.5533208250999451 80.98645782470703 175.56570434570312 375.8421325683594 272.79779052734375 4.10577 1.4787546 1.5869073 -6.248605 1.5276082 11.962098 0.07194018363952637 0.8864741921424866
Car 0.0 0 0.285100519657135 297.47808837890625 179.3735809326172 466.5007629394531 235.43492126464844 4.124293 1.4511193 1.5652246 -6.173441 1.6367993 19.686096 -0.018780682235956192 0.8602961301803589
Car 0.0 0 3.430864095687866 201.7244873046875 177.67237854003906 397.4303283691406 246.01629638671875 3.8848653 1.4805207 1.6128476 -7.136445 1.5998359 16.79114 3.0289828777313232 0.49616557359695435
Car 0.0 0 -2.4374964237213135 0.0 0.0 1242.0 375.0 3.7651036 1.4782763 1.6251849 2.4404614 1.8503245 1.751379 -1.4891687631607056 0.48201361298561096
Car 0.0 0 0.27085041999816895 346.86273193359375 173.87005615234375 491.30963134765625 230.97303771972656 3.9562442 1.6713806 1.6778799 -5.79035 1.7039601 22.01301 0.013634920120239258 0.4339689612388611
Car 0.0 0 3.9226577281951904 0.0 177.13543701171875 123.77943420410156 375.0 4.1436067 1.59848 1.6899872 -5.7259574 1.6316618 4.41739 3.008960723876953 0.4161294400691986
