Pedestrian 0.0 0 -3.76416277885437 1199.3692626953125 159.5066375732422 1242.0 269.496826171875 0.6045774 1.6557001 0.54214746 9.580688 1.4551377 11.155006 -3.054542303085327 0.5808241963386536
Pedestrian 0.0 0 2.2262537479400635 859.119873046875 159.00570678710938 891.7350463867188 217.71502685546875 0.7346181 1.7226996 0.5925159 7.9049206 1.3167094 21.616077 2.576843023300171 0.5731459259986877
Cyclist 0.0 0 2.5790815353393555 856.2251586914062 158.04031372070312 897.6431884765625 217.65292358398438 1.0111849 1.7534534 0.5775243 7.9434214 1.3180796 21.608578 2.9313533306121826 0.14807775616645813
Car 0.0 0 1.8031647205352783 408.60614013671875 180.2625732421875 462.542724609375 215.9478302001953 4.092359 1.596717 1.6574684 -8.467445 1.9793882 35.182293 1.5669829845428467 0.8812850713729858
Car 0.0 0 1.8709027767181396 345.167724609375 185.87513732910156 404.3416748046875 217.7996368408203 4.092549 1.4490678 1.7101033 -11.849384 2.1450362 36.484966 1.5568748712539673 0.8337307572364807
Car 0.0 0 -1.5192091464996338 596.6482543945312 174.0702362060547 625.84765625 199.47386169433594 3.9079344 1.526401 1.645398 0.08532226 1.6068858 45.537704 -1.5173355340957642 0.8043720126152039
Car 0.0 0 1.849076747894287 334.3072814941406 178.99485778808594 428.895263671875 234.36712646484375 4.0535665 1.4327152 1.5825614 -6.6136317 1.6306446 21.165827 1.5462214946746826 0.43018069863319397
Car 0.0 0 1.83095383644104 487.25775146484375 176.67141723632812 518.3489990234375 195.9778594970703 3.8099613 1.5018132 1.5848392 -8.7345915 1.8242422 58.890377 1.6837078332901 0.350348562002182
Car 0.0 0 1.789512038230896 409.8465270996094 169.64051818847656 474.2784729003906 210.70057678222656 4.1566544 1.5090477 1.6207498 -6.606639 1.3913032 28.600334 1.5624953508377075 0.30752578377723694
Car 0.0 0 -0.882766604423523 0.0 191.58502197265625 100.37519836425781 255.3345489501953 3.8710785 1.4249848 1.5602237 -15.757879 1.9740951 19.199593 -1.5700267553329468 0.2633216977119446
