Car 0.0 0 -1.1862727403640747 218.81475830078125 190.03465270996094 421.17144775390625 306.62359619140625 3.4807496 1.4327246 1.5770923 -4.1056247 1.5175782 10.730211 -1.5517096519470215 0.9787687659263611
Car 0.0 0 -1.3767467737197876 435.35107421875 185.50265502929688 510.77301025390625 234.0286102294922 3.5868115 1.3862926 1.6407641 -4.1384625 1.3970693 22.35618 -1.5597896575927734 0.9754123687744141
Car 0.0 0 -1.1010977029800415 178.1642303466797 160.59402465820312 328.4035949707031 242.85272216796875 3.9022326 1.7449293 1.6189598 -8.332941 1.2237681 17.21109 -1.5519940853118896 0.9262789487838745
Car 0.0 0 -1.6377158164978027 592.4122314453125 180.44857788085938 633.5706176757812 214.98023986816406 3.5661595 1.494731 1.640088 0.15633845 1.289514 32.94308 -1.6329700946807861 0.9256989359855652
Car 0.0 0 -1.455111026763916 489.4456787109375 182.78712463378906 537.8427124023438 219.14767456054688 3.8874953 1.4169723 1.5617994 -3.8940542 1.3234624 29.964228 -1.5843435525894165 0.9030762910842896
Car 0.0 0 -2.326022148132324 934.1445922851562 185.5861358642578 1241.0 376.0 3.860088 1.5030274 1.6168245 3.2145462 1.5069431 3.4638162 -1.5779317617416382 0.8626611828804016
Car 0.0 0 -0.9461498260498047 0.0 187.65533447265625 188.42123413085938 310.5339660644531 4.1142554 1.4472502 1.6206187 -8.208951 1.4915326 10.628283 -1.6038137674331665 0.8275182843208313
Car 0.0 0 -1.367625117301941 412.7744445800781 180.1888427734375 465.0326843261719 213.19277954101562 3.985627 1.4494237 1.6046498 -7.8487997 1.2297925 33.579334 -1.597241759300232 0.7852428555488586
Car 0.0 0 -1.6489818096160889 637.2410888671875 178.65786743164062 664.1511840820312 201.37986755371094 3.4439428 1.4641248 1.5250859 2.816412 1.0426929 48.05336 -1.590438723564148 0.7381975054740906
Car 0.0 0 -1.4834893941879272 584.5648803710938 181.19505310058594 617.2123413085938 207.77987670898438 3.662572 1.466856 1.5753268 -0.384267 1.2461429 41.547283 -1.4927380084991455 0.5641375780105591
