Pedestrian 0.0 0 0.5154787302017212 385.3352355957031 150.27542114257812 463.5760192871094 273.9813537597656 0.9527125 1.8499318 0.7231622 -2.85427 1.399607 11.041233 0.26250672340393066 0.9136126041412354
Pedestrian 0.0 0 0.765534520149231 643.1400146484375 151.3765869140625 717.369140625 254.34451293945312 1.036002 1.829181 0.91793394 1.3620881 1.3134588 13.247356 0.8679940700531006 0.7888689637184143
Pedestrian 0.0 0 2.176373243331909 0.0 192.28256225585938 50.16740798950195 277.17816162109375 0.8252105 1.581278 0.56219834 -11.39888 1.8189023 13.721099 1.4831582307815552 0.6320524215698242
Pedestrian 0.0 0 -2.273587465286255 114.68733215332031 169.58091735839844 166.34375 253.76551818847656 0.67061275 1.6107572 0.5429924 -9.156679 1.4034693 13.878204 -2.8568131923675537 0.46403688192367554
Pedestrian 0.0 0 -1.2389354705810547 156.31365966796875 153.62803649902344 176.79074096679688 189.64871215820312 0.79773587 1.9094926 0.7142271 -23.537193 0.48639256 37.944485 -1.7941522598266602 0.44967949390411377
Pedestrian 0.0 0 -2.9256627559661865 785.1333618164062 151.74331665039062 798.3223876953125 181.70114135742188 0.7172342 1.9277424 0.59727997 12.129231 0.0786273 45.92203 -2.667433261871338 0.4479578733444214
Pedestrian 0.0 0 1.0556104183197021 91.58661651611328 180.62228393554688 138.9781494140625 262.6268615722656 0.6649488 1.676302 0.56359076 -10.324516 1.6805573 14.847337 0.44799304008483887 0.39931726455688477
Cyclist 0.0 0 -1.5142910480499268 942.9552001953125 146.89602661132812 965.3098754882812 208.0530242919922 1.8746473 1.7839323 0.5092275 10.627371 0.80528104 21.560738 -1.0563364028930664 0.7592200040817261
Cyclist 0.0 0 0.03575518727302551 323.8320007324219 157.92010498046875 425.98492431640625 255.56387329101562 1.7141268 1.6887023 0.6187824 -4.1691136 1.2998397 12.757372 -0.2801041901111603 0.7584020495414734
Cyclist 0.0 0 -0.6206989288330078 1019.7154541015625 147.6427764892578 1078.0882568359375 197.14051818847656 1.7861832 1.7759296 0.5936456 16.109924 0.59856784 25.713976 -0.06101841479539871 0.638805091381073
Car 0.0 0 -1.1017823219299316 3.6700894832611084 188.00924682617188 404.0770568847656 370.0 3.713222 1.4421185 1.5524083 -3.2152846 1.5326148 6.49379 -1.5615280866622925 0.9728029370307922
Car 0.0 0 1.709343433380127 454.9774475097656 168.61257934570312 489.5425720214844 193.84268188476562 4.140905 1.6063119 1.7099354 -8.794478 0.85082126 47.117905 1.5248183012008667 0.7972637414932251
Car 0.0 0 -0.7314486503601074 1145.857666015625 153.9759979248047 1224.0 202.4634552001953 3.7830627 1.4658402 1.572584 19.424028 0.66554433 22.179342 -0.01218203455209732 0.5996527075767517
