Car 0.0 0 -0.48297813534736633 837.8907470703125 192.7317657470703 1045.546142578125 268.0541687011719 3.568869 1.4105167 1.5732414 6.6905775 1.8452756 14.872827 -0.06024690717458725 0.9642446041107178
Car 0.0 0 3.6729109287261963 0.0 185.04103088378906 317.1490173339844 302.9338073730469 3.9784667 1.3917145 1.5505366 -6.2382727 1.5682696 9.561682 3.0948333740234375 0.962091863155365
Car 0.0 0 -3.772016763687134 966.5563354492188 193.09780883789062 1242.0 373.2979736328125 4.259878 1.5110203 1.6887845 6.087424 1.7426971 7.255585 -3.073944568634033 0.9577724933624268
Car 0.0 0 -0.2537058889865875 710.3201904296875 183.5263214111328 829.8425903320312 230.39332580566406 4.038164 1.6571386 1.7394384 5.8575444 2.0692894 26.889675 -0.03922043740749359 0.9278481006622314
Car 0.0 0 3.589205265045166 93.44977569580078 186.42433166503906 389.4022216796875 281.42791748046875 4.159216 1.4558002 1.5648032 -6.0697966 1.699268 12.105486 3.1244313716888428 0.9247259497642517
Car 0.0 0 -0.42162466049194336 802.5003051757812 183.9923553466797 982.0873413085938 252.28675842285156 3.6445572 1.5154667 1.6272482 6.600374 1.795795 17.219965 -0.0555991530418396 0.9129526615142822
Car 0.0 0 3.3699305057525635 324.2616271972656 174.1961669921875 473.41436767578125 228.7556610107422 4.0218496 1.5609646 1.6373866 -6.276813 1.6032547 21.61291 3.0872859954833984 0.8699918985366821
Car 0.0 0 -1.5564630031585693 644.547119140625 183.0174560546875 674.52734375 210.26742553710938 3.529021 1.4300354 1.6289368 2.8060553 2.034371 41.04997 -1.4882121086120605 0.825263261795044
Car 0.0 0 0.3932135999202728 258.3323059082031 179.50050354003906 457.30450439453125 253.88226318359375 4.0235033 1.6080775 1.6602478 -5.7945127 1.7711595 16.714104 0.05949592590332031 0.8122648000717163
Car 0.0 0 0.5394210815429688 303.8899841308594 181.23875427246094 468.2023620605469 240.96572875976562 3.939186 1.4564779 1.5221299 -5.9563336 1.6931958 19.133553 0.2376270294189453 0.7383978962898254
Car 0.0 0 3.512587308883667 193.05560302734375 177.7920684814453 397.8489685058594 260.3904113769531 3.4751387 1.5613028 1.5144418 -6.280473 1.6668955 14.553992 3.1051993370056152 0.7217971682548523
Car 0.0 0 0.1606035679578781 433.78826904296875 180.95294189453125 526.6715087890625 213.67465209960938 4.2191644 1.526476 1.642018 -6.267495 1.9286397 34.937714 -0.016898974776268005 0.7180425524711609
Car 0.0 0 -2.910738229751587 384.8609924316406 181.2234344482422 499.64910888671875 222.17147827148438 3.8669696 1.4490521 1.620971 -6.183082 1.7683984 26.681046 -3.1384592056274414 0.6790431141853333
