Car 0.0 0 -2.3247921466827393 721.6369018554688 175.48876953125 809.18408203125 214.5025634765625 3.3858685 1.4781328 1.6047944 6.2392893 1.5928446 29.449785 -2.1160173416137695 0.9572272300720215
Car 0.0 0 -2.4552712440490723 0.0 180.08065795898438 245.60325622558594 333.94415283203125 3.7522306 1.6086311 1.6575425 -6.636907 1.7028276 8.494627 -3.118509292602539 0.9473705291748047
Car 0.0 0 -2.8097989559173584 297.15435791015625 174.37832641601562 437.9743957519531 227.4339599609375 3.4991198 1.4579291 1.5940558 -6.9215946 1.5037062 20.68377 -3.1327240467071533 0.9263151288032532
Car 0.0 0 0.5380407571792603 43.462181091308594 183.19943237304688 386.31610107421875 287.29803466796875 4.4262476 1.43788 1.5592649 -5.9249988 1.6087973 11.015436 0.04454922676086426 0.9076632857322693
Car 0.0 0 -1.7896296977996826 624.4263305664062 174.7596435546875 662.424560546875 201.91827392578125 3.171837 1.4954103 1.5331762 1.8579754 1.610278 41.65929 -1.7450599670410156 0.8951513171195984
Car 0.0 0 -2.2198715209960938 855.339599609375 145.10377502441406 1242.0 375.0 3.9024422 1.4986814 1.6104672 2.930416 1.4120492 4.244433 -1.6156080961227417 0.8847974538803101
Car 0.0 0 -2.6185402870178223 119.8463363647461 185.3896484375 374.91107177734375 265.1802673339844 4.113519 1.3830597 1.5116638 -6.80657 1.6360612 13.659768 -3.0808215141296387 0.8022359013557434
Car 0.0 0 -2.938535690307617 426.2742004394531 173.68392944335938 515.9166259765625 203.9805908203125 4.3391128 1.5412568 1.693134 -7.2301545 1.5859036 37.62656 -3.1283771991729736 0.6152299046516418
Car 0.0 0 0.28336766362190247 323.1068115234375 181.7234649658203 457.7333984375 231.42198181152344 3.7440805 1.48527 1.6376078 -6.87643 1.7750037 22.699224 -0.010781250894069672 0.5849512815475464
Car 0.0 0 3.9414288997650146 0.0 176.39752197265625 83.04297637939453 375.0 3.842929 1.5670068 1.6542009 -6.984464 1.6014098 5.9839735 3.0790350437164307 0.559570848941803
