Pedestrian 0.0 0 1.932629108428955 1112.0933837890625 139.31336975097656 1147.6116943359375 206.3121795654297 0.61186427 1.7101669 0.5729327 13.513229 0.85438913 18.822636 2.555283784866333 0.18231847882270813
Pedestrian 0.0 0 -1.1371080875396729 257.91741943359375 181.19078063964844 356.36126708984375 355.433837890625 0.7203467 1.7795161 0.7463359 -3.295616 1.8740282 7.774007 -1.5380700826644897 0.17440904676914215
Pedestrian 0.0 0 2.3876423835754395 0.0 80.01347351074219 141.4796142578125 375.0 0.7328425 1.8922929 0.7060972 -3.4169319 1.3995827 4.240975 1.709438681602478 0.16683872044086456
Pedestrian 0.0 0 -1.7766246795654297 906.8101806640625 159.07537841796875 925.3554077148438 199.01539611816406 0.564015 1.7990553 0.67524207 13.88802 1.1787702 32.840034 -1.3765348196029663 0.15963676571846008
Pedestrian 0.0 0 2.3973371982574463 670.4876098632812 164.87623596191406 690.4005126953125 204.53689575195312 0.6525709 1.8666525 0.68719435 3.3215835 1.4915324 34.42775 2.4935193061828613 0.14937038719654083
Car 0.0 0 -1.7600560188293457 855.0467529296875 183.818115234375 961.4443969726562 253.69927978515625 4.4715304 1.4394255 1.5868313 7.1955256 1.7481128 17.941965 -1.3786495923995972 0.9809631109237671
Car 0.0 0 -2.3760392665863037 213.1254119873047 169.05191040039062 479.6810302734375 291.8071594238281 3.4524465 1.5286413 1.6174319 -3.8496265 1.4816526 10.414023 -2.7301182746887207 0.8824462294578552
Car 0.0 0 -1.6717772483825684 813.7040405273438 173.2621612548828 861.1788940429688 214.33786010742188 4.0092416 1.8143457 1.7278436 10.623905 1.8351746 34.047565 -1.3693194389343262 0.6489471197128296
Car 0.0 0 -2.880384922027588 603.114501953125 170.59335327148438 685.660888671875 205.110107421875 3.7532241 1.6306784 1.6445475 1.663113 1.5242367 35.437584 -2.8334884643554688 0.37949085235595703
Car 0.0 0 -2.7802600860595703 625.6246948242188 172.67465209960938 680.1857299804688 193.51194763183594 3.7906573 1.5322474 1.6220856 3.2172415 1.5194166 54.568405 -2.721370220184326 0.18784594535827637
