Pedestrian 0.0 0 -0.637906551361084 821.3396606445312 173.0110626220703 917.249267578125 321.94482421875 0.811663 1.6128125 0.62535435 2.9951901 1.5222428 8.19115 -0.2873479127883911 0.8322039842605591
Pedestrian 0.0 0 0.3506035804748535 373.74530029296875 184.86865234375 505.54034423828125 374.0 0.94263554 1.6210225 0.6046368 -1.4017948 1.6526718 6.0935535 0.12449193000793457 0.789415717124939
Pedestrian 0.0 0 2.1229851245880127 1141.831787109375 168.42477416992188 1238.0 374.0 0.7881364 1.7268562 0.56784624 5.2164893 1.6218327 6.237687 2.8194632530212402 0.18684756755828857
Pedestrian 0.0 0 -1.196994662284851 1049.4290771484375 193.29641723632812 1238.0 374.0 0.5485572 1.7212225 0.65369976 2.1414783 1.7744917 2.732902 -0.5323393940925598 0.14092984795570374
Pedestrian 0.0 0 -1.8493508100509644 236.81045532226562 156.3228302001953 266.2789611816406 214.75332641601562 0.60391784 1.9440433 0.76222163 -11.898357 1.1074566 24.376514 -2.303439140319824 0.1182183250784874
Cyclist 0.0 0 1.2632325887680054 1010.2317504882812 97.26734161376953 1221.3577880859375 374.0 1.5594409 1.6315109 0.50551397 2.8005672 1.2418796 4.1517267 1.8566763401031494 0.14808209240436554
Car 0.0 0 2.3728439807891846 1035.1025390625 151.63919067382812 1160.03271484375 196.43011474609375 3.896204 1.6603216 1.692071 19.125278 0.55447066 27.780815 2.9757657051086426 0.4212545156478882
Car 0.0 0 -1.4098594188690186 137.7185516357422 155.26864624023438 201.9459686279297 196.65171813964844 3.726455 1.5443875 1.6332129 -17.255554 0.5664863 28.838238 -1.9490697383880615 0.15529683232307434
Car 0.0 0 -0.8590723276138306 725.0112915039062 159.84571838378906 834.3299560546875 205.0487060546875 3.9123445 1.4924605 1.5997947 6.3405995 0.7785911 25.496895 -0.61533522605896 0.12773537635803223
Car 0.0 0 -2.1324961185455322 610.8773193359375 162.24134826660156 704.790771484375 206.4391632080078 3.662816 1.4578974 1.6374353 1.9144417 0.8237239 25.693777 -2.0581235885620117 0.10448446869850159
Car 0.0 0 -0.81440669298172 1130.76611328125 95.55675506591797 1238.0 333.8067932128906 3.8567815 1.558078 1.6078465 6.631568 0.9974469 5.6034493 0.0548253059387207 0.10366937518119812
Car 0.0 0 -1.564544439315796 281.15570068359375 145.54812622070312 331.4927978515625 191.27760314941406 3.8650386 1.5631557 1.6119744 -10.947845 0.3352972 26.64571 -1.9543837308883667 0.10259668529033661
