Car 0.0 0 -0.5681334137916565 863.2420654296875 184.22283935546875 1235.67822265625 304.2197265625 4.139168 1.4693804 1.6797537 5.799119 1.6407207 9.927984 -0.039473362267017365 0.9697847366333008
Car 0.0 0 -1.6839724779129028 651.1029052734375 182.2192840576172 711.3657836914062 228.0723876953125 4.099254 1.3765316 1.5663791 2.2958527 1.7225907 24.566513 -1.5907886028289795 0.9532174468040466
Car 0.0 0 0.3319661021232605 257.6375732421875 180.94134521484375 454.5113220214844 246.22052001953125 4.3430133 1.5412116 1.7006505 -6.303293 1.7541016 18.101883 -0.0031149983406066895 0.9409247040748596
Car 0.0 0 3.824146032333374 0.0 197.15028381347656 208.02670288085938 369.92828369140625 4.0523553 1.4522198 1.6190073 -6.5811787 1.7274618 7.24061 3.086421251296997 0.919365406036377
Car 0.0 0 0.6077953577041626 0.0 200.09512329101562 305.8196105957031 319.6154479980469 4.084828 1.4224478 1.5247346 -6.5254703 1.8210666 9.747302 0.017858505249023438 0.902148425579071
Car 0.0 0 0.2640308141708374 341.7557678222656 174.25128173828125 481.797607421875 219.48764038085938 4.477965 1.5400988 1.7090969 -6.960423 1.5914639 25.476133 -0.0026737190783023834 0.7982038855552673
Car 0.0 0 1.6197550296783447 551.802490234375 177.5269775390625 576.8464965820312 200.07017517089844 3.5488703 1.4393641 1.5135782 -3.0753748 1.7659998 48.591873 1.5565494298934937 0.596612811088562
Car 0.0 0 -2.5600712299346924 44.48703384399414 188.60609436035156 330.88177490234375 281.0502624511719 4.0146613 1.4199827 1.5598462 -7.107735 1.7079073 12.277012 -3.084866523742676 0.5747429728507996
Car 0.0 0 0.22528725862503052 404.2962341308594 184.28982543945312 512.8230590820312 220.098876953125 4.2938566 1.4638923 1.6253117 -6.467313 1.9674315 30.892107 0.01891613006591797 0.555294930934906
Car 0.0 0 -1.6913799047470093 626.806396484375 175.2858123779297 653.217041015625 196.41099548339844 3.3274689 1.4590327 1.5051016 2.1033616 1.640263 51.945267 -1.6509101390838623 0.5505305528640747
Car 0.0 0 -2.8696956634521484 426.54833984375 180.2310333251953 517.9228515625 215.51126098632812 3.8836799 1.5727905 1.6020781 -6.4004564 1.9257448 33.52446 -3.0583443641662598 0.4865702986717224
