Pedestrian 0.0 0 -0.2991816997528076 1048.5245361328125 140.73326110839844 1108.9114990234375 246.80404663085938 0.69356936 1.7553326 0.6601199 8.054955 1.0988961 12.1106615 0.28774428367614746 0.6851806640625
Pedestrian 0.0 0 -3.666963815689087 1076.6322021484375 144.54954528808594 1143.7279052734375 253.27963256835938 0.68852985 1.7139156 0.57470405 8.129498 1.1488836 11.457929 -3.049884796142578 0.6430647373199463
Pedestrian 0.0 0 -1.4997529983520508 277.3320007324219 173.38087463378906 317.1744689941406 262.9599609375 1.0193598 1.7561934 0.6791934 -6.316811 1.6182541 14.450599 -1.9118540287017822 0.512700080871582
Pedestrian 0.0 0 -1.4557886123657227 512.0623779296875 162.21400451660156 519.4368286132812 184.2091827392578 0.6593241 1.8839785 0.5588219 -7.6662526 0.31890148 60.889236 -1.5810344219207764 0.14946702122688293
Pedestrian 0.0 0 -2.0590312480926514 977.0725708007812 145.24465942382812 1029.338623046875 214.12835693359375 1.7350492 1.7255071 0.42746747 10.397444 0.8439705 18.578316 -1.5488057136535645 0.13901062309741974
Cyclist 0.0 0 -2.0958096981048584 974.1316528320312 145.7583770751953 1029.299072265625 213.73403930664062 1.7627825 1.7108703 0.44145247 10.410951 0.83805686 18.675554 -1.5872539281845093 0.4421912729740143
Cyclist 0.0 0 1.0901157855987549 877.2611083984375 157.90679931640625 906.529541015625 194.06251525878906 1.8664752 1.6649354 0.47248545 13.561691 0.6259965 33.505547 1.4747185707092285 0.4405413568019867
Car 0.0 0 0.8972113728523254 477.6839599609375 173.49696350097656 581.3456420898438 213.03675842285156 4.2354226 1.3950703 1.6481293 -2.9783144 1.149511 27.023636 0.7874429225921631 0.9242087006568909
Car 0.0 0 -0.8142879009246826 0.0 201.94192504882812 289.0657043457031 370.0 3.6433876 1.4779285 1.5414262 -3.22426 1.6415616 3.503214 -1.5582449436187744 0.8847795128822327
Car 0.0 0 -1.6270253658294678 566.4400024414062 185.4886932373047 601.27490234375 215.60671997070312 3.5686724 1.4835645 1.6288494 -1.1690668 1.7610972 37.283474 -1.6583712100982666 0.3537968397140503
