Pedestrian 0.0 0 1.2644093036651611 812.8419189453125 155.8568115234375 858.86572265625 246.32981872558594 0.89254665 1.7335534 0.62558675 4.402679 1.4082282 14.271134 1.5636481046676636 0.24334275722503662
Pedestrian 0.0 0 2.5879323482513428 850.4171752929688 134.8970947265625 940.1564331054688 293.3771057128906 0.9166643 1.8791773 0.4688073 3.4433682 1.429461 8.866887 2.9583468437194824 0.1674148589372635
Pedestrian 0.0 0 -0.22805508971214294 768.066162109375 142.50601196289062 834.5477905273438 215.1373291015625 1.3609751 1.6052098 0.5238154 4.2395563 0.93485296 16.22436 0.027537822723388672 0.13260866701602936
Pedestrian 0.0 0 -0.0799187421798706 0.0 200.58819580078125 28.016569137573242 250.56076049804688 0.952621 1.8271658 0.7599269 -23.00677 2.9138603 27.654915 -0.7738243341445923 0.12882865965366364
Cyclist 0.0 0 -1.846740961074829 781.974365234375 141.15928649902344 823.0465698242188 215.06637573242188 1.4870301 1.5896741 0.5024949 4.2694197 0.90830755 16.265089 -1.5900421142578125 0.2755434215068817
Cyclist 0.0 0 -3.5227863788604736 868.46533203125 213.21084594726562 961.6220092773438 296.5329284667969 1.7092834 1.69093 0.61797017 6.3869677 2.5636973 15.27334 -3.126708507537842 0.16621361672878265
Cyclist 0.0 0 -3.3785431385040283 824.6327514648438 159.25930786132812 932.0510864257812 241.3856658935547 1.8588727 1.571756 0.7995557 5.2340155 1.3119351 14.308898 -3.0278735160827637 0.16279731690883636
Car 0.0 0 1.7509459257125854 455.0600891113281 179.09185791015625 496.21832275390625 205.9964141845703 4.1964087 1.4455234 1.6210521 -7.7659254 1.8257768 41.839058 1.567420244216919 0.8842870593070984
Car 0.0 0 0.3639477491378784 96.89956665039062 184.98341369628906 186.54803466796875 213.1623077392578 4.040861 1.5431721 1.6285744 -27.075783 2.266428 41.78048 -0.21105444431304932 0.20604804158210754
Car 0.0 0 -1.484258770942688 774.3402709960938 169.9569854736328 798.415283203125 190.16287231445312 4.3776536 1.7112774 1.6860837 15.519659 1.4662812 63.449333 -1.244369626045227 0.17770282924175262
Car 0.0 0 -0.35042518377304077 693.9957275390625 155.10557556152344 856.7807006835938 224.59950256347656 3.3376513 1.5039169 1.4725012 3.6890936 1.1201813 16.560343 -0.13123741745948792 0.17107880115509033
