Pedestrian 0.0 0 -1.2507891654968262 397.2115173339844 149.63131713867188 417.39996337890625 192.564453125 0.58524054 1.9141641 0.72841746 -9.159958 0.8791444 32.475574 -1.5257041454315186 0.49174585938453674
Pedestrian 0.0 0 -1.2632112503051758 371.4289855957031 140.55429077148438 391.9205322265625 184.87754821777344 0.62372494 1.9391713 0.70835906 -10.124024 0.52639574 31.876892 -1.5707334280014038 0.3872034549713135
Pedestrian 0.0 0 -2.7877719402313232 1089.9920654296875 118.83635711669922 1238.5712890625 375.0 0.64998204 1.8724008 0.6258598 3.8071864 1.5282726 5.0411987 -2.140941858291626 0.17900356650352478
Pedestrian 0.0 0 -1.1870839595794678 380.5068054199219 144.0835723876953 400.03240966796875 185.07003784179688 0.54298514 1.850076 0.6990096 -10.046489 0.55177426 32.867382 -1.4837321043014526 0.17634747922420502
Pedestrian 0.0 0 -1.3796294927597046 686.6204833984375 168.6579132080078 702.1539306640625 203.6739044189453 0.56349295 1.6868951 0.65665716 4.071789 1.485107 35.125042 -1.2642219066619873 0.17410899698734283
Pedestrian 0.0 0 -1.6482784748077393 102.75858306884766 131.02481079101562 135.06552124023438 198.89938354492188 0.53730893 1.9284086 0.7349572 -14.29825 0.7403427 20.93669 -2.2474546432495117 0.14841920137405396
Cyclist 0.0 0 -1.6604162454605103 794.0180053710938 131.19326782226562 824.4959716796875 248.9613494873047 1.752582 1.8573622 0.33392888 3.3176818 1.2006737 12.268851 -1.3963176012039185 0.1806023269891739
Car 0.0 0 1.8202741146087646 401.0916442871094 179.13980102539062 518.5585327148438 263.2963562011719 3.9241264 1.6249584 1.6505524 -3.2722523 1.7841601 16.22944 1.6213170289993286 0.9558378458023071
Car 0.0 0 -1.4427919387817383 532.6304321289062 175.38153076171875 562.0589599609375 198.91033935546875 3.1493447 1.4606006 1.5114115 -4.0585847 1.6303082 46.73753 -1.5294123888015747 0.4939221739768982
Car 0.0 0 3.1236841678619385 416.3559265136719 172.57276916503906 494.9736633300781 201.67855834960938 4.229287 1.5813054 1.6943587 -8.689703 1.5663843 40.503643 2.912346601486206 0.4398921728134155
Car 0.0 0 -1.5897536277770996 538.9124755859375 165.4150848388672 562.8680419921875 188.86680603027344 4.437982 1.7166622 1.7323662 -4.5762496 1.1724921 55.10921 -1.6726031303405762 0.20013746619224548
Car 0.0 0 -1.5650174617767334 490.9172058105469 172.83958435058594 513.4171752929688 193.37123107910156 4.0038533 1.4797803 1.6075252 -8.100191 1.4790987 54.096703 -1.7136485576629639 0.13685260713100433
