Pedestrian 0.0 0 -1.3213592767715454 45.574859619140625 162.58660888671875 73.06123352050781 209.31857299804688 0.84102935 1.8513368 0.6963742 -22.24743 1.4449414 29.105158 -1.9740009307861328 0.27379950881004333
Pedestrian 0.0 0 -1.8086180686950684 760.2017211914062 198.40687561035156 782.663818359375 244.72767639160156 1.0073847 1.7581564 0.6433977 6.317063 2.784433 28.456326 -1.5901689529418945 0.1569279581308365
Pedestrian 0.0 0 0.3054428696632385 66.6578369140625 204.8174591064453 89.92762756347656 241.85202026367188 0.73323125 1.7831361 0.79277617 -26.622522 3.4039836 36.084064 -0.3301990032196045 0.13840043544769287
Pedestrian 0.0 0 2.3457939624786377 201.3108673095703 183.53726196289062 236.6457061767578 237.97972106933594 0.7886935 1.7410194 0.65814215 -12.896946 2.0996435 23.724878 1.847874402999878 0.1079307422041893
Car 0.0 0 1.660022497177124 1124.9017333984375 117.8154067993164 1242.0 212.017578125 4.0983877 1.6317313 1.6994995 11.744769 0.6787333 14.559728 2.3388121128082275 0.19642171263694763
Car 0.0 0 1.4196900129318237 236.03102111816406 179.810791015625 276.0474548339844 206.33987426757812 4.115379 1.5359802 1.6369402 -22.172363 1.9916062 45.06001 0.9624121189117432 0.14522717893123627
Car 0.0 0 1.9927399158477783 327.89013671875 180.92007446289062 382.2180480957031 205.24029541015625 4.476184 1.4774256 1.6987162 -16.789412 2.0362954 47.657085 1.65402090549469 0.13717207312583923
Car 0.0 0 1.9663424491882324 295.7166748046875 174.23422241210938 378.1121520996094 219.42166137695312 3.4546142 1.4499089 1.4491563 -9.413439 1.5014608 25.007895 1.6063286066055298 0.12949298322200775
Car 0.0 0 1.9719698429107666 160.26953125 188.56143188476562 241.03836059570312 227.6926727294922 4.0356693 1.5158597 1.6405642 -17.925528 2.2526693 31.729454 1.4577218294143677 0.1269931048154831
Car 0.0 0 1.6156092882156372 184.17124938964844 192.9127655029297 217.815673828125 220.61000061035156 4.0320487 1.6034676 1.7342535 -26.698097 2.9750354 47.131252 1.1002147197723389 0.11695174127817154
Car 0.0 0 1.9577168226242065 490.8001708984375 181.5692596435547 522.7042236328125 198.77236938476562 3.5263493 1.4313098 1.5830609 -9.125629 2.2260265 63.859833 1.8157768249511719 0.11033615469932556
