Pedestrian 0.0 0 -2.0013413429260254 709.5777587890625 168.268310546875 727.3472290039062 202.29556274414062 0.8710419 1.962643 0.7283023 6.296069 1.6985048 42.13423 -1.8530099391937256 0.4634225368499756
Pedestrian 0.0 0 -0.44566988945007324 810.2387084960938 147.3767547607422 874.912353515625 264.24359130859375 0.7206078 1.7385437 0.6886847 3.5197906 1.3598949 11.122045 -0.13917255401611328 0.17476750910282135
Pedestrian 0.0 0 0.6305485963821411 187.20115661621094 180.36453247070312 232.5896759033203 248.39697265625 0.84057564 1.7550714 0.6270888 -10.607214 1.9575646 19.05381 0.12257766723632812 0.1668795645236969
Pedestrian 0.0 0 -0.46873152256011963 1194.0374755859375 144.68365478515625 1242.0 234.14048767089844 0.77632517 1.6792201 0.5461538 11.802188 1.1507843 13.897496 0.23531603813171387 0.13009680807590485
Cyclist 0.0 0 -1.651383399963379 826.58544921875 129.93338012695312 867.3858642578125 250.56544494628906 0.9721428 1.8005681 0.52509433 3.644418 1.1602879 11.300334 -1.3394094705581665 0.11710153520107269
Car 0.0 0 1.7574540376663208 492.6806945800781 181.2999267578125 539.9611206054688 213.20616149902344 3.7369523 1.3895657 1.5658444 -4.438542 1.8143322 34.34376 1.6289278268814087 0.9561586976051331
Car 0.0 0 0.034444935619831085 485.9825744628906 178.39114379882812 550.573486328125 201.9798126220703 4.259742 1.5451976 1.645134 -6.191005 1.9274971 48.753036 -0.09186608344316483 0.6371965408325195
Car 0.0 0 -0.7961653470993042 399.261962890625 177.63133239746094 439.0918273925781 194.44027709960938 3.6195922 1.5212477 1.5648116 -18.068298 1.987299 68.372406 -1.0545222759246826 0.21876534819602966
Car 0.0 0 -2.4953463077545166 819.408935546875 173.08627319335938 1242.0 375.0 3.946893 1.5209185 1.652495 2.1634219 1.5226209 2.1113796 -1.6977746486663818 0.14421997964382172
Car 0.0 0 2.064732551574707 196.17210388183594 156.86451721191406 293.4516906738281 201.26678466796875 3.6122553 1.4424438 1.5025088 -12.711871 0.9233704 25.263268 1.5985472202301025 0.12086386978626251
