Pedestrian 0.0 0 1.6044286489486694 504.9197082519531 148.91799926757812 539.562744140625 242.5407257080078 0.8881005 1.8590363 0.6797066 -1.7285422 1.2335519 14.505962 1.485827088356018 0.32097992300987244
Pedestrian 0.0 0 0.5941916704177856 154.2676239013672 178.70460510253906 202.4599609375 264.12677001953125 0.64839023 1.7325858 0.56789213 -8.866428 1.6977967 14.635474 0.04950547218322754 0.31552156805992126
Pedestrian 0.0 0 2.4260823726654053 303.0882263183594 161.39700317382812 347.5417175292969 255.40406799316406 0.62922305 1.6824237 0.4386605 -5.193728 1.3421837 13.029063 2.0467607975006104 0.2801453769207001
Pedestrian 0.0 0 0.22824352979660034 513.8358764648438 142.1126251220703 609.8327026367188 293.76849365234375 1.143292 1.871775 0.5208261 -0.5916448 1.399667 9.071387 0.1631147861480713 0.220844566822052
Pedestrian 0.0 0 1.0056848526000977 845.6363525390625 118.61847686767578 871.2424926757812 184.2039794921875 0.42922726 1.9174217 0.57274705 7.471188 0.10985437 20.938412 1.3484200239181519 0.15325073897838593
Pedestrian 0.0 0 0.5281627774238586 20.836833953857422 174.92120361328125 49.05693435668945 210.67515563964844 0.98568076 1.8133893 0.544142 -29.195328 1.531866 36.198456 -0.15055035054683685 0.15071187913417816
Pedestrian 0.0 0 1.4859721660614014 631.0880737304688 144.61940002441406 665.60546875 232.9772491455078 0.7049159 1.7660517 0.64571387 0.83850765 1.0505165 14.488211 1.5437828302383423 0.13014546036720276
Pedestrian 0.0 0 3.291797637939453 54.83869552612305 176.4222869873047 77.29051208496094 211.20877075195312 0.8610242 1.7818823 0.50147 -27.937471 1.5744292 36.639248 2.64034366607666 0.1156115010380745
Pedestrian 0.0 0 0.0017771124839782715 428.57745361328125 174.60069274902344 581.7044067382812 327.9877014160156 1.6092061 1.6026585 0.6545634 -1.144698 1.5427109 7.8216124 -0.14354188740253448 0.10079963505268097
Cyclist 0.0 0 0.0023046135902404785 430.1397399902344 177.27194213867188 586.3505249023438 331.66375732421875 1.6374648 1.6084666 0.66110957 -1.1074325 1.5765278 7.801693 -0.13870109617710114 0.8975538015365601
Car 0.0 0 0.398379921913147 203.89862060546875 179.40316772460938 272.0046081542969 204.05125427246094 3.5120595 1.5344813 1.5641216 -23.28593 1.4675466 44.93226 -0.07975716143846512 0.3322061598300934
Car 0.0 0 -3.123601198196411 686.2166748046875 143.96798706054688 784.6500244140625 180.8304443359375 4.2388906 1.5925052 1.686167 5.829856 0.015749913 31.786608 -2.942211151123047 0.1862420290708542
Car 0.0 0 1.8897712230682373 186.251708984375 179.01544189453125 231.8467254638672 204.1751251220703 4.0870075 1.692958 1.5984687 -27.777634 1.5943806 49.729195 1.3803660869598389 0.1795128434896469
Car 0.0 0 1.7475675344467163 87.00849914550781 186.98512268066406 161.49603271484375 229.1157989501953 4.435929 1.4692512 1.6585118 -18.766716 1.7469157 27.742968 1.152822732925415 0.11572332680225372
