Pedestrian 0.0 0 3.568526268005371 116.3794937133789 146.78872680664062 158.2701416015625 246.99359130859375 0.45336947 1.5905386 0.37402487 -7.6931276 1.1771657 11.670067 2.9856975078582764 0.33822396397590637
Pedestrian 0.0 0 2.5115180015563965 815.8314819335938 145.7914276123047 851.88916015625 215.64675903320312 0.6433567 1.8067387 0.6622499 5.86616 1.1071502 19.076948 2.8098411560058594 0.29115453362464905
Car 0.0 0 -1.7839641571044922 696.1432495117188 181.50433349609375 806.1176147460938 255.5966339111328 3.6762102 1.4108939 1.6190758 2.9486995 1.6258482 16.034502 -1.6020989418029785 0.9670527577400208
Car 0.0 0 1.8289151191711426 269.926513671875 175.9271697998047 461.6653137207031 315.1224365234375 3.577348 1.52779 1.5616182 -3.1369119 1.5777779 9.823532 1.519823431968689 0.9643172025680542
Car 0.0 0 1.7148101329803467 460.6462707519531 176.06112670898438 531.1936645507812 225.253173828125 3.7275348 1.3774693 1.6330616 -3.4837892 1.4853644 22.318323 1.5599641799926758 0.9492548704147339
Car 0.0 0 1.6950467824935913 507.59210205078125 170.98013305664062 554.59228515625 210.759765625 3.6948535 1.5883675 1.540101 -3.3354287 1.5139039 30.667109 1.5867102146148682 0.9354114532470703
Car 0.0 0 1.4466530084609985 650.7880859375 176.38006591796875 702.7749633789062 214.72702026367188 4.059123 1.5316609 1.7372531 2.7803018 1.694833 31.25476 1.5353755950927734 0.7972941994667053
Car 0.0 0 1.6792465448379517 531.6648559570312 170.41696166992188 568.8551635742188 201.0077362060547 3.9486632 1.6086285 1.6347036 -3.2917795 1.4808333 39.934673 1.5970033407211304 0.6482042670249939
Car 0.0 0 -1.6707921028137207 643.8671264648438 174.1373291015625 678.6792602539062 204.25442504882812 3.618288 1.5931414 1.5703751 2.775227 1.6681814 40.1541 -1.6017874479293823 0.36542001366615295
Car 0.0 0 1.7280787229537964 551.0516967773438 171.0648651123047 580.740966796875 193.81924438476562 3.8610733 1.5539775 1.5213397 -3.1244354 1.4321477 51.268406 1.6672112941741943 0.35092681646347046
