Pedestrian 0.0 0 -1.6019071340560913 221.26856994628906 146.7525177001953 241.7163543701172 196.7742156982422 0.54575145 1.9605788 0.70267713 -15.094069 0.93790066 28.68821 -2.0862488746643066 0.28982818126678467
Pedestrian 0.0 0 -0.5539331436157227 1011.12109375 164.8343963623047 1154.8914794921875 343.7312316894531 1.1006051 1.7976949 0.6189653 4.875564 1.7174655 7.567391 0.018414735794067383 0.22645510733127594
Pedestrian 0.0 0 1.9061143398284912 630.5586547851562 165.95790100097656 647.3375854492188 200.302001953125 0.84028834 1.8367602 0.67018867 1.5359371 1.4683071 39.099487 1.945376992225647 0.1881166398525238
Pedestrian 0.0 0 1.8039534091949463 198.7342529296875 134.0601043701172 232.85633850097656 203.64089965820312 0.71532524 1.8535091 0.66980636 -10.775436 0.8204665 19.65141 1.3023940324783325 0.18642443418502808
Pedestrian 0.0 0 1.4544677734375 228.0115203857422 138.59774780273438 260.1175842285156 208.56246948242188 0.803317 1.8078965 0.6700986 -9.771007 0.9230692 19.161917 0.982917308807373 0.1730947047472
Pedestrian 0.0 0 -1.4556803703308105 272.57733154296875 169.4898223876953 291.4408264160156 210.5894012451172 0.7725764 1.7954301 0.6783134 -14.576872 1.6488245 31.989384 -1.8832464218139648 0.17130371928215027
Pedestrian 0.0 0 -1.8188626766204834 779.1683959960938 153.8488006591797 805.9061889648438 208.72308349609375 0.8810232 1.8591033 0.6972061 6.2430825 1.2155782 24.883753 -1.5730466842651367 0.17090091109275818
Pedestrian 0.0 0 -1.6557660102844238 726.3287963867188 178.89271545410156 748.4288940429688 233.7127227783203 0.69703037 1.7017962 0.63068736 3.983373 1.8965801 22.853529 -1.4831994771957397 0.15088774263858795
Pedestrian 0.0 0 1.5599415302276611 693.7391967773438 179.44180297851562 711.6748046875 231.98175048828125 0.5790663 1.7541091 0.5960886 3.097961 1.9810224 24.489172 1.6857764720916748 0.14913097023963928
Pedestrian 0.0 0 1.521562933921814 751.5667114257812 180.42422485351562 772.1031494140625 233.2559814453125 0.7619731 1.632622 0.5973175 4.7545905 1.8770595 22.838345 1.7268157005310059 0.14656022191047668
Car 0.0 0 3.2843754291534424 291.23309326171875 174.24539184570312 416.07220458984375 222.0362091064453 4.2352676 1.7153736 1.7428522 -9.611416 1.7707064 27.237513 2.9451422691345215 0.9115173816680908
Car 0.0 0 2.4259467124938965 0.0 201.3181610107422 250.037353515625 375.0 4.0985622 1.5133284 1.6722819 -3.585375 1.7243546 3.2690156 1.5944271087646484 0.7869678139686584
Car 0.0 0 -1.5440815687179565 478.2377014160156 183.04127502441406 514.5953979492188 217.86195373535156 3.4226942 1.4867243 1.5861962 -5.2925606 1.9877167 33.65657 -1.7000561952590942 0.7684401869773865
Car 0.0 0 1.610317587852478 491.90380859375 179.4479522705078 524.6201782226562 209.58363342285156 4.2374983 1.5454013 1.6377505 -5.646885 1.9326935 40.14719 1.470579743385315 0.5855749845504761
