Pedestrian 0.0 0 -2.490124464035034 60.5882682800293 141.8773651123047 190.5050811767578 304.8263854980469 1.1604003 1.893917 0.6257009 -5.8289127 1.4466989 8.556277 -3.088151216506958 0.8397631049156189
Pedestrian 0.0 0 1.9269688129425049 79.25947570800781 159.2216796875 138.4315185546875 257.06573486328125 0.91174376 1.7427149 0.6213253 -9.223555 1.3653661 13.108242 1.3138004541397095 0.186598002910614
Pedestrian 0.0 0 0.1797202229499817 626.311279296875 170.43678283691406 692.5294189453125 270.5093994140625 1.1195867 1.7689897 0.60001606 0.9585136 1.5927452 12.924501 0.25374722480773926 0.1313554048538208
Pedestrian 0.0 0 -0.7871009111404419 767.2745361328125 146.75967407226562 824.9149780273438 251.469482421875 0.7223991 1.7588067 0.6509602 3.28643 1.1937209 12.334237 -0.5267029404640198 0.11970053613185883
Pedestrian 0.0 0 1.6911664009094238 839.3358764648438 174.07054138183594 869.5389404296875 246.3999481201172 0.6818044 1.7740784 0.6407699 6.2421384 1.6179762 17.784775 2.0287158489227295 0.11346917599439621
Pedestrian 0.0 0 2.129957437515259 250.3197784423828 157.73387145996094 308.1224060058594 253.23011779785156 0.7555947 1.7851679 0.7231478 -6.312807 1.3612238 13.632393 1.696284532546997 0.1022869348526001
Cyclist 0.0 0 2.4249420166015625 1081.1368408203125 184.37953186035156 1224.0 370.0 1.8021257 1.6622728 0.6271939 5.4369807 1.7014984 6.502961 3.121297597885132 0.19485440850257874
Cyclist 0.0 0 -1.8052473068237305 858.0784912109375 139.54299926757812 904.9727172851562 251.51658630371094 1.670449 1.7719762 0.35540605 4.635941 1.1254896 12.035466 -1.437572956085205 0.15550878643989563
Cyclist 0.0 0 1.7032744884490967 78.71171569824219 156.7948760986328 129.11907958984375 257.0860900878906 1.6312081 1.7533162 0.5610964 -9.377059 1.3405421 13.208184 1.0859065055847168 0.11329629272222519
Cyclist 0.0 0 1.9252651929855347 0.0 174.5471954345703 52.191402435302734 264.2795104980469 1.4261328 1.6967646 0.5244372 -11.693807 1.5858372 14.124406 1.2337331771850586 0.1011977344751358
Car 0.0 0 1.6660923957824707 5.835052013397217 168.59080505371094 62.458580017089844 206.58673095703125 4.066244 1.6072451 1.617244 -25.810242 1.1049613 32.04611 0.9880616664886475 0.10165877640247345
