Pedestrian 0.0 0 1.0306297540664673 824.6695556640625 156.1696014404297 900.4725341796875 282.5189514160156 0.80265236 1.7548118 0.72316235 3.7339628 1.4043286 10.438264 1.374164342880249 0.9121699929237366
Pedestrian 0.0 0 -0.4365038573741913 537.664306640625 156.18099975585938 559.3544311523438 190.19256591796875 1.0412372 1.8750328 0.62620586 -2.9582403 0.48003152 40.126118 -0.5100942850112915 0.5987301468849182
Pedestrian 0.0 0 1.4871606826782227 721.7806396484375 152.116455078125 751.5869140625 223.57489013671875 0.8783296 1.8268256 0.6940303 3.5043051 1.0768169 18.833244 1.6711269617080688 0.44619980454444885
Pedestrian 0.0 0 1.505849838256836 463.4290466308594 142.73875427246094 490.36260986328125 214.74114990234375 0.7309324 1.8355744 0.64422405 -3.287378 0.8486032 18.74131 1.3322081565856934 0.23267731070518494
Pedestrian 0.0 0 0.01293724775314331 662.45947265625 165.76278686523438 703.51611328125 244.8882598876953 0.9342533 1.8059373 0.60758984 1.8680042 1.4479669 16.751694 0.12398982048034668 0.21730318665504456
Pedestrian 0.0 0 2.884495496749878 683.7943725585938 150.7855682373047 704.3304443359375 187.11080932617188 0.9445318 1.8694646 0.5650754 4.802421 0.2896202 37.307194 3.0125179290771484 0.1958208680152893
Pedestrian 0.0 0 -0.1440853774547577 704.2664184570312 114.68537902832031 828.3781127929688 320.8465576171875 1.0400264 1.798998 0.47599915 1.4278493 1.2173451 6.5399237 0.07086968421936035 0.19477158784866333
Cyclist 0.0 0 1.8726454973220825 354.67791748046875 162.7636260986328 449.10137939453125 330.0523681640625 1.7286348 1.7125623 0.5541527 -2.2767892 1.5221195 8.223776 1.6025559902191162 0.9476262331008911
Cyclist 0.0 0 1.9910235404968262 147.31858825683594 146.75466918945312 323.24853515625 374.0 1.7122068 1.6550246 0.5354513 -2.7382925 1.4333632 5.4761763 1.5273460149765015 0.8765366077423096
Car 0.0 0 1.5641915798187256 582.1761474609375 158.4656219482422 612.7431030273438 187.1962890625 4.1616397 1.5841885 1.6859375 -0.24719074 0.31490588 41.697098 1.5582634210586548 0.8184552192687988
Car 0.0 0 -1.807782769203186 785.5238037109375 148.9651336669922 842.111572265625 186.21487426757812 3.3164072 1.4951305 1.5593188 8.943352 0.19024557 30.523647 -1.522762656211853 0.4243887960910797
Car 0.0 0 1.337809681892395 1211.4490966796875 127.3226089477539 1238.0 374.0 4.340024 1.5968853 1.6739968 6.8076773 1.2878374 6.3855114 2.155195713043213 0.3177017569541931
