Car 0.0 0 -1.7134729623794556 683.7174682617188 182.70932006835938 769.0997924804688 250.40403747558594 3.6475928 1.5292045 1.6487077 2.8543024 1.8094991 18.66101 -1.5616939067840576 0.9772540330886841
Car 0.0 0 -2.0324110984802246 789.8147583007812 187.82345581054688 1199.4261474609375 375.0 3.7157269 1.4976127 1.6239184 2.923625 1.67328 6.5568337 -1.6129804849624634 0.9750918745994568
Car 0.0 0 0.42813801765441895 234.74154663085938 174.55953979492188 442.34967041015625 246.21070861816406 4.3338213 1.6098057 1.7040495 -6.4433484 1.6533386 17.259249 0.07083463668823242 0.8661224246025085
Car 0.0 0 0.834607720375061 0.0 184.36183166503906 215.2585906982422 375.0 3.867402 1.5876576 1.6633824 -6.202836 1.7150927 6.9353514 0.10490655899047852 0.8559305667877197
Car 0.0 0 -2.5128097534179688 0.0 173.3291015625 326.4017333984375 309.29241943359375 4.2132297 1.6245865 1.6687082 -6.2457223 1.6318622 9.564464 -3.0913004875183105 0.8242756724357605
Car 0.0 0 -1.6562159061431885 653.4600219726562 177.00439453125 702.97216796875 220.80601501464844 3.967776 1.655064 1.6752957 2.6911976 1.8372865 29.625853 -1.5656250715255737 0.8075592517852783
Car 0.0 0 -2.54677152633667 55.843910217285156 184.20599365234375 333.26324462890625 281.2825012207031 3.8449657 1.4938116 1.6321281 -7.000251 1.7026435 12.286541 -3.0646510124206543 0.7346934080123901
Car 0.0 0 3.3843729496002197 320.3624267578125 170.63575744628906 474.3683166503906 229.5032958984375 4.240215 1.7274936 1.7151321 -6.4638214 1.6627567 22.116026 3.1000242233276367 0.6801201701164246
Car 0.0 0 3.2152202129364014 411.7391662597656 177.85804748535156 510.29461669921875 218.49609375 3.8585863 1.5964265 1.6686188 -6.097693 1.8101193 29.682592 3.0126090049743652 0.5955222249031067
Car 0.0 0 -2.8563590049743652 441.89007568359375 173.05052185058594 520.1611938476562 203.7407684326172 3.8731086 1.6241242 1.6882254 -7.0168414 1.6354573 39.242863 -3.033294677734375 0.5087918639183044
