Pedestrian 0.0 0 -1.7724337577819824 754.0446166992188 149.6517791748047 778.2730712890625 206.73876953125 0.84849703 1.7307899 0.56947607 5.0582037 0.7663206 22.206701 -1.5484765768051147 0.827376127243042
Pedestrian 0.0 0 -1.4151098728179932 636.2122802734375 155.4709930419922 672.4661254882812 242.76461791992188 0.9209146 1.7921163 0.63592297 1.0964015 1.2589864 15.264907 -1.3434079885482788 0.6915361881256104
Pedestrian 0.0 0 -1.475835919380188 625.4523315429688 160.08621215820312 648.6954345703125 211.40194702148438 0.9567896 1.644139 0.6749041 1.1491268 0.9591471 23.534405 -1.4270471334457397 0.6861806511878967
Pedestrian 0.0 0 1.32571542263031 706.4722290039062 164.2493438720703 735.7974243164062 233.80825805664062 0.72656673 1.6817695 0.55285543 2.917323 1.2658843 17.749767 1.4886174201965332 0.6701249480247498
Pedestrian 0.0 0 2.028707504272461 300.2002258300781 146.30181884765625 413.29510498046875 374.0 0.74073684 1.7393037 0.59142536 -1.9804986 1.4792812 5.737024 1.696303129196167 0.6538843512535095
Pedestrian 0.0 0 1.4294370412826538 731.124267578125 155.90423583984375 758.4677124023438 223.31741333007812 0.5890283 1.7738402 0.6387693 3.796653 1.1015087 19.210157 1.6245602369308472 0.6290343403816223
Pedestrian 0.0 0 2.205625534057617 675.6680297851562 159.67901611328125 714.4055786132812 239.4841766357422 0.6512703 1.6197149 0.5169251 1.9172812 1.1780809 14.990635 2.3328335285186768 0.5872100591659546
Pedestrian 0.0 0 2.0729262828826904 469.9792785644531 161.6431427001953 491.9227294921875 212.1188507080078 0.5344035 1.683851 0.5426686 -4.098478 1.0225161 24.302338 1.9058529138565063 0.5332725644111633
Pedestrian 0.0 0 2.7009639739990234 669.1557006835938 169.05230712890625 701.520263671875 237.19271850585938 0.5697381 1.6788541 0.6891289 2.0773215 1.373355 18.113554 2.81514835357666 0.41906648874282837
Pedestrian 0.0 0 2.460292339324951 377.3904724121094 148.68130493164062 493.57537841796875 362.3898620605469 0.83016455 1.7790027 0.60181075 -1.5384316 1.5071936 6.489569 2.227526903152466 0.40477025508880615
Pedestrian 0.0 0 -2.0696589946746826 339.4397888183594 169.52894592285156 374.6090087890625 254.8108367919922 0.38631818 1.7763591 0.59795594 -5.2455626 1.528246 15.310695 -2.399733066558838 0.4037177562713623
Pedestrian 0.0 0 1.4439632892608643 502.82672119140625 153.27157592773438 516.1482543945312 191.38900756835938 0.5193643 1.9319404 0.6144099 -4.7102156 0.50208443 36.734047 1.316434383392334 0.31179288029670715
Pedestrian 0.0 0 -0.9544163942337036 481.6688537597656 166.12545776367188 510.7182312011719 222.4669952392578 0.81023294 1.8296412 0.5953304 -3.5107934 1.3314602 23.820673 -1.1007472276687622 0.28716903924942017
Pedestrian 0.0 0 -2.254409074783325 251.4739990234375 189.21815490722656 342.4153137207031 340.8568420410156 0.7945072 1.6221663 0.57987976 -3.5064862 1.7160326 8.167626 -2.659929037094116 0.2869742214679718
Pedestrian 0.0 0 1.0024983882904053 876.7156372070312 138.62876892089844 926.77490234375 234.8440704345703 0.6682573 1.6891779 0.5622867 5.3797774 0.9377959 12.986736 1.3952299356460571 0.26962754130363464
Pedestrian 0.0 0 -0.054675936698913574 1008.8130493164062 92.54801940917969 1116.4996337890625 274.7615661621094 0.98855495 1.9381905 0.82654625 5.1993647 0.9933753 8.239823 0.5082294940948486 0.26249611377716064
Cyclist 0.0 0 1.5330228805541992 889.986083984375 145.34152221679688 923.4307861328125 230.2220001220703 1.478632 1.5270239 0.5246544 5.767204 0.8777926 13.704761 1.9313457012176514 0.3646269738674164
Cyclist 0.0 0 0.7007684707641602 979.7750244140625 120.1671142578125 1162.20361328125 298.4158020019531 1.7741817 1.8381343 0.6344381 5.3143535 1.2070217 8.346325 1.2677582502365112 0.263349324464798
Cyclist 0.0 0 2.0396454334259033 320.55426025390625 148.6533966064453 435.5892028808594 374.0 0.8773045 1.7806747 0.5625994 -1.841168 1.536191 5.8533845 1.7348963022232056 0.16764962673187256
Car 0.0 0 1.6099385023117065 565.3826904296875 170.7328643798828 594.8677978515625 197.08395385742188 3.7847579 1.4823695 1.5909699 -1.2146504 0.877472 42.307594 1.5812363624572754 0.7204657793045044
Car 0.0 0 1.2636967897415161 741.7321166992188 188.6039276123047 897.4763793945312 287.5732116699219 3.4004047 1.3781856 1.4720141 3.4115076 1.5148484 11.968248 1.5413789749145508 0.6394664645195007
