Pedestrian 0.0 0 -1.0372285842895508 0.0 177.17774963378906 42.43991470336914 235.53944396972656 0.63153994 1.5280842 0.6708535 -15.805302 1.6463244 19.306118 -1.7232491970062256 0.6768212914466858
Pedestrian 0.0 0 -0.31030774116516113 310.9241943359375 178.2747802734375 324.27947998046875 207.97540283203125 0.55598193 1.7730489 0.71933585 -17.740755 2.105085 43.691242 -0.6960172653198242 0.4726926386356354
Pedestrian 0.0 0 0.3871934115886688 704.7630004882812 155.60142517089844 746.51025390625 232.56748962402344 0.86015606 1.8449823 0.5803496 2.7991695 1.4317727 17.764273 0.5434813499450684 0.46235722303390503
Pedestrian 0.0 0 2.8742003440856934 689.5303955078125 151.4368438720703 724.7245483398438 226.9274139404297 0.6588424 1.7138989 0.652604 2.1982892 1.2280129 16.74687 3.0047197341918945 0.4406733214855194
Pedestrian 0.0 0 -1.3634240627288818 673.3326416015625 170.13157653808594 705.564453125 240.40182495117188 0.9938467 1.7535664 0.6361001 2.0053298 1.6859876 18.573944 -1.2558759450912476 0.33781084418296814
Cyclist 0.0 0 -2.499507427215576 701.4183349609375 157.132080078125 781.3172607421875 244.86843872070312 1.7338296 1.7471039 0.43032265 2.6804 1.4343896 15.144753 -2.324336051940918 0.6074305772781372
Cyclist 0.0 0 -1.3556787967681885 672.2225952148438 168.58436584472656 706.2373046875 236.27809143066406 0.8648371 1.6999593 0.7071246 2.0055616 1.593096 18.639019 -1.2484910488128662 0.1422586441040039
Cyclist 0.0 0 0.3871934115886688 704.7630004882812 155.60142517089844 746.51025390625 232.56748962402344 0.86015606 1.8449823 0.5803496 2.7991695 1.4317727 17.764273 0.5434813499450684 0.1280466765165329
Car 0.0 0 -1.2924028635025024 245.42388916015625 176.07620239257812 484.33026123046875 346.41168212890625 4.189868 1.6710498 1.7226409 -2.853921 1.7222388 9.267705 -1.5911303758621216 0.946106493473053
Car 0.0 0 2.2843730449676514 0.0 198.89541625976562 92.82450866699219 301.1600036621094 4.190701 1.522619 1.6561953 -12.339584 2.1013446 13.917281 1.5589897632598877 0.7938737273216248
Car 0.0 0 -1.5665528774261475 590.5021362304688 174.75299072265625 617.8579711914062 199.65724182128906 4.1727757 1.5329304 1.6960192 -0.40236738 1.662016 46.818836 -1.5751467943191528 0.7691411972045898
Car 0.0 0 1.6991978883743286 450.28985595703125 181.1206817626953 481.4140625 203.20864868164062 4.166518 1.480076 1.6847914 -10.387223 2.1016314 52.081085 1.5023376941680908 0.6920408606529236
Car 0.0 0 1.840327262878418 412.3899230957031 174.16415405273438 471.4195861816406 209.14564514160156 4.049744 1.4852637 1.5945336 -7.6104484 1.5489968 32.84318 1.6126251220703125 0.3467867076396942
Car 0.0 0 1.7811615467071533 323.2062072753906 186.63229370117188 383.4273376464844 227.4300537109375 3.947953 1.4725186 1.525773 -10.446135 2.0752332 29.48499 1.4406731128692627 0.3379157781600952
Car 0.0 0 -1.441625714302063 800.4195556640625 156.3165740966797 827.416259765625 182.25929260253906 4.753284 2.3527997 1.8521723 19.22993 0.8533429 67.98431 -1.165968418121338 0.3186279535293579
