Pedestrian 0.0 0 1.3153215646743774 759.6185302734375 124.44208526611328 801.378662109375 219.9656982421875 0.67618364 1.6830494 0.58090734 3.0243993 0.83042806 13.056217 1.5429511070251465 0.6599096655845642
Pedestrian 0.0 0 -2.369288682937622 401.8051452636719 176.779541015625 434.7629089355469 236.063720703125 0.71700877 1.8118744 0.6935151 -6.0462227 1.9377496 22.590296 -2.6308059692382812 0.46773895621299744
Pedestrian 0.0 0 3.717914581298828 0.0 183.37631225585938 63.738250732421875 332.1843566894531 0.40185627 1.7920895 0.87740976 -7.527043 1.9334681 9.209411 3.032701015472412 0.218483105301857
Car 0.0 0 -1.8882919549942017 729.0028686523438 183.53378295898438 924.1475830078125 316.09063720703125 3.4350383 1.5144625 1.6007359 2.8063993 1.6930102 10.279871 -1.6217865943908691 0.9795781970024109
Car 0.0 0 -1.3634487390518188 367.4178161621094 194.083984375 468.5780334472656 268.53753662109375 3.527171 1.4242179 1.5486206 -4.348115 1.9667375 16.624512 -1.6192666292190552 0.9725551605224609
Car 0.0 0 -1.6629438400268555 671.166748046875 180.96038818359375 736.0177001953125 238.4567413330078 3.271814 1.4752712 1.5250732 2.5554886 1.7261554 20.63739 -1.5397429466247559 0.9677214026451111
Car 0.0 0 -1.3936688899993896 443.78436279296875 181.44322204589844 509.44866943359375 232.28506469726562 3.9655292 1.6246166 1.6239094 -4.7071238 1.9547067 25.710468 -1.574745535850525 0.9392776489257812
Car 0.0 0 1.6963424682617188 498.13446044921875 182.6920166015625 535.2366943359375 215.1968231201172 3.7849648 1.6522828 1.5650563 -5.1235824 2.220029 39.715923 1.5680453777313232 0.7940061092376709
Car 0.0 0 -1.681977391242981 640.5836791992188 178.52578735351562 678.7447509765625 210.5894317626953 3.4899676 1.5070496 1.5290374 2.4170704 1.8068781 36.317074 -1.615520715713501 0.682473361492157
Car 0.0 0 -0.23956793546676636 723.3671264648438 178.88270568847656 810.7697143554688 213.03787231445312 3.4699795 1.4432813 1.5459198 6.794507 1.7145294 31.597574 -0.02776067703962326 0.3356056809425354
