Pedestrian 0.0 0 0.5587519407272339 149.90428161621094 177.77200317382812 229.6211395263672 315.040771484375 0.65239304 1.7336472 0.6654725 -5.556992 1.8009446 9.47633 0.028386831283569336 0.7834234237670898
Pedestrian 0.0 0 1.9676024913787842 727.7022705078125 162.37159729003906 783.5511474609375 270.34857177734375 0.65113044 1.6695687 0.68447685 2.2951005 1.5078447 11.61499 2.1626875400543213 0.5600743889808655
Pedestrian 0.0 0 2.816240072250366 763.5320434570312 134.13494873046875 829.8255004882812 268.8371887207031 0.6881477 1.7472643 0.65359974 2.4451094 1.2453854 9.709367 3.0629403591156006 0.3761487901210785
Pedestrian 0.0 0 -2.135219097137451 131.0341033935547 188.20999145507812 163.89633178710938 243.1985626220703 0.58205885 1.7417725 0.6998513 -15.131486 2.2524922 23.537813 -2.706557512283325 0.30082234740257263
Pedestrian 0.0 0 -1.5482428073883057 695.2771606445312 166.9577178955078 706.5948486328125 197.60037231445312 0.9608009 1.7831324 0.6412245 5.3269653 1.4403788 42.50665 -1.423572063446045 0.2774367928504944
Pedestrian 0.0 0 0.8801727890968323 777.5433959960938 145.7902069091797 877.3008422851562 277.1298828125 1.4921681 1.7769128 0.5713704 3.089091 1.4111208 10.557301 1.1648290157318115 0.22641611099243164
Cyclist 0.0 0 -2.6715521812438965 795.3309936523438 135.4084014892578 964.6178588867188 302.0495300292969 1.6151232 1.6518326 0.68710715 2.887952 1.2810105 7.973588 -2.32405948638916 0.48027291893959045
Cyclist 0.0 0 0.8801727890968323 777.5433959960938 145.7902069091797 877.3008422851562 277.1298828125 1.4921681 1.7769128 0.5713704 3.089091 1.4111208 10.557301 1.1648290157318115 0.32607927918434143
Cyclist 0.0 0 -0.2865484356880188 761.6790161132812 142.68431091308594 835.5374145507812 276.91632080078125 0.8166076 1.7477568 0.62550855 2.4723265 1.3552926 9.719807 -0.037470825016498566 0.1252133697271347
Car 0.0 0 1.8146759271621704 405.8937072753906 184.21359252929688 454.8663635253906 213.5618896484375 4.001332 1.4250101 1.6228501 -9.573705 2.0643363 38.58197 1.5714492797851562 0.9167094230651855
Car 0.0 0 -1.471160650253296 600.1718139648438 175.53627014160156 631.650634765625 200.52105712890625 4.0322056 1.5269599 1.6432374 0.39252147 1.7084771 46.636787 -1.4627442359924316 0.8032559752464294
Car 0.0 0 2.129997730255127 69.20806884765625 197.69741821289062 259.51837158203125 280.7663879394531 4.110578 1.4839572 1.6875868 -9.783116 2.1131456 16.19234 1.586509108543396 0.7891367673873901
Car 0.0 0 2.3637523651123047 0.0 211.43321228027344 326.12860107421875 375.0 3.484618 1.5142224 1.5862722 -2.5737145 1.7470576 2.593928 1.5822657346725464 0.47716328501701355
Car 0.0 0 -2.8266799449920654 1009.6801147460938 152.1093292236328 1082.87353515625 177.0210723876953 3.8480828 1.5851164 1.6074975 28.880026 0.26550633 47.889114 -2.284013271331787 0.4182993173599243
Car 0.0 0 3.0511691570281982 246.79078674316406 172.91493225097656 325.34521484375 204.55587768554688 3.6105914 1.582967 1.6456921 -16.95606 1.586645 37.70429 2.6285550594329834 0.28446704149246216
Car 0.0 0 2.173295497894287 332.66790771484375 179.3522186279297 394.9105529785156 208.00375366210938 3.847641 1.5767215 1.5859718 -14.537505 1.9803514 42.708385 1.8452075719833374 0.2782652974128723
