Car 0.0 0 -1.7820196151733398 698.3072509765625 179.7047882080078 848.0155029296875 283.0047912597656 4.3247366 1.5148259 1.6894302 2.672986 1.6595831 13.035796 -1.5797733068466187 0.9777582883834839
Car 0.0 0 0.33930206298828125 175.42185974121094 173.1859588623047 435.8890075683594 250.58935546875 4.488738 1.4368988 1.5931388 -5.9249105 1.4442645 14.314224 -0.05314445495605469 0.9274263978004456
Car 0.0 0 0.6808261871337891 0.0 176.9421844482422 285.49139404296875 295.4782409667969 4.3646255 1.4308093 1.562837 -6.9255557 1.491187 9.679949 0.05980372428894043 0.8829731941223145
Car 0.0 0 -0.21810653805732727 793.8419799804688 175.64776611328125 963.7997436523438 237.19491577148438 3.6979592 1.4350324 1.5836251 6.514837 1.50883 17.93895 0.1302499771118164 0.872222900390625
Car 0.0 0 3.586487293243408 9.635647773742676 167.40835571289062 295.35272216796875 263.296630859375 3.6528044 1.4466543 1.5663449 -7.383137 1.3648543 11.864943 3.0298571586608887 0.8700768351554871
Car 0.0 0 3.353590726852417 343.2509460449219 173.61325073242188 480.91949462890625 218.49288940429688 4.263467 1.4641979 1.6058677 -6.674433 1.4912888 24.485521 3.0874693393707275 0.8471009135246277
Car 0.0 0 3.863809108734131 0.0 167.61524963378906 146.94918823242188 330.0877990722656 3.8422022 1.4365709 1.5690005 -7.166908 1.3906081 7.2681494 3.0854244232177734 0.8273237943649292
Car 0.0 0 -0.12654219567775726 675.8196411132812 172.02366638183594 747.1796264648438 201.0155029296875 3.903792 1.6432179 1.7029374 5.79822 1.5965134 41.76668 0.011400222778320312 0.814278244972229
Car 0.0 0 3.296168327331543 387.64849853515625 174.86639404296875 508.7739562988281 215.70448303222656 4.223948 1.4685003 1.575231 -6.011008 1.5466229 26.956797 3.0767710208892822 0.7079586386680603
Car 0.0 0 -0.22661547362804413 711.3321533203125 171.8030548095703 797.7871704101562 207.857421875 3.5180285 1.5689819 1.5941744 6.3769226 1.5236057 32.24839 -0.031390175223350525 0.6590679883956909
Car 0.0 0 3.944502592086792 0.0 209.5595245361328 142.71559143066406 375.0 4.064987 1.441817 1.5596222 -5.8467307 1.7415245 4.9759226 3.0788156986236572 0.6151754260063171
