Pedestrian 0.0 0 0.013940319418907166 562.0067749023438 173.52423095703125 576.8413696289062 201.8019256591797 0.93098146 1.7783084 0.50911677 -2.5970094 1.8213375 45.660133 -0.04287542402744293 0.5935313701629639
Pedestrian 0.0 0 0.9787527918815613 639.5582275390625 179.4233856201172 658.1143798828125 222.3188934326172 0.48165083 1.7266886 0.5892001 1.5459269 1.9990034 29.50921 1.031092882156372 0.2866271734237671
Pedestrian 0.0 0 0.4110682010650635 1093.5706787109375 135.8723907470703 1242.0 357.1622009277344 1.4663806 1.8888078 0.6871067 5.5873313 1.5735111 6.9647555 1.0871670246124268 0.22881844639778137
Pedestrian 0.0 0 0.6156028509140015 71.65701293945312 210.1071014404297 151.44407653808594 346.0621337890625 0.6706667 1.6403126 0.48343506 -6.3162374 2.1222782 9.080944 0.007870674133300781 0.21639858186244965
Cyclist 0.0 0 0.5403794050216675 612.654052734375 117.9384994506836 664.3908081054688 179.52577209472656 1.5027092 1.8130788 0.5402558 0.8117599 0.1967696 21.875225 0.5774710178375244 0.3957921266555786
Cyclist 0.0 0 0.4110682010650635 1093.5706787109375 135.8723907470703 1242.0 357.1622009277344 1.4663806 1.8888078 0.6871067 5.5873313 1.5735111 6.9647555 1.0871670246124268 0.29694321751594543
Car 0.0 0 1.7949419021606445 319.2093505859375 191.01524353027344 444.1086730957031 276.4241638183594 4.1213565 1.4271027 1.5838606 -4.6365013 1.8599567 15.06628 1.496399164199829 0.9715799689292908
Car 0.0 0 1.7418098449707031 421.4739685058594 187.6438751220703 487.9610900878906 235.460693359375 3.5803924 1.3482021 1.5076165 -4.973515 1.8631723 23.284567 1.5313750505447388 0.9380003809928894
Car 0.0 0 1.2023934125900269 699.352294921875 156.02883911132812 865.2261962890625 263.4671325683594 4.260895 1.7809858 1.6884037 3.1109824 1.5024358 14.192077 1.418185830116272 0.8877788186073303
Car 0.0 0 1.6716663837432861 454.35809326171875 180.55828857421875 502.378173828125 221.28445434570312 3.7278335 1.5130779 1.5606673 -5.3511276 1.8484176 29.450047 1.4919254779815674 0.4780642092227936
Car 0.0 0 -1.4339998960494995 575.4744262695312 175.1235809326172 607.820556640625 201.1614990234375 3.5814693 1.5703185 1.5763549 -1.1566024 1.7203234 45.70525 -1.45930016040802 0.2868267595767975
