Pedestrian 0.0 0 1.7777572870254517 598.9786987304688 179.53453063964844 618.4693603515625 224.10400390625 0.67426217 1.7557415 0.65825534 -0.089792125 2.0277169 28.936783 1.7746542692184448 0.4898935556411743
Car 0.0 0 -1.860302448272705 828.807373046875 172.9395751953125 962.130615234375 253.00308227539062 3.8655636 1.5167905 1.6103362 5.962191 1.5192416 15.658148 -1.4964805841445923 0.9820427298545837
Car 0.0 0 -2.2874915599823 0.0 205.3660125732422 241.67213439941406 339.42584228515625 3.652679 1.3947364 1.6137456 -6.9359202 1.8643918 9.242014 -2.931298017501831 0.975315511226654
Car 0.0 0 -1.502701997756958 604.3892211914062 176.72679138183594 683.1314697265625 248.8603057861328 3.6905067 1.5614388 1.6814826 0.8764633 1.6674718 17.754423 -1.4533761739730835 0.969458818435669
Car 0.0 0 -1.6789023876190186 807.740234375 177.37867736816406 881.2987060546875 234.05996704101562 4.2367353 1.5103091 1.6388429 6.9321117 1.6615494 21.819263 -1.3712817430496216 0.9435178637504578
Car 0.0 0 -2.147995948791504 1017.9620361328125 171.06887817382812 1242.0 375.0 3.7755568 1.4657577 1.5075005 3.5577679 1.4618734 3.707193 -1.3831627368927002 0.8317802548408508
Car 0.0 0 -1.5490684509277344 629.5315551757812 177.6560516357422 686.8031616210938 238.48281860351562 4.025047 1.7370709 1.6639855 1.5294962 1.9044065 23.008703 -1.4826914072036743 0.7737725973129272
Car 0.0 0 -1.698792576789856 787.1189575195312 167.97640991210938 837.1734008789062 210.51263427734375 3.8531108 1.7689973 1.6474621 8.863343 1.5665058 32.028297 -1.4288142919540405 0.6559330224990845
Car 0.0 0 -1.7038583755493164 775.4207153320312 171.20957946777344 812.1450805664062 198.7303924560547 3.7619412 1.5583143 1.6183321 10.822273 1.4655601 42.814087 -1.4562709331512451 0.5567712783813477
Car 0.0 0 -1.411932110786438 662.5482788085938 182.45274353027344 710.7217407226562 221.07664489746094 3.483535 1.5320357 1.5568886 3.3481197 1.975744 31.43907 -1.3058364391326904 0.5014533996582031
