Pedestrian 0.0 0 -1.4430958032608032 1148.274169921875 139.45675659179688 1173.4019775390625 191.07347106933594 0.49263415 1.9718797 0.7182571 21.325638 0.69638443 27.989265 -0.7920081615447998 0.3860224783420563
Pedestrian 0.0 0 0.36043423414230347 274.0485534667969 174.35691833496094 284.57275390625 194.91880798339844 0.6188104 1.7446947 0.67686796 -28.267529 1.8741813 61.632008 -0.06958983838558197 0.2049768716096878
Pedestrian 0.0 0 1.3220078945159912 1146.7801513671875 141.056884765625 1242.0 339.26171875 1.5243735 1.7884095 0.6197827 5.971226 1.5018609 7.3295164 2.0056374073028564 0.13688424229621887
Pedestrian 0.0 0 2.1456527709960938 932.7901611328125 123.5639419555664 998.19482421875 217.13792419433594 1.0945919 1.8642277 0.74340034 7.3257575 0.8826044 14.972533 2.6006875038146973 0.133861243724823
Cyclist 0.0 0 1.3243694305419922 1146.4373779296875 144.23292541503906 1242.0 337.0316162109375 1.4988459 1.7517076 0.5931166 5.9684515 1.4920235 7.357513 2.0059053897857666 0.1328480839729309
Car 0.0 0 -1.5402971506118774 588.658203125 176.60134887695312 616.07568359375 202.94175720214844 4.3841677 1.6524117 1.6964649 -0.49801493 1.9140571 48.09861 -1.5506508350372314 0.8581508994102478
Car 0.0 0 1.7827112674713135 420.5298156738281 183.80418395996094 464.23443603515625 212.251220703125 3.9166627 1.4725904 1.6224205 -9.462469 2.1226447 40.836636 1.5550144910812378 0.7037960886955261
Car 0.0 0 -1.7372658252716064 675.72265625 171.3339080810547 698.4929809570312 188.5546875 3.4315534 1.5291722 1.5138402 6.989017 1.3945485 65.82699 -1.6314895153045654 0.3662358820438385
Car 0.0 0 -1.3761661052703857 410.177978515625 177.5161590576172 465.53546142578125 215.29934692382812 3.7785306 1.4604738 1.5573668 -7.192309 1.6688862 30.27882 -1.6093798875808716 0.14996516704559326
Car 0.0 0 1.8045505285263062 475.3040771484375 180.14926147460938 504.8164367675781 199.4957733154297 3.976012 1.5276043 1.566003 -10.047989 2.1607325 60.54405 1.6400879621505737 0.132486954331398
Car 0.0 0 1.765852451324463 444.6125793457031 176.4350128173828 489.8474426269531 208.01145935058594 3.872861 1.5598329 1.6184534 -7.498705 1.758492 38.016174 1.5711021423339844 0.13212423026561737
Car 0.0 0 -1.578407883644104 997.35400390625 165.07595825195312 1025.0341796875 191.53306579589844 3.8984497 1.7927207 1.6521294 28.300058 1.2660422 50.99516 -1.071767807006836 0.12686921656131744
