Pedestrian 0.0 0 -2.2682130336761475 441.36883544921875 161.45419311523438 508.6307373046875 277.98486328125 0.8634531 1.8207955 0.6899052 -2.1764133 1.5248611 11.583274 -2.4539403915405273 0.7822787165641785
Pedestrian 0.0 0 -0.47251784801483154 1040.422119140625 120.9286880493164 1189.8856201171875 301.1351623535156 1.0880436 1.8181692 0.7168852 5.363147 1.2188259 7.56169 0.14439082145690918 0.748931348323822
Pedestrian 0.0 0 -1.386237621307373 275.9072570800781 174.56114196777344 319.0107727050781 261.39892578125 0.8375128 1.7180316 0.6690318 -6.321693 1.6021645 14.466947 -1.7982072830200195 0.4052286446094513
Pedestrian 0.0 0 0.6051831245422363 406.3783874511719 173.94285583496094 482.52081298828125 297.4234313964844 0.97691613 1.8336207 0.6118194 -2.5302274 1.7379128 10.959005 0.3782780170440674 0.3945225477218628
Pedestrian 0.0 0 -1.5824873447418213 0.0 186.14041137695312 14.89911937713623 239.70777893066406 0.7848378 1.6407994 0.5806162 -18.987995 1.8236941 22.241196 -2.2891433238983154 0.23127426207065582
Pedestrian 0.0 0 2.790541172027588 508.6946105957031 164.33377075195312 521.5801391601562 186.3634796142578 0.99258953 1.8820646 0.4888834 -7.7151113 0.50213116 60.845467 2.6644158363342285 0.2265528291463852
Pedestrian 0.0 0 -0.17656803131103516 769.6506958007812 156.0673828125 802.5933837890625 187.97091674804688 1.7530239 1.8150518 0.5987042 10.381224 0.42641833 40.583584 0.07386064529418945 0.10049687325954437
Cyclist 0.0 0 -2.1187195777893066 971.0852661132812 142.58164978027344 1027.6319580078125 210.9126434326172 1.7605455 1.720984 0.44901708 10.357141 0.76756644 18.69167 -1.6127305030822754 0.6431686282157898
Cyclist 0.0 0 -0.17656803131103516 769.6506958007812 156.0673828125 802.5933837890625 187.97091674804688 1.7530239 1.8150518 0.5987042 10.381224 0.42641833 40.583584 0.07386064529418945 0.26106950640678406
Car 0.0 0 -0.8089298009872437 0.0 203.4980010986328 289.5898132324219 370.0 3.6604898 1.4681991 1.5419005 -3.2262585 1.6436756 3.494646 -1.5544159412384033 0.8814051747322083
Car 0.0 0 -1.5930498838424683 652.255615234375 168.41452026367188 678.0924682617188 192.93438720703125 4.142893 1.599314 1.6559753 4.0686717 0.8123655 48.23112 -1.5088913440704346 0.7402982711791992
Car 0.0 0 1.880669116973877 442.69500732421875 169.7925262451172 489.4142761230469 196.80528259277344 4.2606983 1.6014951 1.6404129 -8.608614 0.96805453 44.12521 1.6879942417144775 0.5393162965774536
