Pedestrian 0.0 0 1.1545542478561401 1190.3062744140625 117.23985290527344 1242.0 219.00271606445312 0.613755 1.7707636 0.54929405 10.821668 0.80338615 12.923628 1.8516614437103271 0.16365806758403778
Pedestrian 0.0 0 -3.374331474304199 854.6763305664062 174.97349548339844 864.1799926757812 197.04180908203125 0.5782697 1.7645359 0.69556737 20.071419 1.9367769 58.136745 -3.0418989658355713 0.14496903121471405
Pedestrian 0.0 0 0.4608768820762634 183.28848266601562 186.58984375 198.49227905273438 212.07725524902344 0.73987 1.7894107 0.6145214 -29.849081 2.773518 51.342285 -0.06573463976383209 0.12453630566596985
Car 0.0 0 1.8837933540344238 291.4778137207031 184.52203369140625 344.6759948730469 215.5081329345703 3.5888522 1.4847286 1.5545846 -15.265081 2.1263087 37.804752 1.5000263452529907 0.7448212504386902
Car 0.0 0 -1.3908885717391968 454.0051574707031 183.0787811279297 496.1259765625 213.1377716064453 3.5859547 1.4648707 1.5755837 -7.12442 2.0317526 38.178883 -1.5753730535507202 0.5047877430915833
Car 0.0 0 -1.0876164436340332 230.25537109375 192.24301147460938 296.6431579589844 222.02731323242188 3.892394 1.4189544 1.6021585 -18.640614 2.5181885 38.91641 -1.534316062927246 0.45767930150032043
Car 0.0 0 2.09213924407959 372.9996643066406 181.7230224609375 412.43707275390625 199.78102111816406 3.997568 1.4794883 1.5266824 -19.04004 2.284195 63.315025 1.8000229597091675 0.18925219774246216
Car 0.0 0 1.959120750427246 302.8572082519531 183.65281677246094 349.0514831542969 203.2417755126953 4.632355 1.40126 1.7420578 -22.197285 2.282196 56.506153 1.5848110914230347 0.1710694283246994
Car 0.0 0 1.7784347534179688 422.5212097167969 169.79335021972656 481.87982177734375 208.95765686035156 4.396209 1.6051074 1.6801999 -6.8989067 1.4800278 31.771954 1.5646157264709473 0.15455543994903564
Car 0.0 0 -2.3109347820281982 160.15744018554688 185.35614013671875 215.26443481445312 208.18763732910156 3.3872008 1.5711423 1.572985 -30.61461 2.4990318 52.274998 -2.8407325744628906 0.12631218135356903
