Pedestrian 0.0 0 1.6946933269500732 283.1802673339844 135.42356872558594 390.5879211425781 374.0 0.77629125 1.7291923 0.5667114 -1.7373412 1.4598975 4.660879 1.3378970623016357 0.8099021315574646
Pedestrian 0.0 0 3.0371618270874023 614.7730102539062 161.01226806640625 642.9722900390625 217.95445251464844 0.8297555 1.7865769 0.68757653 0.84244394 1.1448754 22.906403 3.073922872543335 0.8000552654266357
Pedestrian 0.0 0 2.336860418319702 628.2012939453125 158.2275390625 673.3373413085938 244.1173095703125 0.6485139 1.6994479 0.65239495 0.96858585 1.2402182 14.67014 2.4027891159057617 0.7937628626823425
Pedestrian 0.0 0 -1.8960243463516235 720.7958984375 156.7257537841797 752.0311279296875 225.57501220703125 0.7656023 1.7484863 0.5813277 3.4668694 1.1205027 18.660097 -1.712328314781189 0.7856257557868958
Pedestrian 0.0 0 1.3736240863800049 706.89599609375 166.78494262695312 733.9854736328125 238.6666717529297 0.6439501 1.688858 0.5220893 2.8102617 1.3443315 17.205612 1.5355284214019775 0.7843164801597595
Pedestrian 0.0 0 1.907130479812622 449.9248046875 163.2843475341797 471.21197509765625 218.55560302734375 0.5462391 1.7233907 0.50954497 -4.475619 1.156525 22.701862 1.7124791145324707 0.7648288011550903
Pedestrian 0.0 0 1.314395785331726 750.3524169921875 155.7742919921875 776.646728515625 215.43991088867188 0.8490136 1.7602392 0.5734394 4.8433757 1.0024159 21.624083 1.5347397327423096 0.7610979676246643
Pedestrian 0.0 0 1.9116028547286987 661.2839965820312 173.79554748535156 691.341796875 237.9644012451172 0.5343739 1.5359493 0.5868929 1.7987754 1.3527328 17.558657 2.01369047164917 0.6695224642753601
Pedestrian 0.0 0 1.2168292999267578 675.8644409179688 160.78396606445312 709.1180419921875 244.4890899658203 0.49146542 1.6524029 0.5259216 1.7926377 1.2447013 14.477231 1.34002685546875 0.5167225003242493
Pedestrian 0.0 0 2.0108580589294434 461.0081787109375 166.2224884033203 487.67596435546875 224.9839630126953 0.6977019 1.768864 0.56307024 -3.921183 1.3100958 22.031239 1.8347195386886597 0.48286038637161255
Pedestrian 0.0 0 1.4308215379714966 185.4552459716797 157.74429321289062 331.703857421875 374.0 0.66240436 1.5776892 0.597607 -1.8639079 1.469095 3.7664726 0.971287727355957 0.45522284507751465
Pedestrian 0.0 0 3.149052143096924 540.155029296875 173.5579833984375 559.6873168945312 210.10011291503906 0.97789776 1.8323812 0.5318899 -2.609309 1.4350116 36.314636 3.077322483062744 0.4485686123371124
Pedestrian 0.0 0 0.5406867861747742 280.9294738769531 167.54432678222656 317.0114440917969 249.63357543945312 0.443743 1.6003442 0.5498651 -6.0571547 1.3295276 14.30468 0.14013934135437012 0.440321683883667
Pedestrian 0.0 0 2.281867504119873 1018.5193481445312 138.30233764648438 1069.724853515625 230.99745178222656 0.58528364 1.7592971 0.6179959 8.591602 0.94068956 14.014446 2.831829786300659 0.3805023431777954
Pedestrian 0.0 0 2.3832786083221436 679.1588745117188 163.81906127929688 720.4668579101562 243.2461700439453 0.7015238 1.7127334 0.5792282 2.1442108 1.3326952 15.9273 2.517098903656006 0.3550916910171509
Pedestrian 0.0 0 -2.6827988624572754 692.4557495117188 156.9373321533203 727.9801635742188 226.81129455566406 0.74715847 1.773025 0.5489613 2.7944589 1.1509367 18.663465 -2.5341742038726807 0.35372310876846313
Pedestrian 0.0 0 0.37627488374710083 1044.65478515625 151.97750854492188 1113.8907470703125 288.9665832519531 0.5713268 1.7453208 0.6476704 6.318994 1.370521 9.569141 0.9598925113677979 0.26917776465415955
Pedestrian 0.0 0 1.4642179012298584 739.3139038085938 161.6620635986328 761.1663818359375 215.1620330810547 0.7012786 1.7201133 0.62636054 4.831525 1.0833879 23.472223 1.6672226190567017 0.25142261385917664
Cyclist 0.0 0 -1.657046914100647 910.8652954101562 136.18089294433594 945.409423828125 242.20962524414062 1.7137336 1.7092885 0.38979843 5.6012545 0.9799923 12.450821 -1.2343008518218994 0.3385719358921051
Car 0.0 0 1.6724731922149658 552.0820922851562 171.06997680664062 588.9580078125 198.38819885253906 4.325835 1.4850761 1.6864586 -1.7212685 0.9189045 41.257175 1.6307768821716309 0.8910990953445435
Car 0.0 0 1.185779094696045 743.2401733398438 190.6957550048828 926.1038818359375 301.76220703125 3.2557085 1.3515968 1.4185368 3.2339947 1.5115148 10.703701 1.4791961908340454 0.8157415390014648
Car 0.0 0 -1.6983463764190674 317.4604797363281 161.61978149414062 376.9491882324219 203.22854614257812 4.173169 1.4898912 1.6508003 -9.97453 0.77908987 27.953 -2.0410947799682617 0.27043214440345764
