Pedestrian 0.0 0 2.659297227859497 936.6585693359375 115.49292755126953 1047.1356201171875 268.05291748046875 1.0835493 1.8628182 0.5857952 4.7420745 1.1627747 9.101481 3.139620780944824 0.2054939866065979
Pedestrian 0.0 0 -0.31847095489501953 834.7447509765625 118.31497192382812 922.4061279296875 265.2787780761719 0.93843013 1.8105011 0.473159 3.3326337 1.1389726 9.137273 0.0312652587890625 0.17344270646572113
Pedestrian 0.0 0 -0.3637654483318329 546.6461181640625 168.01991271972656 565.4675903320312 201.89862060546875 0.8401575 1.8032 0.6337898 -2.943453 1.5462627 38.8667 -0.43935316801071167 0.15652233362197876
Pedestrian 0.0 0 1.6959983110427856 504.25830078125 170.179443359375 522.4833984375 212.27322387695312 0.62719566 1.8247182 0.71928394 -4.267751 1.7091376 31.591972 1.5617214441299438 0.1413143426179886
Cyclist 0.0 0 3.77921724319458 0.0 87.98298645019531 116.19710540771484 248.8438720703125 1.5905173 1.7639788 0.56294805 -6.6850758 0.8336526 8.226331 3.0968141555786133 0.12649375200271606
Car 0.0 0 1.9854176044464111 139.85826110839844 179.22169494628906 432.398193359375 352.3521728515625 4.2771034 1.6560224 1.7286719 -3.7648122 1.7568341 9.218882 1.5977075099945068 0.9090366959571838
Car 0.0 0 -1.4733185768127441 662.6609497070312 167.64134216308594 702.759765625 201.05096435546875 3.4062254 1.4977201 1.5668403 3.4464736 1.2644001 34.167034 -1.372787356376648 0.8192617893218994
Car 0.0 0 2.1845922470092773 0.0 181.07058715820312 249.03787231445312 375.0 4.096484 1.5996988 1.6523234 -3.6997285 1.6703333 4.031206 1.442044734954834 0.7117152810096741
Car 0.0 0 -1.185120940208435 411.867431640625 153.2373809814453 479.878173828125 201.23948669433594 4.5056286 2.2336774 1.732396 -8.114797 1.3212172 35.9363 -1.4072067737579346 0.2357560396194458
Car 0.0 0 0.3698181211948395 315.1901550292969 192.8444061279297 414.7656555175781 228.47789001464844 3.8365166 1.4891803 1.7354134 -10.909775 2.407056 32.16529 0.042816162109375 0.157567098736763
Car 0.0 0 1.7797468900680542 556.6241455078125 167.23812866210938 592.87060546875 193.7266082763672 3.21832 1.6616812 1.7292299 -2.2905433 1.3097428 46.98744 1.7310374975204468 0.15578091144561768
Car 0.0 0 -1.6162958145141602 696.494873046875 171.0386505126953 716.7367553710938 189.59934997558594 3.389687 1.4645343 1.4743354 7.809543 1.3216509 58.682636 -1.4839922189712524 0.1140124723315239
