Pedestrian 0.0 0 2.1976544857025146 792.0891723632812 159.92481994628906 828.6884765625 226.9606170654297 0.7189606 1.7578993 0.65050775 5.3390336 1.4192115 19.396942 2.466254234313965 0.8107774257659912
Pedestrian 0.0 0 1.2294355630874634 105.28509521484375 170.80918884277344 134.95057678222656 231.48040771484375 0.52726525 1.8133763 0.6052394 -14.9579935 1.7526178 21.962877 0.6315357685089111 0.5768954753875732
Pedestrian 0.0 0 0.49618810415267944 1124.0133056640625 140.8240966796875 1193.10693359375 241.6498260498047 0.8114685 1.7946733 0.6384321 10.082516 1.2249067 13.342011 1.1433252096176147 0.29138121008872986
Pedestrian 0.0 0 -0.38415104150772095 1027.2198486328125 145.11715698242188 1079.13037109375 230.93783569335938 0.7377697 1.7388692 0.62298274 9.141225 1.1772327 14.98423 0.16363000869750977 0.22064955532550812
Pedestrian 0.0 0 -2.598703145980835 274.4476318359375 182.77590942382812 284.9801025390625 202.3077392578125 0.60013956 1.712205 0.6496142 -29.301434 2.5971305 63.967903 -3.02824330329895 0.21401147544384003
Pedestrian 0.0 0 1.5229321718215942 217.6551055908203 181.39840698242188 236.11651611328125 225.78176879882812 0.75325686 1.704082 0.6045642 -15.105927 2.046007 28.362827 1.0335490703582764 0.1869388073682785
Pedestrian 0.0 0 1.164285659790039 1186.374267578125 159.5947265625 1242.0 267.7196044921875 0.7201366 1.6182371 0.5862839 9.43623 1.4201516 11.22536 1.863307237625122 0.18023207783699036
Pedestrian 0.0 0 -1.93440580368042 125.03555297851562 192.5061798095703 153.4593048095703 246.6528778076172 0.7359894 1.6882911 0.5398285 -15.212986 2.333668 23.244791 -2.513916015625 0.13235171139240265
Pedestrian 0.0 0 -2.5215933322906494 285.7953186035156 151.0721893310547 306.69696044921875 190.72483825683594 0.75249404 1.8971499 0.5403072 -15.196019 0.85537434 34.860977 -2.9326629638671875 0.1313510239124298
Car 0.0 0 2.008314371109009 241.34185791015625 184.9508819580078 346.1143493652344 233.3758544921875 4.352326 1.5042187 1.7290457 -11.158097 1.9725165 25.708744 1.5988290309906006 0.9102622270584106
Car 0.0 0 -1.54556143283844 599.1175537109375 174.1824951171875 626.3973388671875 200.04685974121094 4.3060746 1.5679324 1.638122 0.18489265 1.6572492 46.13742 -1.5415539741516113 0.865135669708252
Car 0.0 0 -0.8396209478378296 1160.095947265625 156.7858428955078 1242.0 187.0856170654297 4.0276194 1.6117325 1.674524 32.604298 0.7573785 39.506058 -0.14964324235916138 0.15404993295669556
Car 0.0 0 -1.4566107988357544 668.7858276367188 180.15452575683594 699.4140014648438 204.61395263671875 3.6591876 1.4418027 1.5222709 4.6903048 1.9237515 45.644264 -1.3542124032974243 0.14762207865715027
Car 0.0 0 1.7205322980880737 369.8045349121094 179.09776306152344 411.5356750488281 208.86289978027344 4.3095584 1.6224536 1.7301439 -12.897856 2.0104046 42.531097 1.4260900020599365 0.1321551352739334
