Car 0.0 0 -1.2357044219970703 232.6350555419922 189.25448608398438 446.4456481933594 319.4674072265625 3.6460578 1.4840579 1.6650097 -3.5607946 1.5523689 10.127897 -1.5737886428833008 0.9704086184501648
Car 0.0 0 -1.4098272323608398 464.5003967285156 185.4577178955078 536.5376586914062 235.84295654296875 4.053687 1.4365598 1.6001087 -3.3059127 1.445971 22.550407 -1.5553913116455078 0.9259701371192932
Car 0.0 0 -1.4732259511947632 432.0069274902344 180.58328247070312 474.18792724609375 212.04052734375 3.9307785 1.4907197 1.697276 -7.741424 1.2723268 36.110836 -1.6844090223312378 0.8809215426445007
Car 0.0 0 1.8039219379425049 365.5617980957031 184.95323181152344 437.1432189941406 223.35714721679688 3.8021042 1.2858218 1.6515251 -7.409735 1.2781656 26.000523 1.5262975692749023 0.8081770539283752
Car 0.0 0 -1.601011872291565 585.1846313476562 179.21038818359375 623.5547485351562 214.5565643310547 3.4226847 1.5596033 1.6727751 -0.23615307 1.2957584 33.456116 -1.6080703735351562 0.7649314999580383
Car 0.0 0 -0.9006725549697876 0.0 184.987548828125 187.5648651123047 329.2091979980469 4.2011395 1.5180398 1.6587164 -7.7520423 1.5167695 9.667999 -1.5765252113342285 0.7512787580490112
Car 0.0 0 -1.0644142627716064 195.90757751464844 185.87608337402344 353.4833679199219 253.87213134765625 3.850597 1.3709909 1.6009051 -7.4958634 1.3891169 16.512161 -1.4905565977096558 0.6823196411132812
Car 0.0 0 -1.0765366554260254 85.05492401123047 186.06045532226562 238.28671264648438 246.87399291992188 4.1784782 1.3984891 1.5799065 -11.43452 1.4241197 18.715382 -1.6249825954437256 0.6494504809379578
Car 0.0 0 2.0633389949798584 193.30767822265625 184.13853454589844 294.0963134765625 228.01571655273438 3.5823126 1.3828517 1.5462145 -12.307486 1.3500347 24.462936 1.5972086191177368 0.5878486037254333
Car 0.0 0 -1.218070387840271 329.1992492675781 181.26121520996094 386.8598327636719 212.32801818847656 3.5727465 1.4658902 1.5688622 -12.370026 1.2804292 35.716717 -1.551478385925293 0.5328699350357056
