Car 0.0 0 -1.7133055925369263 661.3963623046875 188.7127685546875 723.677490234375 239.2414093017578 3.8041394 1.5857967 1.6687529 2.8245494 2.1952696 25.781715 -1.6041845083236694 0.9759131669998169
Car 0.0 0 -1.9168559312820435 768.2841796875 200.8367462158203 1032.6053466796875 375.0 3.5823603 1.4289609 1.5685757 2.9403486 1.8190217 8.251669 -1.574549674987793 0.9703237414360046
Car 0.0 0 -1.7804501056671143 710.7476196289062 189.9466094970703 842.75341796875 287.43695068359375 3.7856643 1.5066617 1.6374171 2.9435885 1.8766649 13.706876 -1.5689103603363037 0.9577047824859619
Car 0.0 0 -2.757927894592285 236.83383178710938 184.5249481201172 432.9678955078125 259.1690979003906 3.8588624 1.5917481 1.6602373 -6.2461433 1.8736435 16.529778 -3.1192142963409424 0.9275525212287903
Car 0.0 0 3.809574842453003 0.0 183.74526977539062 221.005859375 369.4931945800781 3.9603667 1.5980955 1.6749681 -6.411924 1.7223823 7.2617064 3.0862443447113037 0.9165930151939392
Car 0.0 0 -1.703590750694275 644.615966796875 187.49513244628906 686.5889892578125 222.41201782226562 3.717442 1.5967416 1.6281136 2.7221718 2.3762498 36.49197 -1.6291321516036987 0.8402315378189087
Car 0.0 0 -2.2630715370178223 900.94287109375 175.9181671142578 1242.0 375.0 3.7748244 1.4812257 1.5963892 2.7090793 1.5028416 3.0948923 -1.5440497398376465 0.8368770480155945
Car 0.0 0 -2.460221290588379 174.74546813964844 202.66696166992188 405.9219970703125 288.84381103515625 4.0668564 1.4292357 1.5563072 -6.277203 2.0664773 14.130583 -2.878264904022217 0.790406346321106
Car 0.0 0 0.5592710971832275 0.0 163.35028076171875 343.2589416503906 303.38885498046875 4.2803087 1.6894789 1.6837233 -6.037334 1.5751803 9.553264 -0.004321493208408356 0.784383237361908
Car 0.0 0 -2.633103370666504 65.30213165283203 167.09584045410156 349.05743408203125 269.72174072265625 3.7353926 1.5630927 1.6445535 -6.4939804 1.4757481 11.820682 -3.1354663372039795 0.7403686046600342
Car 0.0 0 0.34839245676994324 350.8021240234375 185.97808837890625 487.3978271484375 237.9143829345703 4.127451 1.6427088 1.7102299 -6.4334183 2.105473 24.381508 0.0904078483581543 0.7353541254997253
Car 0.0 0 3.342531204223633 401.8962707519531 177.50503540039062 508.6351013183594 220.20066833496094 3.9548054 1.6613098 1.6990086 -6.2254314 1.8550577 29.130337 3.131988763809204 0.7109296321868896
