Pedestrian 0.0 0 0.2614625096321106 723.776123046875 159.4318389892578 737.43994140625 184.19789123535156 0.99425286 1.9440277 0.39802405 9.940985 0.29151154 55.886215 0.4375002384185791 0.28999093174934387
Pedestrian 0.0 0 -1.2688982486724854 118.57767486572266 153.7700958251953 140.7835693359375 195.03082275390625 0.613573 2.0037515 0.7582597 -23.36257 0.7071024 34.734016 -1.8610066175460815 0.24402326345443726
Pedestrian 0.0 0 -2.0465281009674072 983.327880859375 149.25572204589844 1034.0164794921875 216.96627807617188 1.6082519 1.6672823 0.44198254 10.337801 0.8995307 18.217566 -1.5303761959075928 0.12937013804912567
Cyclist 0.0 0 -2.0412769317626953 981.3896484375 147.08294677734375 1033.568115234375 214.0440673828125 1.7413517 1.6545956 0.4283644 10.376636 0.8304636 18.34537 -1.5265151262283325 0.46388402581214905
Cyclist 0.0 0 1.298209309577942 880.810546875 157.82752990722656 905.3729248046875 196.2897186279297 2.0273998 1.7596564 0.54430085 13.568107 0.72384244 33.380733 1.6842767000198364 0.35262253880500793
Car 0.0 0 -0.8083113431930542 0.0 206.4269256591797 290.6909484863281 370.0 3.7354171 1.4790498 1.5533854 -3.2124965 1.6761037 3.4452803 -1.5587595701217651 0.885231077671051
Car 0.0 0 1.7941956520080566 364.7370910644531 179.3599090576172 400.71905517578125 201.1431427001953 4.0106974 1.5135589 1.6389755 -16.034506 1.435644 51.187294 1.4906260967254639 0.6893615126609802
Car 0.0 0 0.7696487307548523 456.44976806640625 172.78517150878906 567.602783203125 211.51365661621094 4.4329314 1.4271709 1.6998949 -3.7630293 1.1443905 28.050945 0.6362950801849365 0.5240821242332458
Car 0.0 0 1.622929573059082 88.83280181884766 182.57383728027344 120.81688690185547 205.48207092285156 3.9393566 1.4888293 1.5869293 -34.20188 1.6382614 48.413166 1.0078823566436768 0.3677870035171509
Car 0.0 0 -1.8752779960632324 477.91387939453125 168.87460327148438 526.77734375 198.02499389648438 3.9513338 1.5785348 1.6476988 -5.926218 0.95040536 40.420048 -2.0208566188812256 0.2583550810813904
