Pedestrian 0.0 0 -1.9532158374786377 596.2194213867188 171.73187255859375 621.7291259765625 211.8979949951172 1.0034689 1.6201146 0.7267938 -0.08973829 1.5752107 29.702267 -1.9562370777130127 0.6957733035087585
Pedestrian 0.0 0 2.801680088043213 807.4064331054688 74.55289459228516 912.10107421875 293.8793640136719 0.6581225 1.7144597 0.56586206 1.9759653 0.9464047 5.926298 3.123511552810669 0.31235620379447937
Pedestrian 0.0 0 -1.963418960571289 652.7069702148438 173.62478637695312 667.9429931640625 201.0970001220703 0.7190786 1.6904957 0.7248744 3.0955184 1.7392861 44.87866 -1.8945527076721191 0.2517091631889343
Pedestrian 0.0 0 -1.4261366128921509 662.3524780273438 177.9471893310547 675.6871337890625 209.2150421142578 0.79278296 1.616407 0.5909896 3.0663764 1.8874869 37.897293 -1.3453997373580933 0.18011653423309326
Car 0.0 0 2.0299477577209473 36.810699462890625 212.11904907226562 383.33111572265625 375.0 3.7313292 1.3388141 1.558637 -3.7690163 1.8496678 7.50778 1.5646895170211792 0.9719954133033752
Car 0.0 0 1.8562486171722412 326.19659423828125 180.92794799804688 475.3966369628906 280.8441162109375 3.9669137 1.5839455 1.6498425 -3.8356965 1.7605382 13.752301 1.5842481851577759 0.9631810784339905
Car 0.0 0 -1.6329889297485352 614.7389526367188 174.62442016601562 658.72802734375 213.41761779785156 3.561994 1.4871441 1.5734335 1.0023738 1.5646212 29.624653 -1.5991660356521606 0.79781574010849
Car 0.0 0 1.7675858736038208 498.74005126953125 170.5537109375 554.7608032226562 208.545654296875 4.505479 1.7092572 1.8347033 -3.967626 1.6061252 34.78041 1.6540004014968872 0.7868524789810181
Car 0.0 0 1.4860448837280273 614.038818359375 174.6221160888672 643.7346801757812 198.25234985351562 4.155881 1.4725286 1.5955832 1.1682019 1.5942451 47.39988 1.5106855630874634 0.22434698045253754
Car 0.0 0 1.5938810110092163 656.9200439453125 166.0503387451172 684.0694580078125 194.53663635253906 4.0015287 1.7525084 1.6523275 3.9001863 1.3342971 46.46453 1.6776237487792969 0.20275557041168213
Car 0.0 0 -1.415174126625061 583.1923828125 185.16957092285156 672.097412109375 256.89129638671875 3.523256 1.4467711 1.5687383 0.46603745 1.7705536 17.070936 -1.387880802154541 0.17712201178073883
