Car 0.0 0 -1.7996991872787476 716.1575927734375 188.90179443359375 857.0390014648438 283.2135009765625 3.5075386 1.334176 1.5749221 2.8520463 1.6530682 12.56096 -1.5764282941818237 0.9733677506446838
Car 0.0 0 0.677834689617157 0.0 189.70742797851562 296.4931945800781 344.6897888183594 4.3548155 1.4955206 1.638985 -6.076581 1.7043744 8.0379505 0.030513286590576172 0.943292498588562
Car 0.0 0 0.5374987721443176 18.665773391723633 181.4442138671875 372.21405029296875 308.8062744140625 4.1008315 1.6372764 1.6667502 -5.7697926 1.770593 10.278796 0.025998830795288086 0.8858986496925354
Car 0.0 0 3.485276699066162 222.3798065185547 179.13388061523438 414.6040954589844 240.40553283691406 4.039166 1.3999151 1.552087 -7.010214 1.560077 17.507633 3.1044178009033203 0.8750356435775757
Car 0.0 0 3.3501954078674316 379.817138671875 178.0203094482422 490.8497314453125 221.1983184814453 3.777287 1.5488069 1.6233389 -6.501548 1.7483416 26.950304 3.113476276397705 0.8254116773605347
Car 0.0 0 -1.6957417726516724 636.820556640625 178.99082946777344 669.0105590820312 203.62344360351562 3.8228593 1.4820709 1.5923016 2.6839173 1.8933191 46.347366 -1.6378976106643677 0.8165632486343384
Car 0.0 0 -0.27773317694664 780.759765625 173.8563690185547 980.3381958007812 243.0812530517578 4.255465 1.5933284 1.7258548 6.4288063 1.6196127 17.646986 0.0716242790222168 0.8037893772125244
Car 0.0 0 0.48417049646377563 200.43508911132812 177.53350830078125 436.3372802734375 258.455810546875 4.3034267 1.5551252 1.5838758 -6.0163994 1.6592398 14.987793 0.10244059562683105 0.7731581330299377
Car 0.0 0 0.5503488183021545 112.36959075927734 180.57122802734375 384.7428894042969 276.9388732910156 4.0241795 1.5378921 1.6185839 -6.275836 1.684208 12.656977 0.09003472328186035 0.7632505893707275
Car 0.0 0 3.4058337211608887 341.89215087890625 181.37060546875 471.73046875 231.57467651367188 3.5869665 1.480112 1.5586528 -6.2651467 1.7535306 22.335436 3.132359027862549 0.7453814148902893
Car 0.0 0 3.4227123260498047 287.8352355957031 181.17465209960938 459.248779296875 236.2813262939453 4.225196 1.4358367 1.5749906 -6.472626 1.6757461 19.913244 3.108443021774292 0.6540629267692566
