Pedestrian 0.0 0 1.4968764781951904 421.4945983886719 141.4351348876953 515.3822631835938 370.0 0.7900455 1.7413213 0.6375084 -1.1165636 1.470291 5.398823 1.2929356098175049 0.8421552181243896
Pedestrian 0.0 0 2.7298614978790283 622.2284545898438 171.96832275390625 693.2266235351562 273.8881530761719 1.1498832 1.7998799 0.6096225 0.9185299 1.6508559 12.96087 2.800612688064575 0.216326043009758
Pedestrian 0.0 0 -0.6422314047813416 1011.2680053710938 169.50453186035156 1072.6165771484375 273.8538818359375 0.65201485 1.688631 0.57596767 7.2102003 1.5123504 11.753538 -0.09198133647441864 0.1512071043252945
Pedestrian 0.0 0 -1.0570197105407715 752.6283569335938 128.86048889160156 809.2171020507812 236.7537078857422 0.71480805 1.8109624 0.700701 3.0337472 0.94585466 12.363048 -0.8163861036300659 0.11893210560083389
Pedestrian 0.0 0 2.8514552116394043 19.547788619995117 167.7591552734375 74.48242950439453 258.1120300292969 0.7062276 1.771903 0.69240284 -11.365858 1.5236741 14.348723 2.181540012359619 0.11886484920978546
Pedestrian 0.0 0 -2.1536388397216797 821.5543823242188 131.60279846191406 875.8182983398438 235.1875762939453 0.6774324 1.790922 0.6497658 4.3008895 0.9471632 12.629125 -1.8254045248031616 0.11739172786474228
Pedestrian 0.0 0 -1.1424416303634644 254.1266326904297 161.2663116455078 308.13153076171875 254.1359405517578 0.6529024 1.7571422 0.74958384 -6.308025 1.394866 13.700391 -1.573932409286499 0.11339014023542404
Cyclist 0.0 0 -1.8166859149932861 848.8219604492188 149.76431274414062 896.03173828125 260.0422058105469 1.7067388 1.8005271 0.36054957 4.621335 1.3003523 12.4072 -1.4601333141326904 0.13661599159240723
Car 0.0 0 1.898783564567566 489.9588623046875 148.45651245117188 575.9068603515625 201.95433044433594 3.4397209 1.4664398 1.5378195 -2.1056585 0.58966804 21.225636 1.7999035120010376 0.20567108690738678
Car 0.0 0 -2.5626726150512695 1147.1014404296875 121.67363739013672 1224.0 264.4888916015625 4.506129 1.7446018 1.7593664 11.267758 1.0276706 11.013025 -1.7658421993255615 0.11901956051588058
