Pedestrian 0.0 0 -2.955273389816284 675.2455444335938 160.1463623046875 697.4514770507812 198.85174560546875 0.8818297 1.6897807 0.5983146 3.3389902 1.1353549 31.910732 -2.851017475128174 0.42116525769233704
Pedestrian 0.0 0 1.859668493270874 499.3039855957031 165.4645233154297 525.5224609375 218.9398193359375 0.7871316 1.7756804 0.6840315 -3.3389082 1.5306662 24.397423 1.7236584424972534 0.3023851215839386
Pedestrian 0.0 0 2.4392247200012207 521.408447265625 164.99868774414062 550.3689575195312 223.39303588867188 0.62461334 1.8351235 0.6917393 -2.422784 1.5886173 23.137365 2.3348917961120605 0.23790061473846436
Cyclist 0.0 0 -3.409881830215454 987.3442993164062 179.2822723388672 1103.3291015625 268.151611328125 1.8966694 1.7119964 0.6500065 8.680859 1.8470045 14.544993 -2.871798038482666 0.4032672941684723
Car 0.0 0 -3.8666749000549316 1172.34716796875 185.3574981689453 1242.0 292.445556640625 4.225175 1.509262 1.6741482 11.636393 1.7239861 11.382084 -3.0702292919158936 0.6241926550865173
Car 0.0 0 1.2036452293395996 176.99752807617188 184.12319946289062 284.0668029785156 235.297607421875 3.9118745 1.4065775 1.6618245 -11.97239 1.7895126 22.581816 0.7161474227905273 0.5623456835746765
Car 0.0 0 1.505695104598999 106.4397964477539 184.48033142089844 175.9141082763672 237.03240966796875 3.9692624 1.4062147 1.5285289 -14.562836 1.7981857 22.255335 0.9262661933898926 0.5412312150001526
Car 0.0 0 -2.3235714435577393 0.0 182.36766052246094 128.54656982421875 301.6135559082031 4.4527063 1.936535 1.7744557 -11.465609 2.122532 12.9829855 -3.046985149383545 0.3793501555919647
Car 0.0 0 1.524979591369629 573.5702514648438 161.8389892578125 615.5353393554688 199.0585479736328 4.1719484 1.5161172 1.6286148 -0.77444404 1.0677853 31.526762 1.5004198551177979 0.3091598451137543
Car 0.0 0 -2.599311351776123 246.5408935546875 151.61888122558594 358.32415771484375 187.61325073242188 4.3549886 1.5500852 1.6650803 -13.7253685 0.63596 32.19688 -3.0022783279418945 0.2768145799636841
