Pedestrian 0.0 0 -1.1498878002166748 1222.1776123046875 149.02880859375 1242.0 208.8444366455078 1.0831056 1.8042707 0.4960073 19.397148 1.085969 22.213604 -0.4320722818374634 0.16066183149814606
Pedestrian 0.0 0 -0.23278237879276276 680.305908203125 158.02328491210938 697.27294921875 189.36285400390625 0.88518643 1.8163896 0.53413117 4.564881 0.9571841 42.136505 -0.12486771494150162 0.13980980217456818
Pedestrian 0.0 0 -1.729682445526123 1059.96728515625 150.50149536132812 1089.09912109375 210.39273071289062 0.651145 1.9356077 0.71124196 15.242578 1.2135612 23.757074 -1.1592339277267456 0.1268032044172287
Pedestrian 0.0 0 -2.693997383117676 409.3841552734375 157.68304443359375 436.2950439453125 206.54579162597656 0.8108293 1.8346066 0.6032509 -7.163054 1.2653542 27.461788 -2.9491493701934814 0.1253276765346527
Pedestrian 0.0 0 0.7424458265304565 153.62530517578125 167.32595825195312 201.49839782714844 238.81808471679688 0.7541663 1.6280036 0.59202534 -10.10873 1.5024781 16.793167 0.2005901336669922 0.11182085424661636
Pedestrian 0.0 0 3.2232415676116943 150.40264892578125 176.10911560058594 175.64230346679688 215.9986572265625 0.9067198 1.752396 0.7112241 -20.044287 1.9008613 32.303947 2.66789174079895 0.1112179085612297
Cyclist 0.0 0 3.429269313812256 143.96852111816406 173.55760192871094 183.5527801513672 214.71463012695312 1.3695763 1.8195623 0.7084643 -20.088095 1.8520628 32.43672 2.8747785091400146 0.14825618267059326
Cyclist 0.0 0 -1.4257228374481201 1228.0965576171875 146.70616149902344 1242.0 205.08055114746094 1.4378207 1.7512408 0.4037332 19.436672 0.9671596 22.264378 -0.7080300450325012 0.13019424676895142
Car 0.0 0 -0.17727571725845337 667.627197265625 173.04367065429688 783.2293090820312 209.62290954589844 4.4670067 1.4606668 1.7113503 4.64922 1.4690763 29.723623 -0.02211792767047882 0.976814329624176
Car 0.0 0 0.03195158392190933 646.6370849609375 173.1256561279297 702.7515869140625 193.79417419433594 3.9469414 1.4513621 1.6051705 4.625691 1.4715854 51.72666 0.1211400032043457 0.47055181860923767
Car 0.0 0 1.7177561521530151 634.8682250976562 176.96844482421875 656.8386840820312 192.9365692138672 3.903532 1.4289453 1.5049624 3.372032 1.8270578 67.68919 1.767531394958496 0.21916720271110535
Car 0.0 0 1.8423980474472046 644.4114990234375 168.88494873046875 676.48193359375 189.07875061035156 3.8690035 1.5455798 1.5616373 4.0166364 1.2421561 57.306156 1.912374496459961 0.11882077902555466
