Pedestrian 0.0 0 -0.2967160940170288 813.7913208007812 98.86127471923828 932.9879760742188 286.36456298828125 1.0480212 1.8465827 0.4582006 2.7056148 1.0341038 7.330256 0.05687403678894043 0.30189263820648193
Pedestrian 0.0 0 -3.841338634490967 1144.0531005859375 116.28087615966797 1238.0 301.06268310546875 1.0643109 1.877081 0.5824526 6.4379225 1.215927 7.5877676 -3.1377389430999756 0.2030734270811081
Car 0.0 0 -1.0301295518875122 516.4895629882812 174.60653686523438 595.0125122070312 210.836181640625 3.778069 1.4314092 1.6027031 -1.8790727 1.1600603 30.424103 -1.0918138027191162 0.9479231238365173
Car 0.0 0 -0.5693889260292053 284.6087341308594 174.2250213623047 436.9033203125 232.08807373046875 4.425389 1.6847974 1.7288417 -7.6676335 1.4741064 23.175835 -0.8888992667198181 0.6246790289878845
Car 0.0 0 -1.4803998470306396 579.0617065429688 169.12124633789062 606.6198120117188 192.20709228515625 3.6403155 1.5466224 1.597899 -0.551607 0.7179869 49.999577 -1.4914315938949585 0.42687979340553284
Car 0.0 0 -1.3440511226654053 558.8497314453125 166.36219787597656 588.4160766601562 187.69467163085938 3.5990593 1.6626972 1.6155074 -2.1834412 0.48336378 57.905205 -1.3817404508590698 0.28671717643737793
Car 0.0 0 -0.13884258270263672 0.0 177.96543884277344 85.51121520996094 214.1038055419922 4.0079403 1.5629315 1.6538013 -26.39116 1.4110286 33.087585 -0.8121276497840881 0.1933937519788742
Car 0.0 0 -0.21417677402496338 0.0 166.17486572265625 117.30451965332031 207.55609130859375 4.2604637 1.7098346 1.6626335 -24.215065 1.0775994 31.838428 -0.864402711391449 0.16301007568836212
Car 0.0 0 -1.5435442924499512 604.6865234375 169.67864990234375 623.8881225585938 187.4002227783203 3.5745604 1.4849638 1.5626038 1.1634407 0.4948707 62.010918 -1.5247845649719238 0.15006403625011444
Car 0.0 0 0.06737589836120605 0.0 162.29660034179688 100.10774230957031 204.0437469482422 3.7803173 1.6305242 1.6592764 -23.132814 0.88150704 29.797552 -0.592766284942627 0.14793281257152557
Car 0.0 0 0.4900507628917694 390.1126403808594 173.19326782226562 445.79437255859375 192.9979705810547 4.2547374 1.6358806 1.7078993 -15.455935 0.95022 60.668575 0.24059700965881348 0.1448715627193451
