Pedestrian 0.0 0 0.5883991718292236 0.0 108.66931915283203 64.186279296875 232.7338104248047 0.7657503 1.8432637 0.6095476 -9.0286665 0.89001036 11.057545 -0.09633192420005798 0.23903025686740875
Pedestrian 0.0 0 -3.3664698600769043 807.6707153320312 152.4483642578125 824.6392822265625 197.46005249023438 0.5875106 1.9643531 0.6547885 9.050159 1.0741895 31.828117 -3.0894367694854736 0.21291017532348633
Pedestrian 0.0 0 -1.9320552349090576 1119.608154296875 136.1016845703125 1155.5672607421875 200.9871826171875 0.65333414 1.9169861 0.6862862 15.827285 0.8315284 21.720451 -1.3023383617401123 0.188660129904747
Pedestrian 0.0 0 2.634981632232666 0.0 165.796630859375 63.66489028930664 298.54632568359375 0.85869235 1.7137156 0.6039864 -8.149602 1.6229671 9.821546 1.942351222038269 0.18812184035778046
Pedestrian 0.0 0 -1.8220865726470947 813.5968017578125 156.4714813232422 832.5725708007812 198.9633331298828 0.5347735 1.8924812 0.7060325 9.529063 1.1632022 32.4122 -1.5361469984054565 0.1536448746919632
Cyclist 0.0 0 1.9889764785766602 0.0 169.10939025878906 61.5763053894043 304.9041442871094 1.5300384 1.6848111 0.5000441 -8.112586 1.6387094 9.753588 1.2951709032058716 0.2929656505584717
Car 0.0 0 2.1957614421844482 351.763427734375 181.36607360839844 641.2431640625 332.96923828125 4.173679 1.5161527 1.6610091 -1.289395 1.6572437 9.695236 2.063544750213623 0.9680806994438171
Car 0.0 0 0.9441437125205994 802.0358276367188 192.07496643066406 1242.0 375.0 3.783219 1.5327353 1.5959457 2.3178046 1.6820474 3.6520317 1.5096606016159058 0.891218364238739
Car 0.0 0 1.6440171003341675 462.41546630859375 189.92822265625 561.777587890625 277.0331726074219 4.5356307 1.5126374 1.7953686 -2.0280895 1.9404626 15.74791 1.5159374475479126 0.24053125083446503
Car 0.0 0 -1.4553182125091553 501.4856262207031 181.99342346191406 575.8555297851562 242.1211395263672 4.17541 1.5166309 1.6695931 -2.0107138 1.8089132 20.940287 -1.5510460138320923 0.1836637258529663
