Pedestrian 0.0 0 -2.4971957206726074 561.1844482421875 162.10568237304688 633.5324096679688 278.6314392089844 0.9462227 1.8154397 0.71222246 -0.1090773 1.5145807 11.756204 -2.5064737796783447 0.8354522585868835
Pedestrian 0.0 0 -2.1328628063201904 477.1798095703125 161.53518676757812 565.9732666015625 308.0538330078125 1.0838698 1.7738543 0.6667494 -1.0962892 1.5334884 9.325128 -2.2498886585235596 0.8166728019714355
Pedestrian 0.0 0 -2.0383801460266113 551.0584106445312 160.0086669921875 582.244873046875 214.72695922851562 1.0434802 1.8006531 0.64941704 -1.205188 1.0945112 24.250189 -2.0880374908447266 0.7964152097702026
Pedestrian 0.0 0 0.17320439219474792 611.859619140625 165.03826904296875 711.8726806640625 331.0941162109375 0.98214734 1.683005 0.5904709 0.6096392 1.5175283 7.6863313 0.2523534297943115 0.7630177736282349
Pedestrian 0.0 0 2.2227911949157715 614.569091796875 161.57191467285156 662.9251708984375 260.5267333984375 0.5614081 1.7051915 0.6545493 0.6240635 1.3630694 12.801325 2.2715024948120117 0.6704311370849609
Pedestrian 0.0 0 1.2359893321990967 800.9364013671875 160.8482666015625 885.1568603515625 344.09295654296875 0.7647492 1.6401114 0.5294923 2.2209153 1.4566506 6.814288 1.551053524017334 0.621199369430542
Pedestrian 0.0 0 0.7791882157325745 645.2328491210938 163.83035278320312 720.6708374023438 313.466552734375 0.83158153 1.7342405 0.46076155 0.9416169 1.5308024 8.790442 0.885899543762207 0.549933910369873
Pedestrian 0.0 0 -1.1660717725753784 700.05859375 157.26205444335938 776.7742919921875 294.7549743652344 1.0106236 1.7794149 0.70122194 1.8567313 1.4670621 9.908929 -0.9808401465415955 0.5386250615119934
Pedestrian 0.0 0 0.9962369203567505 849.332275390625 143.4779052734375 988.5006713867188 374.0 0.7368668 1.6102335 0.62458616 2.2352607 1.3561406 5.2407446 1.3993908166885376 0.5194392800331116
Pedestrian 0.0 0 -1.7444308996200562 495.9504089355469 166.276123046875 537.6385498046875 263.6329650878906 0.74207294 1.8653085 0.69914675 -1.721881 1.5748825 14.216783 -1.864959955215454 0.45722338557243347
Pedestrian 0.0 0 -0.795744001865387 130.49375915527344 148.68899536132812 183.36502075195312 248.19793701171875 0.5949612 1.7704471 0.56866604 -8.158723 1.1879512 13.130046 -1.3517345190048218 0.43846356868743896
Pedestrian 0.0 0 0.6404513716697693 100.52214050292969 159.59466552734375 156.81776428222656 262.83294677734375 0.5557842 1.6954763 0.5817189 -7.9970145 1.3370154 12.100636 0.05646872520446777 0.4123913049697876
Pedestrian 0.0 0 1.2465120553970337 607.7484130859375 161.28338623046875 633.33203125 212.49075317382812 0.97837555 1.8574698 0.6691568 0.6804894 1.1251899 26.61989 1.2720696926116943 0.4076581597328186
Pedestrian 0.0 0 1.2745450735092163 361.00732421875 162.51580810546875 411.2594909667969 258.29986572265625 0.5937684 1.7759771 0.7834316 -4.171979 1.4252456 13.781034 0.9805824756622314 0.3485763370990753
Pedestrian 0.0 0 1.4559857845306396 697.3154907226562 159.1640167236328 716.680908203125 205.57730102539062 0.72797585 1.9116696 0.7189634 4.381813 0.9926828 29.958914 1.6012167930603027 0.33534979820251465
Pedestrian 0.0 0 0.9820690155029297 489.7862548828125 166.0760040283203 541.2830200195312 254.3049774169922 0.5680344 1.5362562 0.72991294 -1.5899998 1.2689683 12.958498 0.8599798679351807 0.304338663816452
Pedestrian 0.0 0 2.6945319175720215 662.913818359375 147.27484130859375 706.9837646484375 205.00592041015625 1.271195 1.7997091 0.57217824 2.6306236 0.73388314 22.86866 2.8090603351593018 0.1686713546514511
Cyclist 0.0 0 2.7182812690734863 657.8867797851562 147.30653381347656 709.3551635742188 206.19947814941406 1.5251997 1.832944 0.5770871 2.5880294 0.76983976 22.862156 2.831002950668335 0.3822397291660309
Cyclist 0.0 0 1.282752275466919 358.1226501464844 163.06692504882812 410.2106628417969 259.4269714355469 0.9592249 1.7693957 0.7108196 -4.216934 1.4321867 13.783812 0.9858605861663818 0.1369740068912506
Car 0.0 0 1.7286275625228882 462.8692321777344 171.56842041015625 549.687255859375 234.329345703125 4.280801 1.5074878 1.6613516 -2.476194 1.2701328 19.416561 1.6017823219299316 0.9476751089096069
Car 0.0 0 3.1085152626037598 303.6397399902344 164.4210968017578 436.2602233886719 214.63177490234375 3.8655756 1.4904345 1.6196908 -7.322892 0.9845985 22.735456 2.7969164848327637 0.2740665376186371
