Pedestrian 0.0 0 2.5602924823760986 509.6795349121094 165.27430725097656 521.7460327148438 187.0914306640625 0.89836705 1.8604299 0.5071417 -7.6556993 0.5632744 60.772285 2.43497896194458 0.3198222219944
Pedestrian 0.0 0 2.497678518295288 1051.322998046875 173.53887939453125 1084.2030029296875 236.3974151611328 0.5242381 1.5306449 0.4318218 11.378483 1.3627362 17.444832 3.0756375789642334 0.21876130998134613
Pedestrian 0.0 0 1.6203964948654175 276.6025085449219 178.79672241210938 314.0940856933594 265.6563720703125 0.7356678 1.7101992 0.66537833 -6.328811 1.6782932 14.378638 1.2057608366012573 0.2007492631673813
Pedestrian 0.0 0 -2.1319878101348877 979.8405151367188 149.59329223632812 1038.4656982421875 218.4860382080078 1.7445134 1.6909775 0.44740868 10.3513 0.933968 18.230995 -1.615592122077942 0.153070867061615
Pedestrian 0.0 0 -2.052284002304077 879.1618041992188 159.23992919921875 904.6172485351562 196.703857421875 1.652095 1.7332658 0.39644706 13.582975 0.75112516 33.547935 -1.6675755977630615 0.10525120794773102
Cyclist 0.0 0 -2.131129741668701 976.4979248046875 146.16737365722656 1034.11376953125 214.30502319335938 1.730135 1.6882687 0.44790554 10.342463 0.8391941 18.388624 -1.6187872886657715 0.49408361315727234
Cyclist 0.0 0 -2.048379898071289 879.3964233398438 159.29730224609375 904.4156494140625 196.5894317626953 1.6345919 1.7261313 0.38979566 13.586555 0.7461816 33.55388 -1.6636415719985962 0.3907076120376587
Car 0.0 0 -0.8143617510795593 0.0 210.62387084960938 292.5545654296875 370.0 3.7474296 1.4657662 1.5585732 -3.2081037 1.695416 3.4641314 -1.5614066123962402 0.8866859078407288
Car 0.0 0 -3.674450159072876 962.7929077148438 155.8644256591797 1104.3375244140625 204.06231689453125 3.7239556 1.5496581 1.625899 14.168891 0.7591226 23.557085 -3.1329500675201416 0.6787336468696594
Car 0.0 0 1.5139957666397095 89.15198516845703 182.40399169921875 121.48773193359375 204.9805450439453 4.003524 1.4687637 1.5793436 -34.228653 1.6059358 48.39736 0.898425817489624 0.42456871271133423
