Car 0.0 0 -0.3689333200454712 772.395263671875 183.39723205566406 975.3025512695312 256.4040832519531 3.8071315 1.4732654 1.6286675 5.5750127 1.7153404 15.673621 -0.027194947004318237 0.9554182887077332
Car 0.0 0 3.636532783508301 0.0 176.54568481445312 331.8321228027344 295.39697265625 4.3295803 1.5382471 1.6759878 -6.5369945 1.5967392 10.378191 3.0744333267211914 0.9523102641105652
Car 0.0 0 -1.6893558502197266 637.7836303710938 181.67379760742188 686.0833740234375 217.0959930419922 3.7777054 1.3355037 1.5586045 2.0623212 1.7271842 30.085382 -1.6209139823913574 0.9022003412246704
Car 0.0 0 0.2968813180923462 333.49542236328125 181.1363983154297 480.48614501953125 229.40121459960938 4.3580604 1.5076128 1.6575726 -6.6403275 1.7903682 23.718264 0.023903369903564453 0.8977161645889282
Car 0.0 0 0.7160906195640564 0.0 189.65855407714844 272.7666931152344 350.99639892578125 4.301569 1.4982443 1.612318 -6.209692 1.7007873 7.7815304 0.04256796836853027 0.8932040333747864
Car 0.0 0 0.42547914385795593 197.06439208984375 188.12913513183594 406.2989196777344 260.3565673828125 3.809631 1.4247135 1.5437161 -6.524724 1.768363 15.394524 0.024596452713012695 0.8382646441459656
Car 0.0 0 -0.8824229836463928 1102.1328125 180.24017333984375 1242.0 375.0 3.7671714 1.5447147 1.6511291 6.433389 1.6158084 5.970712 -0.0597417950630188 0.7816740274429321
Car 0.0 0 0.9144524335861206 0.0 215.08299255371094 178.66973876953125 375.0 4.190547 1.4585888 1.6151831 -5.877443 1.8408551 5.515372 0.09728431701660156 0.6786258220672607
Car 0.0 0 3.5984158515930176 84.53538513183594 187.40478515625 370.6613464355469 277.54388427734375 4.2479773 1.4690613 1.6005296 -6.7116404 1.7463802 12.881085 3.1180734634399414 0.669291079044342
Car 0.0 0 0.20411187410354614 434.1893005371094 183.33920288085938 524.1625366210938 212.97909545898438 4.25458 1.4434717 1.6028172 -6.6265154 1.9880748 36.59508 0.024976253509521484 0.5701249837875366
Car 0.0 0 1.4676337242126465 617.5657348632812 174.67041015625 641.8848876953125 194.39260864257812 3.7511532 1.5103526 1.5550331 1.5178504 1.6604241 57.53873 1.4940072298049927 0.5379724502563477
