Cyclist 0.0 0 -2.31512188911438 859.2047119140625 159.40782165527344 895.6791381835938 200.74232482910156 1.7124286 1.7523397 0.4472818 11.604482 1.1826589 31.463041 -1.9617723226547241 0.498546302318573
Car 0.0 0 1.6621620655059814 516.5958862304688 178.5922393798828 557.1349487304688 209.1700439453125 4.3694205 1.4960518 1.7504748 -3.8586798 1.818576 38.31464 1.561790108680725 0.9008049368858337
Car 0.0 0 1.973543405532837 165.81044006347656 181.53323364257812 359.47314453125 287.74383544921875 4.1085076 1.6217504 1.7387005 -6.2418637 1.8087916 13.435826 1.5386404991149902 0.8836984038352966
Car 0.0 0 -2.2579188346862793 897.5111694335938 176.7868194580078 1242.0 375.0 3.6832914 1.4930921 1.5238545 2.7472105 1.5215431 3.3049011 -1.5644093751907349 0.8727696537971497
Car 0.0 0 1.73036527633667 427.79083251953125 182.78271484375 482.2499084472656 220.79080200195312 4.2412252 1.4518012 1.6207689 -6.5853305 1.9063482 30.844946 1.520025372505188 0.8304217457771301
Car 0.0 0 1.876041054725647 317.7829284667969 178.9250030517578 430.8732604980469 249.53945922851562 4.4850483 1.7197454 1.7232937 -6.470967 1.9090122 20.202465 1.5660607814788818 0.8292598128318787
Car 0.0 0 -2.992568254470825 1078.090087890625 147.6759796142578 1242.0 206.30572509765625 3.6059444 1.4838413 1.5455621 15.287826 0.8469772 20.089851 -2.3420815467834473 0.7034710049629211
Car 0.0 0 1.739668846130371 488.0969543457031 181.5894012451172 524.5140991210938 207.04446411132812 3.8412256 1.4871126 1.6484572 -6.512732 2.0609524 45.42474 1.5972652435302734 0.6678487062454224
Car 0.0 0 2.4439921379089355 0.0 206.3623809814453 83.99232482910156 375.0 3.8355598 1.4537868 1.5840734 -6.156013 1.7915361 5.3319697 1.58698570728302 0.4903002083301544
Car 0.0 0 1.6813641786575317 544.9382934570312 177.63519287109375 572.7523193359375 200.92202758789062 3.9002013 1.5771613 1.5673926 -3.6539295 1.9329622 51.658077 1.6107487678527832 0.39889344573020935
