Pedestrian 0.0 0 -0.28366005420684814 489.1370544433594 174.99386596679688 524.3500366210938 239.110107421875 0.78754854 1.661292 0.60255027 -2.5457168 1.4938877 19.04473 -0.41654276847839355 0.6410688757896423
Pedestrian 0.0 0 -2.3012428283691406 211.30978393554688 174.06597900390625 355.71929931640625 374.0 0.67791414 1.7024394 0.6517796 -2.2939289 1.6555624 5.098646 -2.7240214347839355 0.3370541036128998
Pedestrian 0.0 0 0.494164377450943 732.8837280273438 157.46116638183594 771.7564697265625 241.67245483398438 0.5748962 1.8124536 0.7123518 3.3093536 1.2963002 15.915498 0.6991758346557617 0.21951733529567719
Pedestrian 0.0 0 1.2989332675933838 852.430908203125 208.69097900390625 948.3312377929688 374.0 0.67324036 1.580126 0.6003727 2.507814 1.830389 6.204335 1.6830580234527588 0.19574669003486633
Pedestrian 0.0 0 2.072882890701294 700.0173950195312 169.23681640625 750.5357666015625 260.9220886230469 0.7423127 1.7695005 0.73053825 2.442791 1.5340784 14.378822 2.241164207458496 0.1957138478755951
Pedestrian 0.0 0 -1.427390456199646 426.606201171875 140.98362731933594 446.5560607910156 188.08193969726562 0.6627304 1.9196341 0.7161288 -6.8133006 0.26925933 29.635065 -1.6533702611923218 0.19179217517375946
Pedestrian 0.0 0 2.555367946624756 821.1897583007812 163.32254028320312 838.7432861328125 206.73934936523438 0.47537214 1.8314216 0.5727235 9.730661 1.0656294 30.639118 2.862882614135742 0.18153294920921326
Pedestrian 0.0 0 2.084996223449707 1143.3997802734375 120.6326904296875 1238.0 333.5810546875 0.9237034 1.8515404 0.5782948 5.6049085 1.3236957 6.6758633 2.7834086418151855 0.1667231321334839
Pedestrian 0.0 0 1.2667968273162842 795.1842651367188 148.91647338867188 837.7098999023438 217.7449493408203 1.6512566 1.5733503 0.500269 5.1043086 0.8297341 17.247396 1.5545307397842407 0.1630675494670868
Pedestrian 0.0 0 0.6142176389694214 405.39849853515625 165.157958984375 453.8385009765625 280.09124755859375 0.46968195 1.9550775 0.7784356 -3.061965 1.6783724 12.6649885 0.37700343132019043 0.1438237577676773
Pedestrian 0.0 0 -1.8042922019958496 605.86279296875 153.69606018066406 623.71533203125 194.4918212890625 0.5104411 1.8245566 0.70678973 0.5886114 0.5819919 32.449177 -1.7861547470092773 0.14120732247829437
Pedestrian 0.0 0 2.693943738937378 865.4833984375 165.55511474609375 906.1258544921875 256.7619934082031 0.48086292 1.5990933 0.56155515 5.0551953 1.3208138 12.88942 3.0677056312561035 0.12548556923866272
Pedestrian 0.0 0 -1.649277687072754 769.2135620117188 199.17698669433594 825.5624389648438 331.5040588378906 0.76687205 1.649138 0.65565974 2.529854 1.895103 9.502568 -1.3890844583511353 0.12408597767353058
Pedestrian 0.0 0 -1.700507402420044 445.9586486816406 148.716796875 465.7959899902344 196.6736297607422 0.55079746 1.9704852 0.7435018 -6.0761676 0.62445337 29.893927 -1.9010332822799683 0.11959792673587799
Pedestrian 0.0 0 0.6585342884063721 92.01564025878906 125.68206787109375 199.1622314453125 280.7440490722656 0.9703246 1.8429247 0.5709212 -5.654965 1.1808684 8.863047 0.09061384201049805 0.11157893389463425
Cyclist 0.0 0 -1.8354647159576416 798.9330444335938 154.71755981445312 838.4281616210938 227.51512145996094 1.7651014 1.6339055 0.44137368 5.0851073 1.0340028 17.008024 -1.5449414253234863 0.30732056498527527
Cyclist 0.0 0 -0.22275368869304657 486.1251220703125 175.9159698486328 523.4002685546875 241.13255310058594 0.8568701 1.6879375 0.6447338 -2.5988998 1.5445852 19.041523 -0.35840144753456116 0.14474673569202423
Cyclist 0.0 0 1.105502724647522 862.434326171875 160.06509399414062 939.1805419921875 257.3445739746094 1.7425299 1.5659779 0.4877173 5.101959 1.2222178 12.448262 1.494474172592163 0.12936072051525116
Car 0.0 0 -2.4494833946228027 1033.663818359375 237.49624633789062 1238.0 374.0 3.806509 1.4270779 1.548155 3.0351295 1.7480098 2.1381414 -1.492403268814087 0.14180158078670502
