Car 0.0 0 -1.800520420074463 687.4302368164062 185.99366760253906 775.0228271484375 249.29489135742188 3.2719817 1.4386016 1.5206077 3.0116346 1.8117115 18.78053 -1.641514778137207 0.9567436575889587
Car 0.0 0 -2.1197750568389893 834.8052368164062 173.83224487304688 1242.0 375.0 3.8682084 1.5419887 1.6216854 3.0683677 1.5522419 5.340291 -1.598264455795288 0.9514945149421692
Car 0.0 0 3.712448835372925 0.0 188.18096923828125 283.4887390136719 321.16046142578125 3.9203286 1.5079943 1.670098 -6.608998 1.7259645 9.317152 3.0954840183258057 0.9446399807929993
Car 0.0 0 3.346264362335205 352.7135314941406 180.7467041015625 477.09027099609375 233.32254028320312 3.6658213 1.6310875 1.6634768 -6.3466415 1.8998731 23.599783 3.083552122116089 0.9334542751312256
Car 0.0 0 -0.20945963263511658 758.9337768554688 187.3740234375 866.6517333984375 229.46058654785156 3.5128872 1.4402242 1.5499257 7.24813 1.9851038 26.17592 0.060672760009765625 0.9040138721466064
Car 0.0 0 -2.6912293434143066 161.01795959472656 183.87454223632812 391.8330078125 266.968505859375 3.7086287 1.4764929 1.5899166 -6.345938 1.7015435 13.873959 -3.1202194690704346 0.901973307132721
Car 0.0 0 3.5796334743499756 39.32051467895508 191.4431915283203 373.2413330078125 294.8666076660156 4.3381886 1.4520521 1.6053318 -6.2153196 1.7701678 11.397128 3.0803744792938232 0.8587533235549927
Car 0.0 0 0.3130711615085602 300.0361022949219 174.76625061035156 463.2251892089844 238.1437530517578 3.7254555 1.567171 1.5832574 -5.878623 1.6192222 18.695105 0.008413314819335938 0.8251907825469971
Car 0.0 0 -2.9601190090179443 466.17083740234375 179.5858612060547 537.8984375 206.611083984375 3.9476721 1.5418148 1.6343864 -6.353777 1.9467874 42.48295 -3.108579158782959 0.7691929340362549
Car 0.0 0 3.1672306060791016 481.81781005859375 177.37460327148438 549.816650390625 204.637939453125 4.3627577 1.7409732 1.7591963 -6.2036543 2.0460978 47.539833 3.0374701023101807 0.7579486966133118
Car 0.0 0 0.27563804388046265 411.5250244140625 168.7587890625 507.1958923339844 205.88075256347656 3.946321 1.6362466 1.6837023 -6.8372684 1.4560975 32.778687 0.06999778747558594 0.743060290813446
Car 0.0 0 2.584806442260742 953.0919799804688 169.10569763183594 1025.7076416015625 195.37303161621094 3.5102706 1.5137408 1.5191743 22.265081 1.2980901 42.465282 3.0677144527435303 0.6870250105857849
