Pedestrian 0.0 0 -1.3908394575119019 223.62132263183594 173.4668731689453 254.81051635742188 241.9183349609375 0.73994905 1.8294713 0.6382315 -10.181743 1.8469753 19.7365 -1.8671133518218994 0.26838505268096924
Pedestrian 0.0 0 -1.7573816776275635 376.9361877441406 158.13275146484375 390.67193603515625 197.2375946044922 0.47579652 1.9845014 0.59310687 -11.626595 1.2377824 36.963673 -2.0621249675750732 0.16135282814502716
Pedestrian 0.0 0 0.3730294704437256 287.9141845703125 163.9217987060547 319.7666015625 200.53924560546875 1.3615079 1.8325332 0.58334416 -15.484686 1.385876 36.41815 -0.029003307223320007 0.12609197199344635
Pedestrian 0.0 0 -2.7160253524780273 396.75689697265625 166.47308349609375 436.5269775390625 215.46678161621094 1.3055731 1.7883205 0.5661222 -7.1996427 1.5557686 26.718985 -2.979231834411621 0.12584419548511505
Pedestrian 0.0 0 -1.42734956741333 353.3005676269531 152.23483276367188 367.11834716796875 194.4982452392578 0.44820666 2.0023372 0.56598824 -11.965409 1.0258095 34.45567 -1.7615900039672852 0.11889611929655075
Pedestrian 0.0 0 2.6008334159851074 767.0650024414062 175.2891845703125 796.5868530273438 218.79339599609375 0.9104904 1.6187689 0.5953154 6.459116 1.7127457 27.31436 2.833041191101074 0.11869453638792038
Pedestrian 0.0 0 2.5265109539031982 1064.4039306640625 154.20562744140625 1119.6148681640625 266.9606628417969 0.5259036 1.6421229 0.43866038 7.1101456 1.3708926 10.732576 3.1116113662719727 0.11844124644994736
Cyclist 0.0 0 0.3885470926761627 284.6608581542969 163.3826141357422 316.8859558105469 199.11685180664062 1.3735904 1.7873828 0.58935064 -15.629208 1.3139938 36.394043 -0.017081696540117264 0.12844082713127136
Car 0.0 0 1.7303032875061035 521.58984375 177.09994506835938 568.8832397460938 209.85423278808594 3.7314336 1.4340135 1.6485081 -3.0323205 1.6457784 34.003628 1.641362190246582 0.957954466342926
Car 0.0 0 -0.029743075370788574 0.0 182.83799743652344 39.16903305053711 223.81971740722656 3.5479476 1.5855025 1.5985471 -26.56424 2.0337365 30.57473 -0.745067834854126 0.24795496463775635
Car 0.0 0 3.0616564750671387 217.56044006347656 185.9858856201172 286.54107666015625 210.02587890625 4.233299 1.5675807 1.6674379 -25.224691 2.525778 50.822056 2.6009464263916016 0.19262976944446564
Car 0.0 0 1.8060715198516846 601.5089111328125 176.7254638671875 631.0172119140625 196.43582153320312 3.8250525 1.5236112 1.5497752 0.5189113 1.8494635 58.617863 1.8149237632751465 0.16564340889453888
Car 0.0 0 2.3241822719573975 276.5816955566406 181.263916015625 324.9107360839844 202.0144805908203 3.7646954 1.6388863 1.59245 -25.981588 2.3703268 60.680176 1.9196275472640991 0.13673238456249237
