Pedestrian 0.0 0 -0.3291318714618683 950.1851806640625 188.2506103515625 979.5482788085938 235.11155700683594 0.84226483 1.7597034 0.66393644 13.58682 2.3599136 27.72592 0.12651634216308594 0.4055401682853699
Pedestrian 0.0 0 2.058002471923828 722.6727905273438 191.99839782714844 752.9154052734375 248.50462341308594 0.7527741 1.6999142 0.654932 3.9484596 2.3115957 22.539429 2.2314229011535645 0.3901033401489258
Pedestrian 0.0 0 -2.705463171005249 555.1213989257812 190.70021057128906 568.4343872070312 216.4298858642578 0.72628355 1.8155866 0.70954406 -3.5026646 3.1139367 52.014343 -2.7727019786834717 0.2656850814819336
Pedestrian 0.0 0 1.8065242767333984 1173.9765625 117.14231872558594 1242.0 300.7561340332031 0.73435265 1.6568017 0.515927 5.805839 1.1544567 6.9338045 2.503612995147705 0.263627290725708
Pedestrian 0.0 0 1.38937509059906 907.6848754882812 170.0177459716797 932.4330444335938 218.367919921875 0.94421446 1.6949035 0.6522084 11.044655 1.5958378 25.82307 1.7935346364974976 0.19456113874912262
Pedestrian 0.0 0 2.4147794246673584 5.645045757293701 119.78512573242188 100.82603454589844 267.8558044433594 0.56717765 1.7542602 0.7598559 -6.905561 1.1258872 8.893879 1.754570484161377 0.16922374069690704
Pedestrian 0.0 0 0.23795191943645477 549.1058959960938 187.42543029785156 562.149169921875 215.77676391601562 0.74900717 1.8629607 0.59480625 -3.6552432 2.8424475 48.127163 0.16214776039123535 0.16039448976516724
Pedestrian 0.0 0 1.4914097785949707 713.1982421875 138.4292755126953 735.2197265625 194.8581085205078 0.8028235 1.8392121 0.6580762 3.7380395 0.7175486 23.939762 1.646302580833435 0.15793241560459137
Pedestrian 0.0 0 -0.978665292263031 933.6010131835938 187.63967895507812 983.4686889648438 242.75498962402344 1.7485423 1.8125302 0.6905985 11.971416 2.337589 24.86267 -0.5299255847930908 0.12131065130233765
Cyclist 0.0 0 -0.978665292263031 933.6010131835938 187.63967895507812 983.4686889648438 242.75498962402344 1.7485423 1.8125302 0.6905985 11.971416 2.337589 24.86267 -0.5299255847930908 0.23903940618038177
Cyclist 0.0 0 -2.8922462463378906 1118.7366943359375 189.85865783691406 1242.0 293.58642578125 1.8532071 1.6450756 0.63172984 10.083896 1.9660864 12.674114 -2.2201762199401855 0.19678960740566254
Cyclist 0.0 0 1.3862348794937134 909.04296875 170.52035522460938 933.888671875 219.50741577148438 1.0589154 1.7075113 0.6276923 11.055065 1.6265272 25.732859 1.79200279712677 0.15456393361091614
Cyclist 0.0 0 1.2798044681549072 703.3031005859375 124.34477233886719 731.1687622070312 179.41929626464844 1.6133164 1.8463596 0.5103986 3.6599221 0.22045779 25.021797 1.4250439405441284 0.146575465798378
Car 0.0 0 1.7074147462844849 496.9922790527344 190.6006622314453 552.7937622070312 234.8214111328125 3.7371988 1.5082254 1.6562842 -3.2746606 2.2437997 28.004456 1.5910098552703857 0.9383300542831421
Car 0.0 0 -2.5890393257141113 4.661627769470215 191.17172241210938 334.22479248046875 305.81890869140625 3.807433 1.4885596 1.6075064 -6.263116 1.7755337 10.458698 -3.1286075115203857 0.3913949131965637
Car 0.0 0 1.6588493585586548 537.465576171875 194.51927185058594 579.9437866210938 232.2882537841797 4.177379 1.575744 1.6720457 -2.4387898 2.678741 34.616253 1.5885133743286133 0.23887111246585846
Car 0.0 0 -3.359767198562622 966.081787109375 196.13223266601562 1023.1787719726562 221.48683166503906 2.9144132 1.5083603 1.868825 24.749062 3.0531476 46.579258 -2.8713691234588623 0.19065476953983307
