Pedestrian 0.0 0 0.6712788939476013 1143.3455810546875 106.7623062133789 1242.0 353.06219482421875 0.6653185 1.6391459 0.4828407 4.2791376 1.1996582 5.174583 1.362239956855774 0.3371153175830841
Pedestrian 0.0 0 0.6479820013046265 0.0 164.8501434326172 66.26564025878906 311.72174072265625 0.711469 1.745657 0.6152374 -7.3451085 1.6508842 8.895527 -0.0422392338514328 0.2672463655471802
Pedestrian 0.0 0 0.8159722685813904 853.4322509765625 162.17417907714844 899.0525512695312 230.30581665039062 1.0254667 1.793933 0.6293423 7.170998 1.513087 19.59078 1.166864037513733 0.2661041021347046
Pedestrian 0.0 0 -3.763219118118286 1125.8870849609375 79.32301330566406 1242.0 306.2767639160156 0.7869505 1.7643055 0.7411616 4.8880024 1.0375671 6.000612 -3.079648494720459 0.24822866916656494
Pedestrian 0.0 0 1.1142524480819702 941.235595703125 148.89894104003906 989.3377075195312 230.74649047851562 0.83132994 1.7974272 0.673216 7.943603 1.2717158 16.259073 1.5687097311019897 0.23582695424556732
Pedestrian 0.0 0 2.272620677947998 230.26661682128906 191.81643676757812 267.482666015625 246.87107849121094 0.78565115 1.6703072 0.7060566 -11.387181 2.2787971 22.672644 1.8071801662445068 0.19995012879371643
Cyclist 0.0 0 0.03271166980266571 733.7969970703125 143.56832885742188 785.4755859375 204.24456787109375 1.4972287 1.7800392 0.5546426 4.437598 0.92125285 21.608952 0.23525500297546387 0.2583142817020416
Car 0.0 0 1.7773628234863281 336.8531188964844 191.04112243652344 506.2567138671875 308.90081787109375 4.691853 1.4973991 1.7939116 -2.9790235 1.8669171 12.269843 1.5391793251037598 0.9567938446998596
Car 0.0 0 1.098928689956665 1010.2682495117188 144.0994873046875 1238.3131103515625 261.6119079589844 4.1748013 1.8483539 1.7121674 9.246747 1.3964317 13.525808 1.6985883712768555 0.2940558195114136
Car 0.0 0 1.8896030187606812 118.8731689453125 206.3044891357422 212.0199737548828 258.4828186035156 3.7616456 1.4882894 1.6688942 -15.436958 2.7504134 25.19205 1.3398460149765015 0.15887126326560974
Car 0.0 0 2.286961078643799 473.0762939453125 191.48342895507812 520.5966796875 213.29226684570312 4.05158 1.6386565 1.6549765 -9.399623 3.2451706 60.04985 2.131690740585327 0.14453501999378204
