Pedestrian 0.0 0 1.8463469743728638 500.139404296875 167.5489501953125 524.9332885742188 219.9235382080078 0.95151013 1.85707 0.6562292 -3.56223 1.6693245 26.098013 1.710690975189209 0.21137495338916779
Pedestrian 0.0 0 -0.3084860146045685 920.2913818359375 135.91514587402344 1046.0848388671875 307.2466125488281 1.078485 1.7650255 0.5913889 3.951928 1.3848462 7.8082542 0.16004705429077148 0.12657837569713593
Pedestrian 0.0 0 -0.5708416104316711 1091.054931640625 145.7616729736328 1242.0 350.883056640625 0.9642792 1.7899299 0.5841488 5.0388966 1.5538749 6.6229987 0.07954716682434082 0.12372741848230362
Pedestrian 0.0 0 2.3603508472442627 518.1017456054688 186.7908477783203 546.6287841796875 233.50927734375 0.84409344 1.6338739 0.6043422 -2.8453257 2.1476302 26.058731 2.2515926361083984 0.10831654816865921
Pedestrian 0.0 0 0.6258312463760376 420.74432373046875 156.56317138671875 463.09039306640625 234.0995330810547 0.7344985 1.7589593 0.6234339 -3.9582543 1.3897501 16.79467 0.39437007904052734 0.1040610745549202
Cyclist 0.0 0 1.9976716041564941 512.1512451171875 182.85888671875 543.5672607421875 230.26551818847656 1.6078752 1.6330986 0.50940734 -2.9951549 2.0064347 26.05257 1.8832082748413086 0.2323301136493683
Cyclist 0.0 0 0.9115772247314453 1047.7640380859375 159.86924743652344 1208.98779296875 355.7893981933594 1.2869331 1.6561439 0.5423097 4.727031 1.5467397 6.75237 1.522340178489685 0.14882975816726685
Cyclist 0.0 0 1.9159317016601562 496.4537048339844 171.31398010253906 528.8233642578125 220.83224487304688 2.0312107 1.7192901 0.5055572 -3.5443766 1.6661781 26.095268 1.7809332609176636 0.114764004945755
Car 0.0 0 1.4576512575149536 650.8803100585938 179.06369018554688 684.3892822265625 206.56329345703125 4.0211525 1.5881339 1.6132166 3.4861593 1.9901013 44.624863 1.5356143712997437 0.7242096066474915
Car 0.0 0 -1.6127326488494873 707.0401611328125 176.88072204589844 772.4696655273438 244.9039306640625 3.4894192 1.6366584 1.5627683 3.3591805 1.755547 19.40543 -1.4413260221481323 0.396854430437088
Car 0.0 0 0.7795938849449158 1045.965087890625 209.6320037841797 1242.0 311.299072265625 2.976494 1.3845845 1.8372128 9.49168 2.1086965 12.590863 1.4255573749542236 0.17315052449703217
Car 0.0 0 1.9054174423217773 501.7551574707031 178.4224090576172 573.6404418945312 221.9517059326172 3.8294256 1.5039427 1.551582 -2.7145278 1.732259 27.492285 1.806998610496521 0.10534735023975372
