Pedestrian 0.0 0 1.9395668506622314 733.4059448242188 173.8091278076172 758.099853515625 225.104736328125 0.73171943 1.8277658 0.6633277 4.8904085 1.8634661 26.210722 2.124026298522949 0.1614423245191574
Pedestrian 0.0 0 3.067513942718506 612.0801391601562 158.8013458251953 645.5235595703125 207.0760498046875 1.2125007 1.7880933 0.5769175 0.65540653 1.2679418 27.041294 3.0917463302612305 0.154695525765419
Pedestrian 0.0 0 2.0132572650909424 742.398681640625 172.83248901367188 773.6141357421875 232.42173767089844 0.8588676 1.8228562 0.6546744 4.5954785 1.8225563 22.6093 2.2137818336486816 0.15264149010181427
Pedestrian 0.0 0 1.8014898300170898 908.986083984375 171.36099243164062 959.929931640625 277.24200439453125 0.47037593 1.8009828 0.72929937 5.6490026 1.7759452 12.678139 2.220654010772705 0.12022443115711212
Cyclist 0.0 0 -1.8951939344406128 603.9360961914062 151.39520263671875 625.9920043945312 192.1636962890625 1.7111894 1.735038 0.43975472 0.16540681 0.8221462 31.586044 -1.889957308769226 0.5322852730751038
Car 0.0 0 -0.9767341613769531 654.7816162109375 190.09535217285156 755.545654296875 239.01052856445312 3.4395072 1.3755455 1.5832981 3.0911295 1.9778626 23.37687 -0.845266580581665 0.8376666903495789
Car 0.0 0 1.2902318239212036 600.2105102539062 153.65573120117188 650.4872436523438 187.3848876953125 3.8021817 1.7670431 1.7851704 0.75665337 0.7616194 39.86528 1.3092098236083984 0.14179526269435883
Car 0.0 0 3.137059450149536 407.3847351074219 166.08071899414062 471.56671142578125 190.62579345703125 3.9159138 1.5229454 1.5922421 -10.88779 1.1030424 45.999924 2.9046452045440674 0.13365083932876587
Car 0.0 0 -1.6621793508529663 530.8292846679688 168.02635192871094 590.9833984375 223.1504364013672 4.7333226 1.99339 1.9299988 -2.07806 1.8191715 28.581848 -1.7347571849822998 0.13261054456233978
Car 0.0 0 1.6929271221160889 511.784423828125 169.6602325439453 536.7947998046875 189.1800537109375 3.672139 1.5059305 1.5453215 -6.823888 1.2598928 57.50219 1.5748077630996704 0.11703351140022278
