Car 0.0 0 -1.9131419658660889 792.3576049804688 188.64810180664062 1042.175048828125 341.8529357910156 3.722429 1.4259887 1.5967911 3.4457483 1.6641363 8.9805765 -1.546775460243225 0.9808740019798279
Car 0.0 0 1.8032267093658447 298.26141357421875 190.3684539794922 448.90728759765625 308.64434814453125 3.4479065 1.5175875 1.5108869 -3.6547592 1.8416051 11.555946 1.4969141483306885 0.9598633646965027
Car 0.0 0 -1.7572489976882935 707.2691650390625 172.06478881835938 824.1441650390625 262.4477844238281 3.2955594 1.5682473 1.6236143 2.8740964 1.5549114 14.175406 -1.5572084188461304 0.9434824585914612
Car 0.0 0 -1.6677052974700928 652.3062744140625 178.54150390625 707.7155151367188 222.39364624023438 4.2764416 1.4824153 1.6431687 2.5032177 1.7131889 27.086489 -1.5755512714385986 0.9193952083587646
Car 0.0 0 2.107936382293701 0.0 205.19281005859375 344.3343505859375 375.0 4.007713 1.5126948 1.6155199 -3.3233654 1.8261396 4.9373465 1.5154880285263062 0.901178240776062
Car 0.0 0 -2.2174899578094482 923.898193359375 195.0269317626953 1242.0 375.0 3.8112004 1.4643725 1.6074904 3.5267272 1.662996 4.531954 -1.5561891794204712 0.8917087316513062
Car 0.0 0 1.514646291732788 524.6417846679688 174.8409423828125 554.2281494140625 200.9857177734375 3.8074489 1.5263629 1.5942965 -4.414202 1.6545968 44.43015 1.4156197309494019 0.6089621782302856
Car 0.0 0 -1.696502923965454 647.17431640625 175.94541931152344 690.822998046875 212.5620880126953 3.2774584 1.5404254 1.539027 2.553365 1.6863819 32.30704 -1.617632508277893 0.5107357501983643
Car 0.0 0 -1.5862995386123657 633.0484619140625 174.04476928710938 660.4864501953125 201.68692016601562 3.7270129 1.5905935 1.5841956 2.1535978 1.6659758 43.568264 -1.5369093418121338 0.3977465331554413
Car 0.0 0 -1.5176396369934082 459.77740478515625 174.1401824951172 521.1002197265625 231.82154846191406 4.2898645 1.6487666 1.6926531 -3.7538607 1.6939951 22.945179 -1.6798043251037598 0.3788076937198639
