Pedestrian 0.0 0 1.2697283029556274 534.4713134765625 139.0619659423828 630.9550170898438 347.8716125488281 0.93001175 1.7829386 0.64231384 -0.2819006 1.4308202 6.578277 1.2269012928009033 0.8153062462806702
Pedestrian 0.0 0 -1.4548405408859253 545.2539672851562 153.22592163085938 574.6825561523438 228.0418243408203 0.6946591 1.8326367 0.66050065 -1.1568413 1.1661488 17.677986 -1.5201870203018188 0.15497560799121857
Pedestrian 0.0 0 1.4610247611999512 839.3705444335938 175.37107849121094 872.9954223632812 250.26866149902344 0.9219793 1.8174294 0.69232625 6.232478 1.6945733 17.679518 1.7999475002288818 0.1277409791946411
Pedestrian 0.0 0 -2.264012336730957 819.7092895507812 131.98887634277344 880.9009399414062 236.981201171875 0.81490403 1.8021693 0.66428083 4.3282537 0.9711338 12.630208 -1.933863878250122 0.1196800172328949
Cyclist 0.0 0 -2.035220146179199 840.659912109375 163.11676025390625 906.0283813476562 271.32147216796875 1.5132183 1.7826548 0.43411043 4.6372128 1.49792 12.41901 -1.677856206893921 0.19145119190216064
Cyclist 0.0 0 -1.6471023559570312 763.5255737304688 124.12740325927734 799.230224609375 236.21771240234375 0.92555505 1.8959205 0.5365088 3.051203 0.94407034 12.454564 -1.406847596168518 0.10253704339265823
Car 0.0 0 2.008662223815918 0.0 195.1309814453125 90.80316162109375 297.9311218261719 3.8634224 1.3963418 1.5480968 -10.678168 1.6945645 12.25805 1.292037010192871 0.2585699260234833
Car 0.0 0 -1.488751769065857 726.75830078125 151.01124572753906 753.7528076171875 179.56100463867188 4.4782944 2.256012 1.831467 11.229978 -0.07960138 58.428314 -1.2988663911819458 0.16595765948295593
Car 0.0 0 1.7204959392547607 0.0 149.064453125 72.93721008300781 370.0 4.3585734 1.5300959 1.6758149 -5.2848845 1.3892193 5.463606 0.9517238140106201 0.14805644750595093
Car 0.0 0 -1.1548267602920532 493.49066162109375 141.2347869873047 587.0133056640625 196.15957641601562 3.4600644 1.5208635 1.5591897 -1.9066492 0.4351898 21.461994 -1.2434325218200684 0.12365797907114029
Car 0.0 0 2.448047161102295 0.0 191.7767791748047 96.56598663330078 255.35366821289062 3.685028 1.4862543 1.5938133 -16.13553 1.8248277 19.171122 1.7484160661697388 0.10259801149368286
