Car 0.0 0 -1.1812469959259033 145.4618377685547 193.34585571289062 405.88739013671875 333.6408996582031 4.2036557 1.4330945 1.6279602 -4.1512494 1.5678564 9.697943 -1.5857020616531372 0.9611465930938721
Car 0.0 0 -1.3403000831604004 407.2772216796875 186.06629943847656 492.61749267578125 240.24534606933594 3.636034 1.4218959 1.6122636 -4.4929237 1.4497539 20.751337 -1.5535215139389038 0.960680365562439
Car 0.0 0 -1.4522442817687988 465.22955322265625 182.29617309570312 513.7476806640625 219.0077667236328 3.9646215 1.468747 1.5911759 -5.0309534 1.3530751 30.771055 -1.6143066883087158 0.8964377641677856
Car 0.0 0 -1.3572266101837158 359.40179443359375 181.16041564941406 423.04351806640625 224.48399353027344 3.9354193 1.6371325 1.6758775 -8.740278 1.485021 29.187307 -1.6481831073760986 0.8325688242912292
Car 0.0 0 -1.2112675905227661 215.6947021484375 164.44741821289062 312.63800048828125 210.5192413330078 4.512759 1.5354074 1.7089888 -12.442107 0.844407 26.272377 -1.6535577774047852 0.8087374567985535
Car 0.0 0 2.2760021686553955 0.0 191.95956420898438 155.2381591796875 329.5484924316406 4.120207 1.4709707 1.6350931 -8.431034 1.5847812 9.94542 1.5728273391723633 0.6855348944664001
Car 0.0 0 -1.5741384029388428 579.2706298828125 179.14830017089844 608.3221435546875 206.9275665283203 2.3099258 1.4410354 1.5075104 -0.7821882 1.127424 38.459 -1.5944738388061523 0.6262708306312561
Car 0.0 0 -1.4935216903686523 502.8840637207031 181.23794555664062 534.7490844726562 208.43023681640625 3.302885 1.4482532 1.5098741 -4.936554 1.237531 39.96644 -1.6164166927337646 0.5659134984016418
Car 0.0 0 2.0253376960754395 211.8566436767578 188.21408081054688 334.6380920410156 248.78875732421875 3.4452958 1.3846313 1.468681 -8.4357605 1.4695287 18.339577 1.5942188501358032 0.493050754070282
Car 0.0 0 -2.367375373840332 0.0 218.7471160888672 255.3831024169922 376.0 4.2726316 1.4202088 1.5898422 -5.61446 1.7521206 6.2097235 -3.102473020553589 0.48346471786499023
