Pedestrian 0.0 0 0.8540048599243164 841.7472534179688 172.54835510253906 896.108154296875 255.210693359375 0.9735177 1.7806805 0.6658866 5.7215886 1.7744545 16.115309 1.1951631307601929 0.666778564453125
Pedestrian 0.0 0 -0.2268517017364502 815.1055908203125 174.4378204345703 841.357421875 216.72418212890625 0.8495882 1.6449258 0.7244684 8.566128 1.7086664 28.483164 0.06528711318969727 0.6577494740486145
Pedestrian 0.0 0 1.2603732347488403 672.7272338867188 176.1497802734375 681.9284057617188 198.63385009765625 1.0531845 1.8737133 0.472712 5.6533523 2.1546454 60.857655 1.3530020713806152 0.3233758211135864
Pedestrian 0.0 0 0.9141377210617065 953.0947875976562 165.1280975341797 998.7695922851562 234.2244110107422 0.8333828 1.6201589 0.5952922 8.755947 1.4393613 17.381155 1.3807895183563232 0.3136359751224518
Pedestrian 0.0 0 0.785382866859436 737.65625 167.216552734375 753.7406005859375 197.859130859375 0.93811196 1.911228 0.47152933 8.526702 1.5599688 45.520992 0.9705507755279541 0.22459709644317627
Pedestrian 0.0 0 -2.4938154220581055 756.2939453125 167.66912841796875 772.3355712890625 199.9084930419922 0.51021117 1.7485247 0.7520218 8.428154 1.4676781 39.56929 -2.28395414352417 0.215549036860466
Cyclist 0.0 0 -1.6277188062667847 683.6380615234375 175.4320831298828 692.1168823242188 204.15414428710938 1.6505283 1.7818115 0.43898633 4.9007435 1.9486086 45.74393 -1.520991563796997 0.17398637533187866
Car 0.0 0 1.0380666255950928 1132.1700439453125 189.18670654296875 1200.432861328125 214.51820373535156 4.2080383 1.5569081 1.8062111 37.938213 2.7248013 49.377518 1.6931959390640259 0.41027742624282837
Car 0.0 0 1.950416088104248 258.0322265625 178.72113037109375 300.9456787109375 201.73143005371094 3.9774528 1.6402644 1.5862596 -24.927406 2.1001928 54.489697 1.5213674306869507 0.1963711380958557
Car 0.0 0 2.1688342094421387 116.56761169433594 178.50779724121094 190.0230712890625 207.6152801513672 3.6463802 1.5009987 1.6559414 -25.121965 1.8275479 39.77495 1.6055008172988892 0.1572759449481964
