Pedestrian 0.0 0 -2.5229811668395996 448.7751770019531 162.8488006591797 467.2254333496094 198.0781707763672 0.73413527 1.9109051 0.6775805 -8.37459 1.3685632 39.591827 -2.731431722640991 0.5218026041984558
Pedestrian 0.0 0 0.12913599610328674 392.2051086425781 162.9681854248047 410.5525207519531 196.1424102783203 0.93391794 1.8531002 0.52114886 -11.779399 1.30124 40.630802 -0.15304118394851685 0.297269731760025
Pedestrian 0.0 0 1.8783771991729736 297.1999816894531 127.53987884521484 376.6609802246094 286.2705993652344 0.6847376 1.6938995 0.6559111 -3.085689 1.2106864 8.058008 1.512668490409851 0.2753656506538391
Car 0.0 0 3.0713980197906494 485.0368957519531 168.56179809570312 559.5267333984375 198.1277618408203 3.594108 1.4323847 1.5105509 -4.4399915 1.2247977 36.039207 2.9488167762756348 0.8700019121170044
Car 0.0 0 1.171121597290039 712.58984375 162.13836669921875 760.6309204101562 186.6384735107422 4.429248 1.658413 1.7647451 8.890025 0.93342936 51.194855 1.3430578708648682 0.8387411832809448
Car 0.0 0 0.6878541707992554 991.7110595703125 156.6393280029297 1054.75244140625 177.87608337402344 3.9496047 1.5315452 1.6582114 30.932808 0.36253795 54.17352 1.2066733837127686 0.6608216762542725
Car 0.0 0 1.0948808193206787 744.86572265625 160.6667022705078 792.16796875 184.475830078125 4.0622087 1.6542627 1.6671141 11.407 0.8078442 52.307327 1.3095957040786743 0.4934489130973816
Car 0.0 0 -0.4159316420555115 622.474365234375 181.8845672607422 722.498046875 218.85874938964844 4.04564 1.506542 1.6129347 2.6812203 1.9190881 31.51074 -0.331046998500824 0.2933918237686157
Car 0.0 0 1.809849739074707 134.78875732421875 171.35142517089844 178.430419921875 195.55723571777344 4.1236296 1.6307164 1.6748031 -31.901495 1.5298475 50.82719 1.2493497133255005 0.28533923625946045
Car 0.0 0 -1.9930243492126465 793.0808715820312 162.81980895996094 841.804931640625 186.5884246826172 4.355869 1.6455895 1.7509304 14.921359 0.9512429 52.233006 -1.7147663831710815 0.26458463072776794
Car 0.0 0 -1.148220419883728 606.6201171875 165.4823455810547 664.4470825195312 195.80917358398438 4.1701527 1.6039339 1.6726698 1.4546045 1.2144179 40.398033 -1.1122291088104248 0.24999353289604187
Car 0.0 0 -1.2166881561279297 0.0 175.8760528564453 48.11177062988281 203.1361541748047 4.0020895 1.5564343 1.6174796 -35.952843 1.749396 43.82735 -1.9037023782730103 0.21730194985866547
