Cyclist 0.0 0 1.5076582431793213 525.8558349609375 178.5596160888672 543.2013549804688 223.4412841796875 1.739398 1.767339 0.5940395 -3.142426 2.0085442 29.547739 1.4017057418823242 0.7464067935943604
Car 0.0 0 -1.7279257774353027 631.0568237304688 183.8131866455078 678.1029663085938 216.1373291015625 4.502749 1.4397416 1.6455063 2.1180463 2.0226524 36.03044 -1.6692084074020386 0.9637836217880249
Car 0.0 0 3.4686243534088135 195.620849609375 183.9552764892578 404.372802734375 258.8296813964844 3.9833279 1.549153 1.6516676 -6.864366 1.8135059 16.184828 3.0674962997436523 0.9579582810401917
Car 0.0 0 3.7351884841918945 0.0 187.83743286132812 291.92559814453125 316.07733154296875 4.280716 1.4417858 1.564289 -6.5783005 1.6498041 9.152106 3.1119730472564697 0.9091524481773376
Car 0.0 0 -0.4836270809173584 848.26611328125 190.92935180664062 1102.504150390625 288.0367736816406 3.5700161 1.5106804 1.567931 6.079767 1.8416244 12.362588 -0.026570968329906464 0.8905138969421387
Car 0.0 0 -0.6759818196296692 1004.7704467773438 180.81576538085938 1242.0 358.8537292480469 4.05898 1.484431 1.6425564 6.2808166 1.5725842 7.0250154 0.05354428291320801 0.8896908164024353
Car 0.0 0 -0.6067978143692017 909.0050659179688 192.02200317382812 1242.0 317.80999755859375 3.6715822 1.4649155 1.6033102 6.069541 1.7420686 9.541733 -0.040252938866615295 0.8838315606117249
Car 0.0 0 -2.562917709350586 44.93770980834961 189.1771697998047 343.4161682128906 292.068359375 4.010956 1.5058205 1.5744543 -6.690699 1.7926888 11.753592 -3.0804178714752197 0.8698400855064392
Car 0.0 0 -0.3441545069217682 735.2767944335938 186.33131408691406 889.70751953125 240.60256958007812 3.8675597 1.4177151 1.5625548 5.5631914 1.813297 20.230947 -0.0758029893040657 0.8521037101745605
Car 0.0 0 0.19439013302326202 404.195068359375 182.96063232421875 503.00811767578125 220.30728149414062 3.7871027 1.4889445 1.5791367 -6.4958615 1.9215904 30.034685 -0.018607869744300842 0.8275256156921387
Car 0.0 0 -0.28973329067230225 734.2239379882812 175.2344207763672 861.71142578125 225.53402709960938 3.565951 1.5131404 1.5820434 5.7903285 1.5910549 22.645035 -0.0393974632024765 0.8228501081466675
Car 0.0 0 -0.4872181713581085 819.9308471679688 185.50279235839844 1026.9951171875 261.6827697753906 3.6159263 1.4427323 1.5585604 6.334861 1.7206753 14.901429 -0.08524786680936813 0.8201460242271423
Car 0.0 0 2.762157917022705 762.5746459960938 189.0564727783203 952.151123046875 256.30450439453125 4.0324373 1.5008041 1.5961001 5.8439183 1.9134842 17.448862 3.0853328704833984 0.81838059425354
Car 0.0 0 0.7988817095756531 0.0 182.78775024414062 139.21563720703125 371.9118347167969 3.8983958 1.5549355 1.6611156 -7.017209 1.6611196 6.8505354 0.0014653205871582031 0.8058578372001648
