Pedestrian 0.0 0 2.7802634239196777 644.826416015625 164.0105438232422 660.16943359375 189.0634765625 0.992037 1.8029585 0.5161327 3.0526927 1.1668878 52.317734 2.8385465145111084 0.3773256242275238
Pedestrian 0.0 0 -0.7732164859771729 50.74167251586914 198.3935089111328 135.95123291015625 332.2250671386719 0.6044811 1.4999729 0.5584972 -6.172582 1.8157254 8.561947 -1.397853136062622 0.2953576147556305
Cyclist 0.0 0 1.511635661125183 535.9668579101562 182.31370544433594 544.0526123046875 206.06317138671875 1.8422537 1.7224874 0.4925141 -5.2732005 2.4437006 54.032166 1.4143500328063965 0.3621658384799957
Cyclist 0.0 0 2.782496929168701 644.7039184570312 164.15672302246094 659.2997436523438 189.1228485107422 0.93909353 1.7968743 0.50366414 3.0161705 1.1712663 52.30802 2.840094804763794 0.11726522445678711
Car 0.0 0 -1.9177031517028809 737.653076171875 173.73880004882812 956.4348754882812 308.9454040527344 4.1022778 1.6022815 1.6800956 3.1511545 1.6183032 10.673066 -1.6306157112121582 0.9614574909210205
Car 0.0 0 -2.1270639896392822 842.326416015625 177.39996337890625 1242.0 375.0 3.8427758 1.4494295 1.6258932 2.9205167 1.4919486 4.7627115 -1.5769917964935303 0.9422441124916077
Car 0.0 0 2.079340934753418 0.0 187.39703369140625 355.797119140625 375.0 4.2035284 1.63384 1.6898308 -4.322051 1.830776 7.6434097 1.5647050142288208 0.9380971193313599
Car 0.0 0 -1.7605482339859009 607.3955078125 176.57962036132812 641.1024169921875 202.50794982910156 3.2641432 1.6000564 1.5915594 0.85797536 1.8509209 46.76892 -1.742205262184143 0.8622562885284424
Car 0.0 0 -1.7135109901428223 580.5867309570312 183.279541015625 607.9298095703125 202.98780822753906 3.9850097 1.4962746 1.6839142 -1.3479531 2.3811162 59.107212 -1.7363122701644897 0.8181527256965637
Car 0.0 0 1.5630422830581665 495.3895568847656 181.27684020996094 524.779541015625 209.9571990966797 3.8146937 1.5673506 1.6435608 -5.951088 2.0886226 42.614174 1.4242892265319824 0.6434804201126099
Car 0.0 0 -1.678468108177185 627.091064453125 179.04116821289062 661.0858154296875 208.1649169921875 3.4613528 1.5146003 1.5135764 1.8172761 1.873623 40.049706 -1.6331236362457275 0.3622860610485077
