Pedestrian 0.0 0 1.4551849365234375 711.2009887695312 159.27879333496094 753.1422119140625 255.33587646484375 0.9692263 1.7444303 0.6660668 2.4111767 1.3421532 13.5464735 1.6313331127166748 0.9486925601959229
Pedestrian 0.0 0 1.820214867591858 412.3096008300781 168.23536682128906 462.94573974609375 269.7420349121094 0.95050585 1.794833 0.69571555 -3.0307443 1.5615625 13.1822 1.5942301750183105 0.888683021068573
Pedestrian 0.0 0 -1.8001925945281982 668.9971313476562 166.0364227294922 712.3868408203125 258.55828857421875 0.8327053 1.6726602 0.6288221 1.6176631 1.3943703 13.432065 -1.680336833000183 0.7079129219055176
Pedestrian 0.0 0 -1.2450023889541626 520.567626953125 168.0924835205078 543.7562255859375 212.1068572998047 0.9175045 1.7402494 0.67246985 -2.801059 1.2111474 28.922224 -1.341549277305603 0.6604425311088562
Pedestrian 0.0 0 -1.6670769453048706 728.893798828125 162.47164916992188 750.491943359375 209.080078125 0.59723526 1.6306461 0.69607365 4.872888 0.96598136 25.458714 -1.4779607057571411 0.6327082514762878
Pedestrian 0.0 0 1.30112886428833 754.5463256835938 164.91043090820312 775.9098510742188 212.7168731689453 0.7530024 1.6787338 0.56073654 5.8124843 1.0972486 25.611 1.5243010520935059 0.4382220506668091
Pedestrian 0.0 0 -2.446639060974121 145.48524475097656 145.07936096191406 238.85549926757812 287.9187927246094 0.9266493 1.8373306 0.5831797 -5.5060954 1.3701876 9.604834 -2.9671669006347656 0.4128376245498657
Pedestrian 0.0 0 2.6942601203918457 383.7530517578125 151.22994995117188 427.0986022949219 221.97398376464844 0.91312 1.7965047 0.62347865 -5.153954 1.0289938 18.773853 2.426332473754883 0.34406960010528564
Pedestrian 0.0 0 2.753880023956299 740.0328369140625 164.5128631591797 766.3641967773438 212.94097900390625 0.7544174 1.8192536 0.7507512 5.7681055 1.182145 27.41936 2.9612228870391846 0.33525019884109497
Pedestrian 0.0 0 -1.4875540733337402 312.45928955078125 165.57412719726562 329.6204528808594 203.4829864501953 0.75094134 1.7580812 0.6929168 -13.1879015 1.0204182 33.76993 -1.8598631620407104 0.315350741147995
Cyclist 0.0 0 1.7864975929260254 571.2494506835938 165.78550720214844 603.0015258789062 226.99359130859375 1.691526 1.7815287 0.6186227 -0.44523677 1.3252755 21.795029 1.7660720348358154 0.8978821039199829
Cyclist 0.0 0 1.543864130973816 616.7876586914062 172.48452758789062 633.1217041015625 219.5104217529297 1.8257506 1.8139206 0.59708846 0.9086684 1.4671875 28.61988 1.5756030082702637 0.78536456823349
Cyclist 0.0 0 1.2285817861557007 562.086181640625 169.47164916992188 591.146240234375 214.47654724121094 1.7947956 1.8002111 0.6307996 -1.0566626 1.3200748 29.681484 1.1929967403411865 0.4862492084503174
Car 0.0 0 0.5352575778961182 0.0 0.0 1238.0 374.0 3.9029658 1.4869577 1.5955518 2.41756 1.5139626 1.0800112 1.685917615890503 0.2533990144729614
