Pedestrian 0.0 0 1.0896011590957642 708.5336303710938 132.84657287597656 795.9854736328125 286.6720275878906 1.0083379 1.8576008 0.71375686 1.8275341 1.283817 9.117209 1.2874282598495483 0.7965383529663086
Pedestrian 0.0 0 0.9578182697296143 457.7253112792969 134.19432067871094 511.16900634765625 243.68203735351562 0.7171716 1.7791361 0.58274597 -2.084027 1.0283384 11.943891 0.7850725650787354 0.747536838054657
Pedestrian 0.0 0 1.6494721174240112 610.5888671875 136.5035858154297 648.851806640625 240.59844970703125 0.6286041 1.758942 0.61986375 0.39286658 1.0171615 12.288978 1.6814302206039429 0.7178888916969299
Pedestrian 0.0 0 1.3023968935012817 640.4902954101562 138.8008575439453 724.0923461914062 289.3766174316406 0.8883921 1.7884204 0.8351765 0.9028116 1.2948325 8.900329 1.4034868478775024 0.6653127074241638
Pedestrian 0.0 0 1.0709617137908936 713.4349365234375 141.94432067871094 754.3029174804688 229.08462524414062 0.6530226 1.5884722 0.50165874 2.3702283 0.88728434 13.27301 1.2476741075515747 0.6515964865684509
Pedestrian 0.0 0 0.9944567680358887 674.4005737304688 135.62535095214844 721.5306396484375 232.83309936523438 0.7867892 1.7288632 0.5140575 1.6630799 0.93239945 13.0360565 1.1213467121124268 0.6356011629104614
Pedestrian 0.0 0 -1.892971396446228 443.36029052734375 143.1676025390625 482.6051940917969 216.09690856933594 1.0106574 1.7908993 0.6911497 -3.6545424 0.87573856 17.96816 -2.0936243534088135 0.628061056137085
Pedestrian 0.0 0 1.0252140760421753 531.7160034179688 137.04798889160156 578.0813598632812 228.34425354003906 0.7860698 1.7734725 0.6100611 -1.0551215 0.93102884 14.226892 0.9511857032775879 0.6026197671890259
Pedestrian 0.0 0 0.9953407645225525 584.7794799804688 149.09381103515625 634.0271606445312 239.8763427734375 0.88509667 1.7356582 0.5898628 0.037903115 1.1368415 14.044753 0.9980394840240479 0.5399430394172668
Pedestrian 0.0 0 1.978454351425171 386.1796875 140.7930145263672 419.2452697753906 196.49099731445312 1.1450173 1.8880169 0.711334 -7.048809 0.5435893 24.575476 1.6991300582885742 0.45951560139656067
Pedestrian 0.0 0 2.567610025405884 595.9349365234375 129.9974822998047 635.5172119140625 199.96437072753906 0.8492104 1.7978317 0.60912466 0.245821 0.5017362 18.646725 2.5807924270629883 0.4537661075592041
Pedestrian 0.0 0 0.5409629940986633 486.5065002441406 137.53829956054688 540.9365844726562 239.74232482910156 0.7976809 1.8063141 0.5896122 -1.708007 1.0486692 12.92037 0.4095301628112793 0.38487231731414795
Pedestrian 0.0 0 0.8281441926956177 501.5245361328125 152.91058349609375 544.7111206054688 223.84764099121094 0.9641663 1.7912354 0.62988985 -2.1705406 1.0961667 18.40196 0.7107350826263428 0.3804967999458313
Pedestrian 0.0 0 1.5471209287643433 571.658935546875 140.28231811523438 605.5789794921875 241.77679443359375 0.5058802 1.6931057 0.5640016 -0.32995564 1.0238544 12.056838 1.519761085510254 0.3609369695186615
Pedestrian 0.0 0 1.5887067317962646 559.2481689453125 147.95289611816406 585.5219116210938 234.84814453125 0.5633273 1.6008587 0.48387608 -0.653366 1.0028864 13.309946 1.5396575927734375 0.31232115626335144
Pedestrian 0.0 0 2.8939566612243652 683.1318969726562 147.3310546875 712.7551879882812 204.36993408203125 0.80449754 1.7870266 0.6275309 2.9223793 0.749397 22.505985 3.023083209991455 0.2586626410484314
Pedestrian 0.0 0 -1.7135357856750488 254.10108947753906 151.89642333984375 271.25445556640625 191.3655242919922 0.7016114 1.8411382 0.636532 -16.213871 0.50830203 33.446014 -2.164931297302246 0.2500417232513428
Pedestrian 0.0 0 -2.457763433456421 235.33116149902344 143.90725708007812 343.8520202636719 256.325439453125 1.6529871 1.7877828 0.57268095 -5.2749104 1.2075047 11.729265 -2.8803863525390625 0.2332475781440735
Cyclist 0.0 0 0.7635719776153564 231.00521850585938 134.9916534423828 346.2886657714844 250.93569946289062 1.8511485 1.8276526 0.58632404 -5.2960725 1.11195 11.724912 0.3393101692199707 0.426888644695282
Car 0.0 0 1.906393051147461 0.0 86.74024200439453 284.3080139160156 370.0 3.9733834 1.6095496 1.5882204 -3.110507 1.3333586 4.2234187 1.2715944051742554 0.27087000012397766
