Pedestrian 0.0 0 -1.0058799982070923 605.830078125 174.92152404785156 637.1510620117188 223.6177978515625 1.0995126 1.7429802 0.66430974 0.7202622 1.5085709 26.350214 -0.9785525798797607 0.5438519716262817
Pedestrian 0.0 0 -1.6607805490493774 749.946044921875 196.0107879638672 801.4495239257812 300.27227783203125 0.7554183 1.6306864 0.7517083 2.8001566 1.8785976 11.778853 -1.4273854494094849 0.42655572295188904
Pedestrian 0.0 0 1.6324362754821777 727.947265625 188.99771118164062 775.2380981445312 290.6288757324219 0.6273244 1.7737752 0.8029485 2.6842122 1.9150378 13.002553 1.8360137939453125 0.37172526121139526
Pedestrian 0.0 0 1.6739327907562256 441.75628662109375 163.21006774902344 489.7168273925781 276.8177490234375 0.9217687 1.8097101 0.69479585 -2.2800405 1.5196562 11.929015 1.4850765466690063 0.35457220673561096
Pedestrian 0.0 0 -3.2480783462524414 680.1183471679688 168.69769287109375 708.4373168945312 230.34715270996094 0.7592353 1.7823039 0.639491 2.690926 1.4133224 21.092087 -3.1211838722229004 0.2986271381378174
Pedestrian 0.0 0 -2.1748857498168945 1005.5693359375 189.51834106445312 1156.380615234375 374.0 0.6822878 1.7298181 0.6973638 3.5990045 1.7967427 5.5182524 -1.5969655513763428 0.2789193093776703
Pedestrian 0.0 0 0.8195183277130127 699.0305786132812 160.98114013671875 727.9077758789062 217.1465301513672 0.6586463 1.7447363 0.621456 3.5214057 1.1084436 22.759022 0.9730267524719238 0.2035035938024521
Pedestrian 0.0 0 2.7376813888549805 861.6768188476562 180.09877014160156 964.2874755859375 343.7574462890625 0.9094241 1.8031561 0.60721934 3.4951425 1.7890728 8.2162285 3.1398866176605225 0.1696654111146927
Pedestrian 0.0 0 2.00177001953125 477.0760803222656 164.37889099121094 513.3971557617188 237.275146484375 0.7576773 1.9329716 0.72725147 -2.9095492 1.4801416 19.51059 1.8537343740463257 0.13541123270988464
Pedestrian 0.0 0 -2.1253082752227783 786.7974243164062 183.12033081054688 846.5843505859375 293.4217834472656 0.62671787 1.8361411 0.7710445 3.6577623 1.8662356 12.370961 -1.8378257751464844 0.13509602844715118
Pedestrian 0.0 0 -3.1792044639587402 772.0972900390625 149.9847412109375 840.3544311523438 208.71485900878906 1.826209 1.6155767 0.73489463 5.7403398 0.7497937 20.329718 -2.9040067195892334 0.11122805625200272
Cyclist 0.0 0 1.4045333862304688 751.5432739257812 155.02117919921875 776.086181640625 207.09181213378906 1.8532377 1.6806523 0.49869126 5.412571 0.8271074 24.121466 1.62526535987854 0.6156529784202576
Cyclist 0.0 0 -3.1792044639587402 772.0972900390625 149.9847412109375 840.3544311523438 208.71485900878906 1.826209 1.6155767 0.73489463 5.7403398 0.7497937 20.329718 -2.9040067195892334 0.3067004382610321
Cyclist 0.0 0 -1.579473853111267 681.2977905273438 167.96469116210938 702.0161743164062 230.1920166015625 1.728612 1.7610586 0.5826542 2.625591 1.3791485 21.218473 -1.4563589096069336 0.26463377475738525
Cyclist 0.0 0 1.4604333639144897 730.749267578125 190.1241912841797 778.6188354492188 297.1709289550781 1.0360227 1.8305622 0.7268391 2.6976502 1.993578 12.920174 1.6662698984146118 0.19842052459716797
Cyclist 0.0 0 -0.8585889935493469 607.7717895507812 175.07920837402344 640.2342529296875 223.3339385986328 1.0507195 1.729307 0.66652334 0.81026584 1.5002573 26.35274 -0.8278517723083496 0.1581835299730301
Car 0.0 0 -0.10740406811237335 390.1039733886719 177.71705627441406 470.1960144042969 209.54103088378906 3.5182893 1.4402479 1.6153742 -8.093914 1.2699819 33.857807 -0.3420563340187073 0.16123433411121368
