Pedestrian 0.0 0 -1.3628462553024292 748.22314453125 139.23370361328125 793.858154296875 245.08718872070312 0.5886622 1.7572888 0.6587559 2.715486 1.1995112 12.379361 -1.1469104290008545 0.2585841417312622
Pedestrian 0.0 0 -0.4819095730781555 1087.1168212890625 147.75733947753906 1140.3900146484375 228.10377502441406 0.78634036 1.7032006 0.5341997 10.836009 1.1715542 15.606597 0.12499570846557617 0.18778842687606812
Pedestrian 0.0 0 -0.9446910619735718 1185.3223876953125 116.69685363769531 1242.0 231.63316345214844 1.0231805 1.7167994 0.5707694 9.547346 0.87834007 11.172604 -0.23757192492485046 0.13093870878219604
Pedestrian 0.0 0 1.4289320707321167 660.41015625 168.26417541503906 673.86474609375 198.35569763183594 1.8144513 1.7801971 0.55699736 3.4118288 1.5090238 43.606167 1.5070148706436157 0.12416698038578033
Pedestrian 0.0 0 -2.1663944721221924 799.232666015625 131.6648712158203 858.2791748046875 243.95387268066406 0.647179 1.8040689 0.6961242 3.579068 1.1426698 12.003063 -1.8766087293624878 0.1221272349357605
Cyclist 0.0 0 1.4289320707321167 660.41015625 168.26417541503906 673.86474609375 198.35569763183594 1.8144513 1.7801971 0.55699736 3.4118288 1.5090238 43.606167 1.5070148706436157 0.47202619910240173
Cyclist 0.0 0 -1.214937448501587 252.36859130859375 191.1377716064453 273.48193359375 229.06182861328125 1.5631894 1.6396341 0.34244832 -15.784224 2.4901364 32.752583 -1.664019227027893 0.16497276723384857
Cyclist 0.0 0 -1.4096314907073975 751.7970581054688 138.42364501953125 769.0868530273438 179.53196716308594 1.7500566 1.8208272 0.49893615 6.821507 0.29614815 32.862972 -1.2049636840820312 0.1481616199016571
Car 0.0 0 1.6983693838119507 450.776611328125 180.17137145996094 495.36474609375 211.78257751464844 4.0408177 1.4638602 1.7119372 -6.8886943 1.8547158 36.43519 1.5115079879760742 0.8709314465522766
Car 0.0 0 -1.4799787998199463 228.91375732421875 172.28143310546875 273.62554931640625 212.64031982421875 3.830332 1.8485197 1.6084307 -17.436974 1.8226534 35.121544 -1.9408025741577148 0.7414808869361877
Car 0.0 0 -2.432389736175537 486.3995056152344 174.43418884277344 546.71533203125 197.8462371826172 3.9971275 1.5479473 1.6716832 -6.4878445 1.66117 49.739536 -2.562093734741211 0.11238720268011093
Car 0.0 0 1.7691105604171753 307.3135681152344 181.9852752685547 356.95001220703125 213.89962768554688 4.3528953 1.5137842 1.5998613 -14.518694 2.021473 37.805977 1.4024453163146973 0.10331310331821442
