Car 0.0 0 -1.7366666793823242 652.3767700195312 181.3701629638672 726.920654296875 234.45350646972656 4.2764144 1.4508015 1.608309 2.341664 1.7437469 22.602558 -1.633433222770691 0.9582234621047974
Car 0.0 0 -1.8887667655944824 709.6385498046875 188.45257568359375 859.433837890625 285.2724914550781 3.3726082 1.4011872 1.552761 2.8682399 1.7153182 12.757879 -1.667622685432434 0.958133339881897
Car 0.0 0 0.6284692883491516 0.0 193.15452575683594 286.0623474121094 321.3420715332031 4.313265 1.3608216 1.5774779 -6.4852724 1.6295968 8.725833 -0.010682832449674606 0.9410832524299622
Car 0.0 0 -2.6518683433532715 115.83452606201172 193.74578857421875 364.3917541503906 274.9236755371094 3.8703582 1.3777477 1.5087609 -6.8220963 1.7904375 13.444687 -3.121433973312378 0.830139696598053
Car 0.0 0 -2.7065885066986084 189.13424682617188 190.05751037597656 411.4879455566406 265.6569519042969 4.147455 1.5079638 1.5982467 -6.656412 1.9022197 15.650979 -3.1087160110473633 0.8129666447639465
Car 0.0 0 0.616507887840271 22.893171310424805 198.45533752441406 327.5605163574219 302.1275634765625 3.899696 1.415792 1.5235708 -6.6847243 1.8465878 11.215246 0.07900595664978027 0.7745363116264343
Car 0.0 0 0.24514296650886536 376.2442626953125 185.46902465820312 502.56353759765625 226.6136932373047 4.1879435 1.4125092 1.5758303 -6.145584 1.8832572 26.085323 0.013766765594482422 0.7588937282562256
Car 0.0 0 -1.7093533277511597 643.7940063476562 180.88909912109375 689.334228515625 213.403076171875 4.007932 1.367183 1.5493795 2.5174713 1.7623223 33.398945 -1.6341198682785034 0.7175019383430481
Car 0.0 0 -1.6501134634017944 630.001708984375 177.30862426757812 656.5885009765625 201.04371643066406 3.8306873 1.6441089 1.6329683 2.3671505 1.9815178 52.648895 -1.6051826477050781 0.6499667763710022
Car 0.0 0 0.37339451909065247 248.1772003173828 188.00640869140625 421.29888916015625 249.90533447265625 3.755988 1.4538674 1.5648106 -6.8789353 1.8520995 18.140574 0.010945320129394531 0.6487143039703369
Car 0.0 0 0.4026493728160858 294.98236083984375 178.7454071044922 446.0983581542969 237.06671142578125 3.758967 1.5710267 1.6244048 -6.8143997 1.7474421 20.594084 0.0830984115600586 0.4997279942035675
