Pedestrian 0.0 0 1.6400762796401978 172.6492156982422 156.40098571777344 224.92100524902344 260.8058166503906 0.55502075 1.7635851 0.75824916 -7.2198005 1.4860219 12.600338 1.119757890701294 0.4530352056026459
Pedestrian 0.0 0 2.2793049812316895 198.92620849609375 155.02288818359375 257.15374755859375 251.04258728027344 0.5784841 1.7482431 0.77268606 -7.1918907 1.4239476 13.500666 1.789835810661316 0.35031840205192566
Pedestrian 0.0 0 -0.7408620715141296 89.55939483642578 158.96827697753906 157.37014770507812 281.3214111328125 0.47608644 1.7319219 0.6940124 -7.1435733 1.5357257 10.522579 -1.3372727632522583 0.17959105968475342
Pedestrian 0.0 0 1.4566715955734253 466.2696838378906 172.41880798339844 480.8948059082031 207.19537353515625 0.95014447 1.7793779 0.6408315 -7.124322 1.7574687 37.464333 1.2687525749206543 0.15332387387752533
Pedestrian 0.0 0 -1.7587132453918457 723.3648681640625 172.6963653564453 737.6066284179688 204.38851928710938 0.65424544 1.7054635 0.6507972 6.500549 1.6973383 39.160316 -1.594214916229248 0.13730059564113617
Cyclist 0.0 0 1.4902759790420532 791.3250732421875 142.4186553955078 808.6046752929688 189.1876983642578 1.58482 1.806529 0.53531116 7.5031877 0.63127327 28.694736 1.74603271484375 0.20303577184677124
Cyclist 0.0 0 0.4341099262237549 508.5514831542969 175.29547119140625 539.3749389648438 207.89454650878906 1.7005556 1.9130177 0.66957414 -5.161045 2.0608792 43.008038 0.3146791458129883 0.16510358452796936
Cyclist 0.0 0 1.2559207677841187 705.7533569335938 182.2378387451172 729.9869995117188 222.60296630859375 1.4966892 1.6107533 0.55535936 4.4231033 2.0107107 29.938814 1.4025979042053223 0.123336561024189
Car 0.0 0 -2.038846492767334 796.5169677734375 180.75491333007812 1242.0 375.0 3.50274 1.4422905 1.5367916 2.5127661 1.5181667 5.1327662 -1.5835905075073242 0.9686923027038574
Car 0.0 0 1.308345913887024 709.9763793945312 174.58216857910156 902.650634765625 304.4679870605469 3.6149824 1.4571941 1.6002285 2.4201512 1.4858053 9.967172 1.5465482473373413 0.9568631649017334
Car 0.0 0 2.163111686706543 569.361572265625 170.95498657226562 706.1238403320312 233.4832000732422 4.1278625 1.4935273 1.6390574 0.80881757 1.4485263 19.379942 2.204822301864624 0.7008415460586548
Car 0.0 0 -2.6408801078796387 0.0 0.0 1242.0 375.0 3.6937032 1.5173812 1.562822 2.104706 1.6032586 0.94177276 -1.4908239841461182 0.12490580976009369
