Pedestrian 0.0 0 -1.110825777053833 277.03839111328125 160.80117797851562 302.8622741699219 207.10740661621094 0.5293502 1.6785493 0.7034181 -11.764405 1.2420056 26.431135 -1.5295944213867188 0.5256760716438293
Cyclist 0.0 0 -2.07664155960083 754.2926635742188 168.76089477539062 785.6552734375 211.68138122558594 1.6985539 1.6445955 0.4390216 6.2653623 1.4881173 28.521202 -1.8604024648666382 0.6219867467880249
Cyclist 0.0 0 0.8417112231254578 700.2494506835938 186.53445434570312 773.6976928710938 274.3082580566406 1.7170823 1.7780913 0.57975125 2.69624 2.094217 15.770113 1.0110454559326172 0.39959588646888733
Car 0.0 0 -1.8813834190368652 724.618408203125 190.0809783935547 921.5936279296875 312.54132080078125 4.2401094 1.4159869 1.5875214 2.9443192 1.7330823 11.105484 -1.6222227811813354 0.9815760850906372
Car 0.0 0 -1.7008633613586426 654.2964477539062 175.5829620361328 707.35009765625 217.6259307861328 4.2225785 1.6345676 1.678562 2.8731463 1.7582632 30.467548 -1.6068395376205444 0.9261728525161743
Car 0.0 0 3.849916696548462 0.0 185.4024200439453 179.8531494140625 375.0 4.0097995 1.5194516 1.6499252 -6.4848576 1.6507506 6.5608015 3.0703399181365967 0.8800554871559143
Car 0.0 0 0.2517634630203247 373.4501037597656 176.1188507080078 485.9626159667969 220.1821746826172 3.5378318 1.4815092 1.5200753 -6.2699385 1.5991535 25.14465 0.007392168045043945 0.7115073800086975
Car 0.0 0 3.7645061016082764 0.0 146.28941345214844 257.31976318359375 307.1981506347656 3.7384233 1.8301873 1.6734635 -6.7698026 1.5283977 9.074396 3.1235485076904297 0.6822918653488159
Car 0.0 0 3.2523295879364014 435.72222900390625 173.7284393310547 515.6063232421875 207.54200744628906 3.6323097 1.5843599 1.6023037 -6.463831 1.6280069 34.785095 3.068603277206421 0.6185386776924133
Car 0.0 0 -2.6652050018310547 228.85540771484375 178.3164520263672 429.2715148925781 250.6371307373047 3.9512506 1.5310271 1.6312878 -6.3716993 1.663662 16.448126 -3.0347862243652344 0.3933221399784088
Car 0.0 0 0.06607016175985336 446.52813720703125 172.36866760253906 532.5369873046875 207.22763061523438 4.249608 1.7375034 1.7348763 -6.156928 1.7136707 37.033974 -0.09867387264966965 0.3643738031387329
Car 0.0 0 -2.862919330596924 387.27911376953125 177.34619140625 506.21246337890625 217.27027893066406 4.169431 1.4697307 1.6160336 -6.25237 1.6482699 27.692095 -3.084977626800537 0.324667364358902
Car 0.0 0 -2.8806114196777344 494.08062744140625 176.71629333496094 549.91259765625 198.39501953125 3.6951108 1.5188044 1.6485313 -6.349458 1.8032882 52.00348 -3.0021069049835205 0.32172563672065735
