Car 0.0 0 -0.5443164110183716 983.6016845703125 187.48321533203125 1242.0 346.6850891113281 4.0610814 1.5314447 1.6636418 6.6829658 1.7212925 8.241864 0.1370091438293457 0.9545400738716125
Car 0.0 0 0.5215914845466614 65.95653533935547 158.43423461914062 368.9132995605469 267.0229797363281 4.297913 1.7232711 1.6765102 -6.6109486 1.4947914 12.3504305 0.03011918067932129 0.943892776966095
Car 0.0 0 2.7259814739227295 785.6299438476562 167.48727416992188 1021.654296875 251.3689727783203 4.5811787 1.7675582 1.7587236 6.401983 1.6548282 16.168625 3.102992534637451 0.8947760462760925
Car 0.0 0 3.41524076461792 331.45819091796875 174.9962158203125 469.89056396484375 229.1370086669922 3.7487528 1.5836188 1.6533651 -6.351658 1.6518241 22.009102 3.134282350540161 0.8785864114761353
Car 0.0 0 0.4402686357498169 134.445068359375 181.28262329101562 375.8411865234375 255.05226135253906 4.231958 1.427645 1.5553619 -7.2693453 1.6120435 14.9484215 -0.012355133891105652 0.8477317094802856
Car 0.0 0 -3.9327478408813477 1081.8470458984375 209.6879425048828 1242.0 375.0 4.1181417 1.4806284 1.6253141 6.387304 1.8256834 5.860825 -3.1043918132781982 0.8241799473762512
Car 0.0 0 3.2235655784606934 381.07586669921875 167.50425720214844 506.017822265625 220.699462890625 4.4204774 1.9013392 1.784028 -6.165492 1.7104827 26.984127 2.9989356994628906 0.6318202614784241
Car 0.0 0 -1.6692044734954834 721.9979248046875 164.8455352783203 749.0825805664062 188.0684356689453 3.64968 1.688571 1.6530888 9.393385 1.1066203 54.34138 -1.4980372190475464 0.5797554850578308
Car 0.0 0 3.7201344966888428 0.0 192.56109619140625 288.5041809082031 309.3514404296875 3.4814725 1.4907255 1.5257988 -6.692929 1.791426 10.2293625 3.140752077102661 0.5236663222312927
Car 0.0 0 1.6557600498199463 510.05267333984375 171.3161163330078 538.102783203125 195.19412231445312 3.4605582 1.4616338 1.4863704 -5.4661236 1.3678538 45.918644 1.5372782945632935 0.45512497425079346
