Pedestrian 0.0 0 -1.8125373125076294 797.3267211914062 167.5350799560547 820.635009765625 212.4959259033203 0.9107587 1.6329794 0.6289446 7.3037076 1.4401543 26.666805 -1.5452055931091309 0.5889001488685608
Pedestrian 0.0 0 -2.2845888137817383 1114.634033203125 152.11610412597656 1192.9688720703125 264.010498046875 0.87983054 1.7110207 0.5539147 8.585628 1.3942672 11.489276 -1.642835259437561 0.5795294642448425
Pedestrian 0.0 0 0.9304112792015076 1070.0164794921875 149.73513793945312 1139.4490966796875 259.0225830078125 0.76984733 1.7034011 0.5769152 7.9127355 1.3434182 11.640521 1.527422308921814 0.4784594178199768
Pedestrian 0.0 0 -1.7627111673355103 741.276611328125 161.34988403320312 760.9326782226562 199.5617218017578 1.0056525 1.6872203 0.684171 6.281801 1.1796212 32.3592 -1.5709688663482666 0.2601338326931
Cyclist 0.0 0 -2.111344575881958 1006.5401000976562 143.37161254882812 1132.7288818359375 284.95074462890625 1.7482991 1.7253624 0.6003827 6.030581 1.3664315 9.669468 -1.5537004470825195 0.8860558271408081
Cyclist 0.0 0 -2.258357286453247 1095.4334716796875 161.3340606689453 1184.0128173828125 268.5122375488281 1.2221254 1.6539251 0.4974576 8.54386 1.4765123 11.756389 -1.6299083232879639 0.27364131808280945
Cyclist 0.0 0 -1.8125373125076294 797.3267211914062 167.5350799560547 820.635009765625 212.4959259033203 0.9107587 1.6329794 0.6289446 7.3037076 1.4401543 26.666805 -1.5452055931091309 0.13437409698963165
Car 0.0 0 2.7946484088897705 806.8187866210938 179.22654724121094 893.0701904296875 206.43231201171875 4.3609076 1.4935567 1.5628513 13.505458 1.8620999 40.84407 3.113990068435669 0.4545953571796417
Car 0.0 0 1.2523739337921143 958.369384765625 181.37167358398438 1005.398681640625 205.24644470214844 4.014228 1.4797412 1.617264 24.812029 2.0755515 48.330257 1.7266721725463867 0.40666714310646057
Car 0.0 0 2.710470199584961 896.8024291992188 185.20947265625 984.2594604492188 212.317138671875 4.2270637 1.4775486 1.5828116 18.63265 2.1911578 40.85167 3.1383893489837646 0.335008442401886
Car 0.0 0 -0.5202823877334595 734.8525390625 169.1288604736328 829.1629638671875 202.92486572265625 3.912245 1.4881725 1.6420761 7.8394437 1.3244982 33.111954 -0.28780725598335266 0.25335997343063354
Car 0.0 0 -1.7839995622634888 584.451416015625 177.0475311279297 635.6630249023438 212.3711700439453 3.6102326 1.4932884 1.5957857 -0.09364795 1.696078 32.893337 -1.7868465185165405 0.24063418805599213
Car 0.0 0 1.3544020652770996 1012.8522338867188 178.9474334716797 1045.4818115234375 196.77633666992188 3.4669356 1.3925338 1.6174344 34.528446 1.911819 59.547436 1.8798718452453613 0.21594713628292084
