Pedestrian 0.0 0 -1.6395621299743652 417.30242919921875 152.6240997314453 432.61865234375 188.1072998046875 0.79890394 1.9495741 0.77139604 -10.333194 0.8384289 40.141792 -1.8915095329284668 0.5435224175453186
Pedestrian 0.0 0 -2.996814489364624 1118.9208984375 141.5965576171875 1174.7227783203125 260.3448486328125 0.608983 1.7895844 0.713103 8.386555 1.31888 11.33868 -2.359976053237915 0.5432038903236389
Car 0.0 0 -1.7790062427520752 703.650146484375 170.56204223632812 855.3171997070312 287.7538146972656 4.033325 1.7120066 1.699242 2.6857607 1.678882 12.556688 -1.5682904720306396 0.9707981944084167
Car 0.0 0 -1.726647138595581 674.5972290039062 181.7362823486328 765.7544555664062 248.9720916748047 4.252579 1.4808174 1.641774 2.6570837 1.7363789 18.590805 -1.584683895111084 0.9568913578987122
Car 0.0 0 3.5452253818511963 110.25894165039062 185.9739227294922 385.3262634277344 280.9142761230469 3.9910116 1.5081862 1.6137522 -6.2171283 1.754766 12.625059 3.0876412391662598 0.9479812979698181
Car 0.0 0 -1.6971441507339478 653.6467895507812 176.1455078125 707.0681762695312 219.48008728027344 3.5559132 1.53411 1.5849183 2.5855024 1.6686933 27.617844 -1.6037991046905518 0.9253826141357422
Car 0.0 0 0.6037340760231018 0.0 198.49072265625 324.203125 318.01458740234375 3.7977388 1.4614702 1.5919063 -6.2631283 1.8517842 10.086218 0.04804587364196777 0.9242775440216064
Car 0.0 0 0.7447602152824402 0.0 203.2687225341797 239.4326629638672 366.709228515625 4.182463 1.4515588 1.5930766 -6.4548273 1.8103523 7.6173334 0.041785240173339844 0.8330850005149841
Car 0.0 0 3.3102550506591797 403.50103759765625 169.28884887695312 494.57049560546875 207.87506103515625 3.6202452 1.6203581 1.649991 -6.9465685 1.4710041 31.21194 3.0912630558013916 0.777986466884613
Car 0.0 0 -1.6323796510696411 638.7322387695312 178.4182586669922 668.4661254882812 205.7750701904297 3.5369856 1.4777665 1.4828374 2.4347503 1.8115603 41.46439 -1.5737279653549194 0.7439873814582825
Car 0.0 0 -2.707813024520874 255.77505493164062 178.2554168701172 407.7922058105469 228.61395263671875 4.033518 1.4565505 1.5788463 -8.456332 1.6284198 21.986387 -3.0749881267547607 0.7071112394332886
Car 0.0 0 0.27396172285079956 372.38714599609375 182.93218994140625 494.83697509765625 228.41934204101562 4.0156574 1.5680258 1.6591393 -6.377095 1.9464815 26.167591 0.03491926193237305 0.5758609771728516
