Pedestrian 0.0 0 -1.2291189432144165 932.8845825195312 50.65559768676758 1064.5787353515625 320.966796875 0.7408941 1.9043337 0.69354236 2.9543107 1.0438079 5.586436 -0.7426691651344299 0.28528842329978943
Pedestrian 0.0 0 -1.875897765159607 846.756103515625 169.3327178955078 892.1541748046875 255.8666229248047 0.8785354 1.7274913 0.6422936 5.276632 1.657553 14.8520565 -1.53452730178833 0.27252253890037537
Pedestrian 0.0 0 2.58687162399292 854.4384765625 151.3137969970703 970.6474609375 323.77496337890625 1.061256 1.8552109 0.58210117 3.3404822 1.6238551 8.133287 2.9765827655792236 0.14319558441638947
Pedestrian 0.0 0 -1.776793122291565 481.6327819824219 178.7667999267578 491.7029724121094 200.2689208984375 0.6574852 1.7375654 0.69105256 -10.106038 2.2247698 58.97454 -1.946507453918457 0.12893638014793396
Pedestrian 0.0 0 -1.157057285308838 922.3662109375 157.59352111816406 948.6844482421875 210.7242431640625 0.6084986 1.6885542 0.5812849 10.4890785 1.2039173 23.348162 -0.7348301410675049 0.12853789329528809
Pedestrian 0.0 0 -1.9735455513000488 1202.2276611328125 147.67727661132812 1242.0 243.3034210205078 0.9232602 1.798697 0.55791205 12.076254 1.3254887 14.09333 -1.2650724649429321 0.12343626469373703
Cyclist 0.0 0 -1.8283178806304932 846.9069213867188 170.22691345214844 889.6375122070312 259.09112548828125 1.1226554 1.7596825 0.5571255 5.254712 1.7080191 14.867398 -1.4885830879211426 0.47698432207107544
Cyclist 0.0 0 -1.8297983407974243 986.1821899414062 181.1223907470703 1024.6097412109375 257.28570556640625 1.619838 1.6230432 0.35652256 8.906971 1.8206661 16.382372 -1.331810712814331 0.29319173097610474
Cyclist 0.0 0 -1.6829438209533691 1210.7772216796875 140.5093994140625 1242.0 233.8591766357422 1.6968211 1.7419683 0.45352182 12.25214 1.1387544 14.290873 -0.9742038249969482 0.18351610004901886
Car 0.0 0 -1.6100621223449707 596.8340454101562 175.0759735107422 643.6132202148438 219.63284301757812 4.5721264 1.7171137 1.7694626 0.31543875 1.8180422 30.344677 -1.5996673107147217 0.875339150428772
Car 0.0 0 2.0939762592315674 506.2713317871094 165.1478729248047 566.0139770507812 193.44480895996094 4.1225424 1.5859019 1.6788772 -4.3371854 1.15437 42.660133 1.9926559925079346 0.20469506084918976
Car 0.0 0 1.6342074871063232 506.2503967285156 173.24246215820312 547.19287109375 212.8060760498047 4.4466643 1.9765044 1.8839632 -4.3993983 1.9987354 38.356396 1.5200085639953613 0.20293301343917847
Car 0.0 0 -1.6981704235076904 668.9615478515625 181.4362030029297 691.069580078125 198.5443115234375 3.6846097 1.5203855 1.610039 6.5388594 2.3501148 67.85912 -1.6021076440811157 0.16879184544086456
Car 0.0 0 1.3077282905578613 803.4708862304688 174.70733642578125 841.4813842773438 198.97860717773438 4.1159644 1.7041327 1.6603642 15.540825 1.8460937 53.05047 1.5926992893218994 0.11311846226453781
