Pedestrian 0.0 0 -0.20883134007453918 575.2890625 172.33863830566406 590.6829833984375 200.0975341796875 0.9332635 1.8388194 0.55019575 -1.4708548 1.2995125 47.20986 -0.2399769276380539 0.6777889132499695
Pedestrian 0.0 0 0.5633244514465332 451.8538818359375 176.51913452148438 468.0341491699219 204.44859313964844 0.87803996 1.7963177 0.5363255 -9.412491 1.5416187 45.875694 0.3609590530395508 0.530608594417572
Pedestrian 0.0 0 -0.17310450971126556 503.8763732910156 171.67771911621094 518.0697021484375 198.0330810546875 0.87672204 1.7917372 0.58446664 -6.445853 1.1932772 48.473408 -0.30530601739883423 0.40341615676879883
Pedestrian 0.0 0 3.011665105819702 511.7043762207031 169.71678161621094 527.265625 197.12632751464844 0.9717731 1.8159404 0.52278 -5.711311 1.102852 47.212097 2.8912787437438965 0.3841582238674164
Pedestrian 0.0 0 -2.235666036605835 816.52099609375 151.3394775390625 840.1806640625 190.79266357421875 0.8943127 1.8474077 0.6617885 10.605661 0.48340768 33.637806 -1.930241584777832 0.37848371267318726
Pedestrian 0.0 0 1.1437757015228271 982.0985717773438 137.45736694335938 1020.7854614257812 202.8078155517578 0.985809 1.7760304 0.5834335 11.014062 0.6078403 19.725714 1.65301513671875 0.33201131224632263
Pedestrian 0.0 0 0.36616459488868713 458.3934326171875 175.66134643554688 472.2611083984375 201.07595825195312 0.81210136 1.6758714 0.40311608 -9.26136 1.3581294 46.886497 0.17114782333374023 0.2749241888523102
Cyclist 0.0 0 0.06636554002761841 629.18798828125 169.8373260498047 656.7918701171875 197.75518798828125 1.775423 1.8155216 0.5439566 2.4936988 1.1234499 46.35138 0.12011361122131348 0.6900498867034912
Cyclist 0.0 0 -1.2130634784698486 394.4966735839844 179.12918090820312 414.087890625 212.5729217529297 1.6778399 1.7088687 0.42744765 -10.498865 1.6402463 36.976444 -1.4897162914276123 0.6040224432945251
Cyclist 0.0 0 3.0385971069335938 577.381591796875 171.26171875 603.3053588867188 197.3617706298828 1.749691 1.7950153 0.53922707 -1.0154994 1.1609644 48.997402 3.0178744792938232 0.48461633920669556
Cyclist 0.0 0 -2.176818609237671 817.2239379882812 150.30477905273438 840.5098876953125 190.77203369140625 0.939548 1.895592 0.63344604 10.635663 0.4826193 33.657433 -1.8707506656646729 0.12440639734268188
Car 0.0 0 2.607851028442383 902.9879150390625 147.06361389160156 1028.4559326171875 185.61810302734375 4.0907965 1.4347367 1.5314124 13.799249 0.19197479 27.202131 3.077310085296631 0.8154652714729309
Car 0.0 0 -1.4216350317001343 522.6422729492188 175.7818145751953 559.8351440429688 202.5379180908203 3.8311827 1.4921265 1.6183904 -3.6903222 1.2303957 41.386364 -1.5105674266815186 0.8097097873687744
Car 0.0 0 -0.28737446665763855 801.1737060546875 162.7133331298828 856.7097778320312 181.73777770996094 3.9975889 1.5205609 1.6203974 18.148314 0.100164175 57.355305 0.019076824188232422 0.39783331751823425
Car 0.0 0 -1.4929076433181763 471.39068603515625 172.4850311279297 506.25347900390625 203.78955078125 2.7870202 1.4605199 1.4654322 -5.6385827 1.0880319 34.432907 -1.6552226543426514 0.37498900294303894
Car 0.0 0 -1.4588406085968018 582.4282836914062 179.16842651367188 610.143310546875 200.89439392089844 3.698813 1.5054388 1.5941008 -0.58730465 1.4144738 50.907932 -1.47037672996521 0.31505894660949707
Car 0.0 0 -2.1835155487060547 1163.4434814453125 124.01094055175781 1224.0 196.8542022705078 3.708981 1.8952487 1.9235363 18.321037 0.4270944 20.347672 -1.4504797458648682 0.2850998044013977
Car 0.0 0 1.824365496635437 337.5489807128906 183.76922607421875 379.6285705566406 209.8955078125 3.8111157 1.529932 1.5597664 -15.229345 1.7431188 43.851463 1.4901034832000732 0.28088822960853577
Car 0.0 0 1.6939135789871216 651.658935546875 176.938720703125 677.4044799804688 195.87380981445312 4.003151 1.4787319 1.6026461 4.874621 1.2018594 57.33575 1.7787284851074219 0.26531410217285156
