Pedestrian 0.0 0 1.8371834754943848 356.349609375 159.9937744140625 396.741455078125 229.91616821289062 1.1529354 1.8839467 0.79470396 -6.365392 1.333021 19.639847 1.5237603187561035 0.805810809135437
Pedestrian 0.0 0 0.8780661821365356 218.92063903808594 145.60739135742188 322.2283020019531 318.87841796875 0.6694285 1.7384644 0.74454784 -3.6177254 1.3900734 7.5672216 0.43210911750793457 0.5042339563369751
Pedestrian 0.0 0 1.7810178995132446 672.275390625 139.23377990722656 702.5591430664062 212.2790985107422 0.7302273 1.8294 0.6356086 2.0846329 0.7974934 18.150274 1.8953708410263062 0.35238856077194214
Pedestrian 0.0 0 1.7857345342636108 682.800537109375 138.4964599609375 716.6766967773438 217.1936798095703 0.85453147 1.8270336 0.6381618 2.2363725 0.8534868 16.92008 1.9171454906463623 0.2426198124885559
Pedestrian 0.0 0 0.4597865641117096 807.4384765625 103.58489227294922 914.4307250976562 285.1869812011719 0.9438389 1.863037 0.59594053 2.763058 1.0756652 7.7947474 0.8004441261291504 0.23010693490505219
Cyclist 0.0 0 1.9141627550125122 507.824462890625 161.71119689941406 524.2320556640625 189.92190551757812 1.6718224 1.7559937 0.50157 -5.6409416 0.58782136 44.876125 1.7891182899475098 0.4307600259780884
Car 0.0 0 -1.5912803411483765 573.3197021484375 152.6505126953125 620.2857055664062 204.26535034179688 4.155477 1.8192296 1.6577078 -0.38878712 0.8391665 27.021229 -1.6056675910949707 0.5471428632736206
Car 0.0 0 1.1302824020385742 1030.7332763671875 220.16146850585938 1224.0 370.0 4.102654 1.4247638 1.5663728 6.2572284 1.9872397 7.8154325 1.8054041862487793 0.20986312627792358
Car 0.0 0 1.5074570178985596 917.329345703125 189.7887725830078 981.9132080078125 245.85879516601562 2.8519104 1.4238644 1.4556515 9.6790695 1.7101519 20.073269 1.9567530155181885 0.18952107429504395
Car 0.0 0 1.437257170677185 413.222900390625 167.49337768554688 440.3940124511719 189.1847686767578 3.8299704 1.6504338 1.581224 -14.096555 0.66205657 55.863934 1.190079927444458 0.16937550902366638
