Pedestrian 0.0 0 -1.661777138710022 518.18017578125 171.56764221191406 528.6087036132812 193.3157958984375 0.50703496 1.684766 0.76349163 -6.775156 1.5854727 56.22051 -1.7817091941833496 0.2573471963405609
Pedestrian 0.0 0 2.4237775802612305 153.1063232421875 174.33750915527344 167.76605224609375 198.77125549316406 0.81648815 1.8487052 0.5104676 -34.362686 1.963336 55.111557 1.8662493228912354 0.19690996408462524
Pedestrian 0.0 0 1.1614032983779907 844.3416137695312 157.79013061523438 880.9945678710938 219.7329559326172 1.1057796 1.8948625 0.70142835 7.8721457 1.4344093 22.647028 1.4959399700164795 0.1649097055196762
Car 0.0 0 2.0454297065734863 156.03700256347656 181.8966522216797 310.946533203125 258.4989318847656 4.0260534 1.6175627 1.7038807 -9.082521 1.8653066 17.722918 1.5718533992767334 0.9464077353477478
Car 0.0 0 -1.4907344579696655 542.90283203125 179.3580322265625 571.6930541992188 202.49647521972656 3.8693314 1.4732482 1.6464099 -3.5684898 1.9325445 48.969902 -1.5634769201278687 0.8349551558494568
Car 0.0 0 -1.5417585372924805 588.1316528320312 174.93516540527344 615.3082885742188 199.43902587890625 3.8050668 1.5166175 1.6585772 -0.5338681 1.6577814 46.89789 -1.553141713142395 0.787125825881958
Car 0.0 0 -1.0712509155273438 619.4970092773438 175.79339599609375 660.5875854492188 195.2252960205078 4.0313635 1.52804 1.6609261 2.4928086 1.7797567 59.54331 -1.0294098854064941 0.41630128026008606
Car 0.0 0 -2.7280397415161133 264.54937744140625 159.66082763671875 352.7179870605469 189.70663452148438 4.3450003 1.6864667 1.717223 -17.275246 0.94629383 41.395058 -3.1233928203582764 0.18269681930541992
Car 0.0 0 -1.775811791419983 1180.9696044921875 149.86322021484375 1242.0 196.29603576660156 3.0487494 1.7723571 1.6837527 24.530348 0.8951488 29.279879 -1.0784499645233154 0.17405609786510468
Car 0.0 0 1.8130522966384888 414.9051513671875 171.56683349609375 457.9200744628906 205.09922790527344 3.8473265 1.911153 1.6203616 -10.333947 1.8381494 43.04979 1.5774633884429932 0.16887657344341278
