Pedestrian 0.0 0 -1.5940587520599365 465.0971374511719 147.7722625732422 482.5599670410156 193.8270721435547 0.6977037 1.9420435 0.7161909 -5.8648605 0.8847526 30.839277 -1.781989574432373 0.37453463673591614
Pedestrian 0.0 0 -1.5949771404266357 475.4432678222656 144.869873046875 489.50128173828125 189.90908813476562 0.46603203 2.035 0.619206 -5.854701 0.7709556 32.88835 -1.7711491584777832 0.3511158227920532
Car 0.0 0 -1.8344632387161255 755.1535034179688 204.8267822265625 922.4606323242188 320.6873474121094 4.204792 1.4432855 1.5899991 3.595002 2.0815291 12.273756 -1.5495314598083496 0.979963481426239
Car 0.0 0 1.0501209497451782 871.2310791015625 213.392333984375 1242.0 375.0 4.315512 1.477104 1.6976845 3.8020554 1.9523869 6.272706 1.5950332880020142 0.9493687748908997
Car 0.0 0 -1.806160807609558 725.9039916992188 200.35049438476562 821.958251953125 278.4117126464844 3.1622646 1.5790554 1.5280126 3.7808073 2.3001506 17.313808 -1.5911662578582764 0.9490036964416504
Car 0.0 0 -1.746387004852295 695.0100708007812 196.73472595214844 760.6268310546875 249.93569946289062 3.3472493 1.5377333 1.5822577 3.8079727 2.3902414 24.056252 -1.5893951654434204 0.9159677028656006
Car 0.0 0 1.6696826219558716 514.909423828125 189.2220458984375 566.4567260742188 230.93447875976562 4.1850524 1.5114133 1.7186861 -2.8380246 2.237271 29.882687 1.574994444847107 0.911851704120636
Car 0.0 0 1.7768014669418335 386.87811279296875 194.53219604492188 515.2837524414062 294.7071838378906 3.792534 1.5088474 1.5939727 -2.8753586 1.9744768 13.585054 1.5682237148284912 0.8062615394592285
Car 0.0 0 -1.712170958518982 672.0628051757812 196.5492706298828 727.0341796875 240.7972869873047 3.8229296 1.5178317 1.6348041 3.4531243 2.5255318 28.742691 -1.5926047563552856 0.7949720025062561
Car 0.0 0 -1.723623275756836 661.212646484375 191.48167419433594 707.8330688476562 226.70751953125 3.9554837 1.4784174 1.6168379 3.4552424 2.419841 34.431515 -1.6236069202423096 0.3949429988861084
