Pedestrian 0.0 0 0.7474048137664795 378.9580078125 163.9561004638672 418.3241271972656 236.93247985839844 0.64512104 1.7588485 0.6783478 -5.269641 1.5447532 17.834608 0.46010661125183105 0.3687693178653717
Pedestrian 0.0 0 -0.9870541095733643 366.3549499511719 163.05087280273438 385.0529479980469 198.4149627685547 0.91459054 1.9114633 0.56402826 -12.8623905 1.3819529 39.512863 -1.301759958267212 0.3317917585372925
Pedestrian 0.0 0 -0.42352837324142456 232.98187255859375 146.21197509765625 327.56707763671875 333.5543518066406 0.5646289 1.7369608 0.8191501 -3.336004 1.490305 7.168337 -0.8590988516807556 0.32988911867141724
Pedestrian 0.0 0 -0.030012547969818115 757.5670166015625 163.8612518310547 773.0411987304688 192.64768981933594 0.95451933 1.8325002 0.50682807 9.9234085 1.2603933 46.26454 0.18127870559692383 0.3025919795036316
Cyclist 0.0 0 -0.9820383787155151 366.14520263671875 162.81027221679688 385.02691650390625 198.10830688476562 0.9411743 1.9070321 0.554892 -12.8669195 1.364762 39.50755 -1.2968875169754028 0.10220355540513992
Car 0.0 0 3.0706024169921875 432.5617370605469 170.08059692382812 515.9367065429688 202.15115356445312 3.8318214 1.4851185 1.5866183 -6.577454 1.357046 34.666817 2.8830976486206055 0.8255109786987305
Car 0.0 0 -2.004129409790039 732.6209106445312 166.66781616210938 775.1707153320312 188.1590118408203 3.7042375 1.4783325 1.5690718 10.218175 1.0531553 51.615112 -1.8086878061294556 0.6231662631034851
Car 0.0 0 -1.924481987953186 697.9049682617188 165.17315673828125 740.7369995117188 188.20574951171875 4.0389667 1.539996 1.653529 7.551677 1.0268008 50.385914 -1.7757126092910767 0.5988131165504456
Car 0.0 0 1.0303725004196167 909.476318359375 160.30563354492188 963.168212890625 183.59393310546875 3.9629316 1.6010438 1.7009395 23.271473 0.73871547 51.669525 1.4535512924194336 0.550673246383667
Car 0.0 0 -2.1584951877593994 769.6217651367188 161.81552124023438 825.4227905273438 185.68479919433594 4.3069224 1.6262803 1.7530155 13.283984 0.87455595 51.47959 -1.9059603214263916 0.48770204186439514
Car 0.0 0 2.0704894065856934 97.61803436279297 171.06729125976562 155.44778442382812 196.57005310058594 3.8985717 1.6613911 1.5903894 -32.79368 1.5453526 49.015057 1.4808363914489746 0.32457366585731506
Car 0.0 0 0.8589627742767334 974.59326171875 156.24432373046875 1034.5208740234375 177.86363220214844 4.088065 1.5605437 1.6888434 29.568066 0.36196658 54.256237 1.3579366207122803 0.29322928190231323
