Pedestrian 0.0 0 1.9667203426361084 185.49923706054688 159.0140838623047 297.2791442871094 354.40594482421875 0.91697264 1.7663537 0.67067665 -3.5080655 1.564459 6.972067 1.5005478858947754 0.8706706762313843
Pedestrian 0.0 0 -1.076298713684082 871.654052734375 157.5835723876953 920.9762573242188 262.7257080078125 0.47976437 1.6648554 0.589855 4.7800646 1.2874509 11.751892 -0.6899881958961487 0.8593977689743042
Pedestrian 0.0 0 2.1072165966033936 461.8505859375 171.84458923339844 487.09765625 216.95184326171875 0.9563268 1.8917425 0.66848147 -5.433811 1.4877846 30.688889 1.9319716691970825 0.7531623244285583
Pedestrian 0.0 0 2.7355408668518066 779.1998901367188 160.24217224121094 825.9456176757812 238.18948364257812 0.890532 1.8161304 0.6407396 4.748886 1.3220398 17.111721 3.0062506198883057 0.6338126063346863
Pedestrian 0.0 0 2.5845131874084473 825.9752807617188 161.77105712890625 867.5524291992188 218.07858276367188 1.0770742 1.7124285 0.57512087 7.5664554 1.113549 22.24585 2.912367105484009 0.6059525012969971
Pedestrian 0.0 0 0.33749786019325256 578.002197265625 172.23683166503906 595.71337890625 203.04763793945312 0.889362 1.7496178 0.53250563 -0.83412343 1.2243975 41.180355 0.3172452449798584 0.5838278532028198
Pedestrian 0.0 0 1.7526414394378662 733.070556640625 165.5936279296875 769.56494140625 243.03518676757812 0.92003614 1.8436302 0.72599876 3.6589642 1.466151 17.661448 1.9569239616394043 0.556890070438385
Pedestrian 0.0 0 -2.906966209411621 775.3182983398438 177.9718475341797 819.74560546875 269.256591796875 0.7107169 1.7949957 0.79215723 3.9644043 1.7268689 14.640356 -2.642521858215332 0.5468818545341492
Pedestrian 0.0 0 -1.8975595235824585 742.110107421875 147.75865173339844 841.753173828125 338.52178955078125 0.84222615 1.6619254 0.65582603 1.7003886 1.3693546 6.7009645 -1.6490519046783447 0.5138121843338013
Pedestrian 0.0 0 -2.0176167488098145 666.5320434570312 159.11309814453125 763.1212768554688 348.08660888671875 0.7509127 1.6301248 0.6136404 0.9809746 1.438395 6.6432886 -1.8710120916366577 0.4002145528793335
Pedestrian 0.0 0 -0.06821846961975098 451.7243347167969 173.5183563232422 473.8697814941406 217.92576599121094 0.85730183 1.8100599 0.6239875 -5.7498436 1.4857181 29.688494 -0.25952252745628357 0.327828586101532
Pedestrian 0.0 0 -3.168480396270752 643.3263549804688 172.96287536621094 657.638671875 198.9386749267578 0.9860342 1.8106809 0.5500361 3.4497132 1.2162262 50.365196 -3.100093126296997 0.3050553500652313
Pedestrian 0.0 0 -0.0680675283074379 661.6280517578125 173.14564514160156 680.2584838867188 211.92916870117188 0.81733143 1.773402 0.57493365 3.1918387 1.3923253 33.142498 0.027942895889282227 0.2877311706542969
Pedestrian 0.0 0 1.9290165901184082 913.8491821289062 174.00003051757812 937.363525390625 231.7293701171875 0.505019 1.6556296 0.47874987 9.424857 1.4416766 20.946491 2.3518283367156982 0.26247045397758484
Pedestrian 0.0 0 -3.3453142642974854 960.9840087890625 113.55138397216797 1056.8599853515625 274.4288024902344 0.89599675 1.8312907 0.5716243 4.7951455 1.0591725 8.581727 -2.835768699645996 0.25134479999542236
Cyclist 0.0 0 -1.9779953956604004 923.4380493164062 115.8388442993164 1014.8090209960938 265.8353271484375 1.7568702 1.7976741 0.3974835 4.7589583 1.012083 9.49486 -1.5133768320083618 0.7035265564918518
Cyclist 0.0 0 2.1100685596466064 399.1680908203125 171.07505798339844 458.4029235839844 240.83160400390625 1.854591 1.7010107 0.62088954 -4.445213 1.4479911 18.49165 1.8741545677185059 0.5211299061775208
Cyclist 0.0 0 2.1057839393615723 0.0 67.85526275634766 229.736572265625 374.0 1.6305422 1.6615053 0.5612046 -2.3650634 1.2830914 3.2368696 1.4747734069824219 0.5091395378112793
Cyclist 0.0 0 2.5283565521240234 807.1668090820312 169.81268310546875 863.826416015625 222.92581176757812 1.6026174 1.6011676 0.61423796 7.1990223 1.2499593 22.182384 2.842170238494873 0.40535494685173035
Car 0.0 0 1.6805919408798218 535.72802734375 167.46035766601562 579.9037475585938 206.53497314453125 4.3786917 1.8930514 1.8038816 -2.1887882 1.2137702 37.03092 1.6215535402297974 0.49162009358406067
Car 0.0 0 1.4408881664276123 597.73486328125 170.15164184570312 621.0556640625 190.6892547607422 3.938166 1.8122731 1.6227343 0.7304921 0.8112876 65.435776 1.4520511627197266 0.26923173666000366
