Pedestrian 0.0 0 -1.3978790044784546 441.6243591308594 182.66885375976562 460.4311218261719 225.81883239746094 0.82459396 1.6583626 0.5899384 -6.282999 2.050129 28.346405 -1.616003155708313 0.2307521402835846
Pedestrian 0.0 0 -2.280654191970825 761.5999755859375 150.2946319580078 812.7637939453125 251.2639617919922 0.6472857 1.8137234 0.6598768 3.233843 1.4088447 13.39673 -2.043794870376587 0.22395537793636322
Pedestrian 0.0 0 -0.29474183917045593 909.6744384765625 118.25145721435547 1017.407958984375 289.4415283203125 0.9232375 1.834272 0.7077607 3.9076445 1.2495731 8.148274 0.15242624282836914 0.2169460952281952
Pedestrian 0.0 0 0.621336042881012 177.66001892089844 163.60086059570312 228.3657684326172 253.9792022705078 0.6742334 1.674581 0.4939417 -7.7435207 1.5034915 13.6473255 0.10523056983947754 0.15527163445949554
Car 0.0 0 1.8243556022644043 433.1300354003906 185.0292205810547 526.3671875 244.7835235595703 4.1878195 1.5028198 1.6850859 -3.7393708 1.8968773 21.175287 1.649566411972046 0.959176778793335
Car 0.0 0 -1.61380136013031 610.0409545898438 177.89964294433594 653.0596923828125 215.83055114746094 3.5994804 1.4673375 1.63375 0.8075639 1.6916099 30.204653 -1.5870712995529175 0.8631983399391174
Car 0.0 0 1.682152271270752 490.0234680175781 180.58436584472656 543.3469848632812 223.5310516357422 3.9437418 1.5001581 1.615254 -3.5781002 1.8207251 27.900257 1.5546023845672607 0.7263429760932922
Car 0.0 0 1.6943320035934448 525.2149047851562 176.7305450439453 563.6494750976562 206.87869262695312 4.1957717 1.563495 1.6226526 -3.6232438 1.7906476 40.086475 1.6041913032531738 0.5586695671081543
Car 0.0 0 1.5445582866668701 549.7389526367188 172.46815490722656 573.0671997070312 196.17041015625 4.160448 1.7448529 1.6674404 -3.7805657 1.7168053 55.2632 1.4762544631958008 0.1584116816520691
Car 0.0 0 0.1501225382089615 451.6557922363281 168.6424560546875 513.4513549804688 194.39845275878906 3.4483893 1.5131983 1.5844325 -7.6327586 1.2661221 43.223045 -0.02466548979282379 0.1449478417634964
