Pedestrian 0.0 0 1.9341853857040405 897.8546752929688 163.21688842773438 951.100830078125 275.7420959472656 0.51866174 1.7170024 0.6254391 5.0102835 1.4549419 11.188223 2.3552229404449463 0.5711865425109863
Pedestrian 0.0 0 -1.9041173458099365 879.7769775390625 154.6998291015625 900.593017578125 195.12857055664062 0.86695975 1.8943944 0.66858196 13.520943 0.6869107 33.575165 -1.5212798118591309 0.42136648297309875
Pedestrian 0.0 0 -0.263014018535614 879.5928344726562 160.2903594970703 931.4583740234375 266.18658447265625 0.6487859 1.7216084 0.6608282 4.9848437 1.3947029 11.860904 0.13484787940979004 0.3105223476886749
Pedestrian 0.0 0 -1.4592220783233643 0.29328644275665283 164.87030029296875 16.891752243041992 198.0144805908203 0.5682042 1.934915 0.6902732 -35.17979 1.0238473 41.699657 -2.1600162982940674 0.2857673466205597
Pedestrian 0.0 0 -0.7943424582481384 510.06622314453125 165.1315460205078 521.4199829101562 187.192138671875 0.84366673 1.8823643 0.5301788 -7.658697 0.57221735 60.821617 -0.9196038246154785 0.26849547028541565
Pedestrian 0.0 0 1.8627536296844482 275.1052551269531 176.84173583984375 319.6585388183594 262.96697998046875 0.71946377 1.7146269 0.65892273 -6.3259573 1.643425 14.467981 1.4505627155303955 0.21647636592388153
Pedestrian 0.0 0 2.5561366081237793 1053.42041015625 170.04544067382812 1084.45166015625 233.69522094726562 0.49659213 1.5503005 0.40723234 11.39234 1.2972606 17.42161 3.1352624893188477 0.21161456406116486
Pedestrian 0.0 0 2.5010976791381836 0.0 182.36041259765625 30.379150390625 238.7075958251953 0.5707318 1.8059893 0.79396206 -19.370539 1.869163 23.049805 1.802216649055481 0.20845578610897064
Pedestrian 0.0 0 -0.12236449122428894 773.3961181640625 158.32540893554688 793.4630737304688 192.0786590576172 1.0550959 1.9206475 0.56055534 10.227204 0.66023993 40.57159 0.12456893920898438 0.1834283471107483
Pedestrian 0.0 0 -1.4548969268798828 789.7736206054688 162.97564697265625 804.5927124023438 196.2542266845703 0.85801125 1.7505797 0.6689069 10.243029 0.83014464 37.71112 -1.189677357673645 0.18246588110923767
Pedestrian 0.0 0 0.27225542068481445 723.5922241210938 162.30470275878906 736.8761596679688 186.8187713623047 0.948526 1.9229817 0.44609937 9.907946 0.49691194 55.865227 0.4477846622467041 0.17962995171546936
Cyclist 0.0 0 -2.103445529937744 972.4479370117188 146.0500030517578 1028.2320556640625 212.3297576904297 1.7733923 1.6665233 0.44051686 10.368169 0.8019144 18.664955 -1.5963983535766602 0.7445510625839233
Cyclist 0.0 0 3.7548508644104004 0.0 178.8296356201172 40.03133773803711 234.03236389160156 1.2844678 1.7764833 0.6593784 -19.435556 1.7242765 23.131977 3.0560719966888428 0.20764386653900146
Cyclist 0.0 0 0.573238730430603 876.213623046875 159.90892028808594 934.1015014648438 267.2867431640625 0.6509655 1.7335856 0.6410163 4.9881616 1.4028018 11.859695 0.9713747501373291 0.144911527633667
Car 0.0 0 -0.8094586730003357 0.0 208.2843475341797 290.80914306640625 370.0 3.6851687 1.468677 1.5299348 -3.2120335 1.6803652 3.4835496 -1.5543274879455566 0.8816539645195007
Car 0.0 0 1.5842803716659546 440.7318420410156 172.2333221435547 477.97674560546875 204.69818115234375 4.0650115 1.5461819 1.7464236 -7.3649316 1.153916 35.82966 1.3815500736236572 0.7336316704750061
Car 0.0 0 3.2797303199768066 46.11153793334961 180.4022979736328 117.00462341308594 204.3232421875 3.5967994 1.5339266 1.5890077 -34.63992 1.5289985 46.89164 2.6434857845306396 0.243661031126976
