Pedestrian 0.0 0 -1.7045353651046753 764.147216796875 154.76089477539062 822.0396728515625 274.54632568359375 0.93047667 1.7470253 0.7318124 2.8661463 1.358357 10.980213 -1.4492043256759644 0.8235246539115906
Pedestrian 0.0 0 1.5872163772583008 673.56103515625 151.71018981933594 699.4652709960938 219.15658569335938 0.79825014 1.8166701 0.694482 2.3176095 1.0154419 19.787403 1.703810691833496 0.4733799397945404
Pedestrian 0.0 0 2.2306594848632812 490.47747802734375 154.77978515625 507.8448791503906 188.41563415527344 0.9168884 1.8659589 0.51275575 -5.7461553 0.38446012 40.372475 2.089280605316162 0.33846768736839294
Pedestrian 0.0 0 1.8363782167434692 426.3675537109375 142.10829162597656 456.7855529785156 207.2277374267578 0.6847993 1.8352056 0.69773656 -4.60767 0.72620857 20.599527 1.6163220405578613 0.2532571852207184
Cyclist 0.0 0 1.9193546772003174 342.5581359863281 150.53823852539062 419.7667541503906 266.4938049316406 1.9461455 1.6760379 0.5375438 -3.4778266 1.2298254 11.365942 1.6224147081375122 0.9217444062232971
Cyclist 0.0 0 1.7573169469833374 438.9300842285156 155.7799835205078 484.2534484863281 251.84158325195312 1.7113755 1.7633333 0.56603944 -2.7462125 1.2924751 14.040888 1.5641684532165527 0.9074693918228149
Car 0.0 0 -1.8600075244903564 709.697021484375 148.87237548828125 768.8194580078125 185.41748046875 3.8362978 1.597639 1.6611866 6.3213778 0.172216 33.39361 -1.6729222536087036 0.4586896598339081
Car 0.0 0 2.020451068878174 0.0 179.0275421142578 77.3642807006836 374.0 3.5723398 1.4331701 1.5063084 -5.5727525 1.4223696 5.4860144 1.2272098064422607 0.41037315130233765
Car 0.0 0 1.126252293586731 1008.694580078125 189.75599670410156 1238.0 374.0 3.5254352 1.4651779 1.5169312 5.69184 1.5749094 7.550416 1.7722094058990479 0.33155545592308044
Car 0.0 0 0.9771488904953003 971.1104125976562 159.39674377441406 1110.82568359375 213.69903564453125 3.9425087 1.4166213 1.4636687 12.476973 0.84116995 20.743803 1.51865553855896 0.26364263892173767
Car 0.0 0 1.093559980392456 860.8529663085938 166.10250854492188 1046.4000244140625 254.0146942138672 4.055728 1.4777818 1.5314069 6.631068 1.220238 14.128184 1.5323885679244995 0.21244081854820251
Car 0.0 0 -1.6722267866134644 582.306884765625 151.49545288085938 626.5328369140625 190.39596557617188 3.6629307 1.6895964 1.6639155 0.07242903 0.38734537 33.10227 -1.6700387001037598 0.20948021113872528
