Pedestrian 0.0 0 3.7427210807800293 23.684242248535156 157.98399353027344 134.0708465576172 309.7416687011719 0.95267403 1.8038921 0.5420677 -6.557654 1.6274952 8.861898 3.105661630630493 0.22809650003910065
Pedestrian 0.0 0 3.782949447631836 0.0 156.28086853027344 89.44322967529297 339.4255065917969 1.0570955 1.867034 0.54891694 -6.308675 1.6984402 7.6523848 3.0935027599334717 0.21372736990451813
Pedestrian 0.0 0 2.0376553535461426 258.5603942871094 146.0086212158203 300.3363342285156 210.24557495117188 1.1506773 1.8295999 0.66773736 -9.71434 1.0653466 21.13511 1.6068217754364014 0.1895359754562378
Pedestrian 0.0 0 2.513477087020874 913.7730102539062 159.86502075195312 1057.98486328125 360.2604064941406 1.021605 1.8007203 0.674055 3.511673 1.6843613 6.893608 2.9846243858337402 0.12009850889444351
Pedestrian 0.0 0 1.8521575927734375 285.3417053222656 149.48971557617188 303.4594421386719 195.43841552734375 0.36887437 1.9118856 0.6181623 -13.268163 0.94007576 30.243351 1.438729166984558 0.11148270219564438
Cyclist 0.0 0 -1.6920028924942017 978.6943359375 175.6834259033203 1063.1627197265625 371.4193420410156 1.5133996 1.698653 0.52521133 3.9325426 1.7299296 7.081996 -1.1851093769073486 0.10954419523477554
Car 0.0 0 1.9123289585113525 124.87612915039062 198.7178192138672 377.7232360839844 345.7325439453125 4.501395 1.4574503 1.7226566 -4.762418 1.9098244 10.287069 1.4787566661834717 0.9656318426132202
Car 0.0 0 -1.6807763576507568 396.11920166015625 178.71482849121094 435.9814758300781 209.93576049804688 4.015775 1.5838795 1.6728996 -10.72219 1.923526 39.593 -1.945243239402771 0.8831186294555664
Car 0.0 0 -2.0084261894226074 525.3649291992188 152.70977783203125 599.9067993164062 199.0150146484375 4.864182 2.2755682 2.0436943 -2.6206133 1.2859833 38.078133 -2.0771398544311523 0.7303534150123596
Car 0.0 0 -0.6874642372131348 641.9389038085938 146.55075073242188 727.838134765625 180.36367797851562 4.0407166 1.5558102 1.608635 3.619037 0.34589526 34.98231 -0.584377646446228 0.2853243947029114
Car 0.0 0 -0.8150566816329956 0.0 0.0 231.97100830078125 375.0 3.7998059 1.611672 1.6324513 -2.7154126 1.4270428 2.0965931 -1.7283519506454468 0.10980390012264252
