Pedestrian 0.0 0 -2.1621716022491455 659.0455322265625 172.06179809570312 677.310302734375 206.71633911132812 0.5118979 1.7753655 0.7923738 2.9767306 1.7351389 37.379124 -2.082703113555908 0.2592991590499878
Pedestrian 0.0 0 2.9910783767700195 537.0899047851562 173.89739990234375 559.64013671875 215.14321899414062 0.92438406 1.8111154 0.5629089 -2.7835357 1.8584225 32.081642 2.9045310020446777 0.1523178517818451
Cyclist 0.0 0 -1.9205352067947388 802.8557739257812 175.6363525390625 823.8047485351562 214.48109436035156 1.5898981 1.6376747 0.34919992 8.7799425 1.7619964 31.338352 -1.6473724842071533 0.21019260585308075
Cyclist 0.0 0 -1.1081879138946533 0.0 198.2572784423828 47.718711853027344 301.1728515625 1.4783596 1.6275827 0.3734496 -10.43772 2.096613 12.54681 -1.8020809888839722 0.1502702534198761
Car 0.0 0 1.917372703552246 312.2379455566406 179.55020141601562 386.4096984863281 218.67684936523438 4.0966277 1.5604934 1.7577156 -11.32599 1.8724741 31.52583 1.5724718570709229 0.9359006881713867
Car 0.0 0 -1.6111242771148682 555.8389282226562 177.95166015625 723.8194580078125 338.15869140625 4.3340487 1.6008443 1.7160561 0.21164277 1.6839556 9.528195 -1.5889157056808472 0.8703046441078186
Car 0.0 0 1.7826546430587769 405.4959716796875 178.41305541992188 446.2215270996094 204.5628662109375 4.1977777 1.5538154 1.6656064 -11.687569 1.9242625 45.90447 1.533345341682434 0.8408501744270325
Car 0.0 0 -0.7621992230415344 0.0 183.27783203125 42.60203552246094 308.8976135253906 4.052465 1.5255939 1.7235241 -11.290138 1.7163821 11.138703 -1.5543490648269653 0.3408413231372833
Car 0.0 0 -1.506516695022583 584.9537963867188 170.45497131347656 641.3021850585938 221.08192443847656 3.5953732 1.5154147 1.602218 0.12396827 1.4439628 23.444038 -1.501228928565979 0.23989732563495636
Car 0.0 0 -0.4013107717037201 679.9656982421875 176.61366271972656 747.9642333984375 203.06332397460938 3.7864146 1.5670495 1.6818192 6.351636 1.8056064 44.413063 -0.25926119089126587 0.14692439138889313
