Pedestrian 0.0 0 2.0273962020874023 357.44329833984375 161.2720489501953 397.8077697753906 230.35906982421875 1.1095437 1.9682099 0.71305656 -6.6900063 1.4219992 20.738386 1.715345025062561 0.5839215517044067
Pedestrian 0.0 0 3.379585027694702 284.9983825683594 152.51319885253906 370.3985595703125 309.6814880371094 0.88456935 1.9254674 0.6850445 -3.578703 1.5842806 9.057299 3.0032942295074463 0.5424714684486389
Pedestrian 0.0 0 0.41744157671928406 779.3331909179688 104.85428619384766 869.4580078125 262.7935485839844 0.92421526 1.8488035 0.5566882 2.672428 0.9649937 8.784357 0.7127707004547119 0.26177969574928284
Pedestrian 0.0 0 -1.677981972694397 390.6161193847656 163.83547973632812 407.91217041015625 205.94371032714844 0.6914183 1.7225246 0.6181939 -8.568122 1.0423174 29.355776 -1.9619650840759277 0.2614987790584564
Pedestrian 0.0 0 3.130586624145508 600.4035034179688 157.04324340820312 616.1253051757812 188.77938842773438 0.9232632 1.8648038 0.4776537 0.18414004 0.48786503 41.782845 3.134993553161621 0.23750612139701843
Pedestrian 0.0 0 1.9606988430023193 827.8556518554688 104.56885528564453 911.6459350585938 288.2581787109375 0.7357355 1.8303548 0.602723 2.769148 1.0754404 7.5151315 2.3137378692626953 0.2341451495885849
Pedestrian 0.0 0 0.8181716799736023 0.0 196.77633666992188 58.25965881347656 314.430908203125 0.51423633 1.6099788 0.41348746 -8.178844 1.8468747 9.974891 0.13138794898986816 0.20330806076526642
Pedestrian 0.0 0 0.9624134302139282 400.05926513671875 188.73947143554688 422.015625 240.36318969726562 0.45485297 1.3591069 0.3761427 -5.2471986 1.5854447 18.992102 0.692854642868042 0.12421631813049316
Pedestrian 0.0 0 -3.3597466945648193 1028.416015625 115.87481689453125 1170.052978515625 370.0 0.6270916 1.7742611 0.6160832 3.1095824 1.3937367 4.5791616 -2.763204574584961 0.11744058132171631
Cyclist 0.0 0 1.688391923904419 502.7263488769531 163.7376251220703 513.3209228515625 189.83255004882812 1.7346932 1.6945361 0.49647647 -6.4101095 0.60736287 46.78075 1.5522154569625854 0.3142537474632263
Cyclist 0.0 0 1.3111039400100708 792.2485961914062 107.90674591064453 864.6176147460938 266.1919250488281 1.1742297 1.8294932 0.563781 2.691646 0.9921291 8.76471 1.6090620756149292 0.13336963951587677
Car 0.0 0 -1.6174465417861938 563.6994018554688 150.47569274902344 608.7437744140625 205.35377502441406 4.021384 2.0110798 1.5786375 -0.8290665 0.91231704 27.970772 -1.647078275680542 0.2052845060825348
Car 0.0 0 -1.640465259552002 552.9483642578125 159.6997833251953 595.0087890625 196.22430419921875 4.161274 1.5948093 1.6632334 -1.5255681 0.6880579 33.030476 -1.6866191625595093 0.1616639941930771
Car 0.0 0 0.8308907151222229 0.0 162.30783081054688 44.34248733520508 288.4523620605469 3.935321 1.5384095 1.658276 -10.174901 1.3182245 9.46549 0.009388208389282227 0.11595810949802399
