Car 0.0 0 -0.590100109577179 898.6414794921875 190.59983825683594 1195.3121337890625 291.43341064453125 3.681892 1.3907202 1.5686569 6.563572 1.6873144 11.152106 -0.05814228951931 0.9751561284065247
Car 0.0 0 -0.2748962640762329 722.6146240234375 181.3882598876953 863.8626098632812 232.64532470703125 4.0864964 1.560683 1.7092351 5.7669363 1.846222 23.190266 -0.031161099672317505 0.9626216888427734
Car 0.0 0 -0.5248389840126038 841.741455078125 180.74362182617188 1077.0828857421875 267.5052795410156 3.6627936 1.492245 1.6138693 6.399201 1.6511182 13.537657 -0.08327192813158035 0.9320752024650574
Car 0.0 0 3.7529444694519043 0.0 189.82998657226562 299.6504821777344 336.0772705078125 4.078894 1.4591135 1.5750972 -5.9658604 1.6720247 8.20923 3.1245059967041016 0.9312829971313477
Car 0.0 0 3.3894646167755127 257.8896179199219 170.4231414794922 439.4208679199219 239.69300842285156 3.939446 1.6173269 1.6412181 -6.388548 1.560929 17.849195 3.0457534790039062 0.9098536968231201
Car 0.0 0 0.49282124638557434 154.61538696289062 176.37918090820312 414.9476623535156 278.7620544433594 3.9687176 1.6941285 1.6279885 -5.7746677 1.762499 12.960317 0.07366132736206055 0.8932839632034302
Car 0.0 0 -1.6669354438781738 636.6033935546875 181.22576904296875 674.7623901367188 209.06178283691406 3.8475714 1.3296232 1.611331 2.2929456 1.7887589 37.586918 -1.6060070991516113 0.885873019695282
Car 0.0 0 0.6173463463783264 29.338924407958984 176.91136169433594 340.69525146484375 291.2514953613281 3.7936318 1.547256 1.6053476 -6.281218 1.6138264 10.801073 0.09061360359191895 0.8363691568374634
Car 0.0 0 3.944664478302002 0.0 190.38819885253906 148.050048828125 375.0 4.1709423 1.4715542 1.6357816 -6.4718533 1.6371428 5.923635 3.115067720413208 0.8225803971290588
Car 0.0 0 3.3325207233428955 412.9058837890625 179.79811096191406 513.963623046875 214.93869018554688 4.0537753 1.463417 1.5770062 -6.316608 1.7715566 31.171005 3.1325843334198 0.7995170950889587
Car 0.0 0 3.3655343055725098 337.3591613769531 181.35621643066406 475.55029296875 229.9821014404297 3.9559412 1.4585522 1.599907 -6.406857 1.7387648 22.85032 3.092169761657715 0.7741896510124207
Car 0.0 0 0.5307186841964722 221.4174041748047 184.9593048095703 431.5447082519531 259.5068359375 3.9197154 1.4385681 1.5345986 -6.0100718 1.7140448 15.331224 0.15711474418640137 0.7713897824287415
