Car 0.0 0 -2.0226433277130127 802.3209228515625 180.75025939941406 1242.0 375.0 3.9417446 1.4733092 1.6255391 3.0062692 1.5652351 6.384206 -1.582552433013916 0.9733389616012573
Car 0.0 0 -1.7105731964111328 729.6565551757812 177.03717041015625 850.8043212890625 273.5758972167969 3.5234146 1.4413016 1.5504078 2.9807386 1.5261812 12.751897 -1.4809473752975464 0.9433214664459229
Car 0.0 0 -1.6564393043518066 640.7745971679688 174.37557983398438 672.7689819335938 200.6830291748047 3.7424893 1.5045589 1.5965604 2.737109 1.6003646 43.3703 -1.5934126377105713 0.8989211320877075
Car 0.0 0 1.9111015796661377 282.6143798828125 192.74154663085938 411.1321105957031 273.4134521484375 3.8600988 1.5778453 1.6322373 -6.0760217 2.0999742 16.995026 1.567745327949524 0.8889919519424438
Car 0.0 0 1.7634066343307495 473.2771301269531 183.32003784179688 513.5958862304688 211.96278381347656 3.6015737 1.4551545 1.5364192 -6.418076 2.0595138 39.81265 1.6035747528076172 0.7586551904678345
Car 0.0 0 1.7303413152694702 492.2348937988281 182.9317626953125 527.4786376953125 209.25144958496094 3.9702818 1.5269532 1.5868622 -6.2846212 2.1893196 45.393013 1.5927667617797852 0.4432789981365204
Car 0.0 0 -1.6810520887374878 433.0541076660156 174.63681030273438 461.3670654296875 197.2082061767578 3.673204 1.5727819 1.6133854 -11.922193 1.7080276 52.589546 -1.9039865732192993 0.28722140192985535
Car 0.0 0 1.4716038703918457 409.4820251464844 190.08462524414062 455.6693115234375 226.02633666992188 4.254409 1.4118835 1.6121384 -8.16044 2.249808 32.796223 1.2277337312698364 0.2800459861755371
Car 0.0 0 -1.426567792892456 357.3958435058594 151.3855743408203 402.88397216796875 189.3377227783203 3.8070958 1.8114865 1.6598711 -11.586897 0.78713965 36.4501 -1.7343499660491943 0.2601643204689026
Car 0.0 0 -1.615291714668274 792.3882446289062 159.9124755859375 814.0567626953125 182.5877685546875 4.600678 2.084279 1.785642 18.35925 0.8950707 68.75833 -1.3543676137924194 0.25534749031066895
Car 0.0 0 2.149954319000244 299.4554748535156 189.84576416015625 360.02520751953125 215.6217498779297 4.1422353 1.4843718 1.652367 -18.071997 2.634979 46.643806 1.7803161144256592 0.2549659311771393
