Pedestrian 0.0 0 0.17942041158676147 494.58685302734375 170.8673553466797 525.9854736328125 235.7362823486328 0.76495945 1.7974895 0.7162041 -2.7016609 1.53215 19.961956 0.04489731788635254 0.4408162534236908
Pedestrian 0.0 0 1.9039909839630127 450.4830627441406 176.22630310058594 471.44268798828125 216.1503143310547 0.87229735 1.7685704 0.6768204 -6.4911594 1.5807198 31.793028 1.702589750289917 0.25119781494140625
Pedestrian 0.0 0 0.5951727628707886 608.5971069335938 155.5792999267578 623.17236328125 182.56968688964844 0.92510796 1.8975074 0.47775576 0.776328 0.146801 50.16369 0.610647439956665 0.2399856448173523
Pedestrian 0.0 0 0.7222133874893188 785.28515625 144.4150390625 841.3201293945312 256.1199951171875 0.6203726 1.7906308 0.64949363 3.4188738 1.213843 11.76496 1.0050222873687744 0.2116772085428238
Pedestrian 0.0 0 1.1532204151153564 765.0524291992188 137.6901092529297 813.7625122070312 238.5128173828125 0.7589533 1.7986326 0.6113838 3.3458807 1.0365654 13.033308 1.404511570930481 0.2028668373823166
Pedestrian 0.0 0 -0.19808709621429443 975.1065673828125 133.71603393554688 1091.79541015625 344.8654479980469 0.78265446 1.7644538 0.61157864 3.7468646 1.3752121 6.3213964 0.33696770668029785 0.15883782505989075
Pedestrian 0.0 0 2.4488773345947266 1072.5762939453125 160.06036376953125 1220.4503173828125 370.0 0.53058094 1.7513385 0.71395135 3.9100103 1.6127739 5.2172575 3.0920186042785645 0.12928590178489685
Pedestrian 0.0 0 1.6990047693252563 716.8988037109375 159.34971618652344 747.4766845703125 236.20770263671875 0.87758833 1.8138599 0.6271779 3.0627632 1.3163141 17.19411 1.8752844333648682 0.12646827101707458
Cyclist 0.0 0 -1.940427303314209 782.23583984375 146.0849151611328 846.9200439453125 258.6062927246094 1.6672245 1.7525895 0.458504 3.4342854 1.2182107 11.858239 -1.6585279703140259 0.18939656019210815
Car 0.0 0 1.536981225013733 573.6972045898438 174.59774780273438 605.51123046875 204.07960510253906 4.3733215 1.6271597 1.6976627 -0.953203 1.3027985 41.249832 1.513877272605896 0.29477304220199585
Car 0.0 0 -1.876220941543579 1125.5926513671875 114.76034545898438 1224.0 176.66763305664062 3.5751498 1.5898762 1.5199287 16.428822 -0.1192231 20.335623 -1.1966912746429443 0.198987677693367
Car 0.0 0 -1.6434924602508545 576.8766479492188 166.66815185546875 616.0078735351562 206.4304962158203 4.364272 1.9177705 1.6852354 -0.51131755 1.2520905 36.343533 -1.6575605869293213 0.15396618843078613
Car 0.0 0 1.1181973218917847 505.03363037109375 169.44854736328125 539.9310913085938 186.75741577148438 3.9703448 1.5417722 1.6135162 -7.6025543 0.55854553 65.08197 1.0019092559814453 0.15195800364017487
Car 0.0 0 -1.968836784362793 0.0 185.64747619628906 72.34270477294922 370.0 4.0774918 1.511484 1.6487948 -5.094575 1.5466455 3.3947585 -2.9518513679504395 0.13795459270477295
