Pedestrian 0.0 0 -1.6437349319458008 755.2139282226562 164.61502075195312 806.3521118164062 287.7298583984375 0.755659 1.6718364 0.64473206 2.4816978 1.4438707 10.177967 -1.404571294784546 0.8990713357925415
Pedestrian 0.0 0 1.686410903930664 647.837646484375 162.54244995117188 675.9674682617188 229.01034545898438 0.71526116 1.7524242 0.67900246 1.6033415 1.253777 19.353762 1.7690660953521729 0.42394426465034485
Pedestrian 0.0 0 1.8749481439590454 306.7390441894531 149.88311767578125 335.4329528808594 211.7889404296875 0.71306163 1.9410387 0.67084223 -8.956922 0.9508078 22.899282 1.5020992755889893 0.35116973519325256
Pedestrian 0.0 0 -2.144869804382324 1140.073974609375 170.9532470703125 1238.0 374.0 0.67571515 1.643982 0.59389776 4.750534 1.567241 5.6908402 -1.4492850303649902 0.2883895933628082
Cyclist 0.0 0 1.8231794834136963 382.6623840332031 161.28782653808594 431.2586669921875 248.7991485595703 1.8863242 1.7511588 0.55014306 -4.1532507 1.3479455 15.318236 1.5584136247634888 0.8944025039672852
Cyclist 0.0 0 1.7203068733215332 446.9808654785156 161.10423278808594 480.4568786621094 238.16079711914062 1.7359966 1.8367971 0.57546026 -3.4643266 1.3518223 17.999306 1.5301620960235596 0.8368926644325256
Cyclist 0.0 0 -1.9277666807174683 946.9332275390625 136.00607299804688 988.4383544921875 202.79690551757812 1.6720954 1.7384747 0.44489384 9.913287 0.5555017 19.550385 -1.458484172821045 0.45966607332229614
Car 0.0 0 1.7663209438323975 512.168701171875 162.97605895996094 545.0929565429688 184.64532470703125 4.193752 1.5747042 1.6982058 -5.4450746 0.22917336 54.367146 1.6665000915527344 0.6230108141899109
Car 0.0 0 0.7875915169715881 1120.8863525390625 142.9802703857422 1238.0 261.4102478027344 3.4524632 1.3920043 1.5999242 9.421604 0.94059646 10.195374 1.5335662364959717 0.5849446654319763
Car 0.0 0 0.6549789309501648 919.4512939453125 196.39767456054688 1238.0 374.0 3.8178046 1.4430759 1.5724316 5.4254713 1.6484495 7.7791076 1.2639856338500977 0.47262659668922424
Car 0.0 0 2.0264692306518555 0.0 174.2880096435547 78.21564483642578 374.0 3.3743696 1.4543879 1.4889464 -5.888068 1.4144994 5.948311 1.2461607456207275 0.33288437128067017
Car 0.0 0 -2.1863772869110107 919.1910400390625 171.49948120117188 1037.4847412109375 222.77317810058594 3.3456955 1.4257877 1.4981674 11.248059 1.1488498 21.732388 -1.7087717056274414 0.3022129535675049
Car 0.0 0 -3.299854040145874 726.1199951171875 168.19859313964844 904.8660278320312 238.38768005371094 3.6851485 1.4999583 1.6122223 4.716413 1.2169328 16.373096 -3.019388198852539 0.2863803207874298
Car 0.0 0 2.705488681793213 702.9158325195312 166.04934692382812 840.9238891601562 220.1057586669922 3.4226563 1.4287567 1.5451268 4.6992593 1.02155 20.090355 2.9352638721466064 0.28167927265167236
