Pedestrian 0.0 0 0.1470758020877838 150.08132934570312 186.36293029785156 250.91464233398438 375.0 0.706243 1.786946 0.72269845 -3.7697349 1.9195986 6.5983796 -0.37198254466056824 0.22058098018169403
Pedestrian 0.0 0 -1.9198007583618164 868.0693359375 170.65379333496094 891.5065307617188 213.65472412109375 0.5688499 1.706425 0.7285716 10.7666235 1.6194711 28.91748 -1.5633797645568848 0.22019480168819427
Pedestrian 0.0 0 -0.6193283796310425 667.9784545898438 172.2296600341797 680.6026000976562 197.31289672851562 0.50239867 1.69453 0.7716685 4.352614 1.6527091 49.201557 -0.5310931205749512 0.13859619200229645
Pedestrian 0.0 0 -1.3219479322433472 873.6392211914062 155.657470703125 893.9490356445312 198.03892517089844 0.522129 1.8798115 0.7483045 12.266526 1.1174245 32.429134 -0.9603254795074463 0.11469034850597382
Pedestrian 0.0 0 -3.3891754150390625 819.66357421875 183.1558074951172 838.7142333984375 214.74996948242188 0.841916 1.6511416 0.60856515 11.5766115 2.2021306 38.239944 -3.095210313796997 0.11010180413722992
Cyclist 0.0 0 -0.31151339411735535 614.218505859375 171.45750427246094 657.2605590820312 206.6251983642578 1.8667138 1.6141098 0.7641029 1.1610093 1.5503719 33.736866 -0.27711328864097595 0.13514161109924316
Cyclist 0.0 0 -3.1465296745300293 828.4157104492188 171.5809783935547 856.0048828125 203.67677307128906 1.4612705 1.7763383 0.59108377 12.971745 1.7062405 40.432285 -2.8360772132873535 0.11982358992099762
Car 0.0 0 -1.7930128574371338 822.3908081054688 185.5989532470703 936.4984130859375 258.9428405761719 4.2351522 1.4540907 1.6200613 6.226327 1.7984099 17.26871 -1.4469655752182007 0.9807445406913757
Car 0.0 0 -2.422683000564575 87.34607696533203 163.79673767089844 416.5180969238281 302.8561096191406 3.552743 1.5173076 1.5875784 -4.497289 1.4188397 9.093307 -2.8819782733917236 0.8475003838539124
Car 0.0 0 -2.9616165161132812 554.2700805664062 176.2886505126953 645.9407958984375 212.01864624023438 4.168983 1.6485581 1.7310009 -0.4824286 1.819893 34.71709 -2.9755115509033203 0.5799194574356079
Car 0.0 0 -1.6831748485565186 777.5784912109375 171.5331573486328 828.3209838867188 214.1971435546875 4.546716 1.8508682 1.772024 8.883606 1.7939243 33.67714 -1.425262451171875 0.17331497371196747
Car 0.0 0 0.3189408481121063 599.9213256835938 167.35186767578125 659.282470703125 188.7682647705078 4.0809855 1.538746 1.6201887 1.4234791 1.1437808 53.29249 0.3456451892852783 0.14837011694908142
Car 0.0 0 2.672147512435913 0.0 0.0 219.24729919433594 375.0 3.90478 1.9462451 1.7420481 -4.028985 1.1969699 3.2739074 1.7837210893630981 0.13928404450416565
Car 0.0 0 -1.6657092571258545 807.0185546875 167.9459991455078 828.1393432617188 184.13612365722656 3.9575326 1.4395891 1.4899867 19.006517 1.003538 66.2366 -1.3862686157226562 0.11782576143741608
