Cyclist 0.0 0 2.2707509994506836 400.72259521484375 149.51797485351562 441.3455810546875 202.27862548828125 1.382703 1.7491056 0.5941138 -6.4922514 0.9758346 24.669418 2.013415813446045 0.23042787611484528
Car 0.0 0 1.985060691833496 232.46347045898438 194.2324981689453 382.3713073730469 282.2776794433594 3.3719573 1.5054444 1.6132694 -6.1136227 1.996908 14.86742 1.594928503036499 0.9773434400558472
Car 0.0 0 -1.7772568464279175 683.30322265625 176.69847106933594 780.4608764648438 245.525634765625 3.9871542 1.5482229 1.6361758 2.9431055 1.6579111 18.485611 -1.6193714141845703 0.9652877449989319
Car 0.0 0 1.8985539674758911 340.6209411621094 191.4659423828125 445.1579895019531 253.3257598876953 4.0137367 1.4780843 1.6276497 -6.074116 2.0599048 20.501467 1.61051607131958 0.9469436407089233
Car 0.0 0 1.7322160005569458 426.4659729003906 182.0054931640625 485.6078796386719 224.64988708496094 4.2542167 1.524888 1.6504707 -6.1188374 1.9191523 28.890577 1.5235066413879395 0.8863484263420105
Car 0.0 0 1.4780824184417725 560.3749389648438 178.4482879638672 582.3041381835938 196.13958740234375 3.6322358 1.4918776 1.6075106 -3.4738953 2.0030618 63.968216 1.4238290786743164 0.5590559244155884
Car 0.0 0 -3.576481819152832 963.9816284179688 158.43789672851562 1035.2388916015625 179.19058227539062 4.285537 1.480804 1.5816588 28.222181 0.45250282 52.39859 -3.0824286937713623 0.29829850792884827
Car 0.0 0 1.7366877794265747 460.6490173339844 182.37673950195312 506.626708984375 215.83583068847656 3.9418077 1.5054101 1.6033652 -6.20364 2.0012338 35.562363 1.5639816522598267 0.26770639419555664
Car 0.0 0 1.600555419921875 526.8419799804688 180.12457275390625 546.5775756835938 199.04417419433594 3.7843277 1.5109376 1.5517522 -6.198011 2.1461267 61.055782 1.4993880987167358 0.24834296107292175
Car 0.0 0 1.75535249710083 493.0803527832031 179.26351928710938 528.6005859375 203.61312866210938 3.931886 1.4696113 1.5793004 -6.3886585 1.9017389 46.60103 1.6191091537475586 0.23234128952026367
