Pedestrian 0.0 0 0.8829964399337769 679.2869262695312 174.0252227783203 689.8185424804688 194.3495635986328 0.8296175 1.8084763 0.5346924 6.6688757 1.9147446 64.75058 0.9856278896331787 0.20514924824237823
Pedestrian 0.0 0 -1.6847935914993286 780.2268676757812 171.3164825439453 795.4472045898438 203.99853515625 0.64553756 1.7604749 0.7339296 9.630086 1.6780119 39.230675 -1.4440797567367554 0.17309576272964478
Car 0.0 0 1.9854400157928467 265.5918273925781 182.56536865234375 335.38763427734375 215.1298065185547 4.2457585 1.5187835 1.7278999 -15.830472 2.046584 37.05315 1.5816762447357178 0.9278075695037842
Car 0.0 0 1.8118042945861816 400.6197814941406 177.4520721435547 430.2191162109375 195.0843963623047 3.8191094 1.4246793 1.5601916 -16.495338 1.8275107 61.228024 1.5486440658569336 0.5673854947090149
Car 0.0 0 1.8153486251831055 437.0155334472656 178.27944946289062 467.5869140625 196.5199432373047 4.008726 1.4485736 1.5835143 -13.211171 1.919344 60.531116 1.600464105606079 0.5119327306747437
Car 0.0 0 2.1903300285339355 135.6515655517578 173.09286499023438 213.25689697265625 205.66355895996094 3.1328344 1.4462883 1.5757102 -20.29261 1.4583353 33.683228 1.648107647895813 0.37691497802734375
Car 0.0 0 1.0451829433441162 1134.67138671875 173.5835418701172 1241.8614501953125 215.18748474121094 4.004108 1.5588458 1.5762396 23.207445 1.5908506 29.2012 1.716710090637207 0.23063498735427856
Car 0.0 0 -0.37545523047447205 770.0595092773438 160.56304931640625 857.302490234375 191.36764526367188 4.344075 1.6684725 1.7199625 11.26226 1.0031147 40.154675 -0.10200894623994827 0.20486141741275787
Car 0.0 0 1.9923694133758545 248.93246459960938 177.4600830078125 309.5621337890625 205.26446533203125 4.369879 1.5713701 1.6969147 -19.970762 1.8646487 43.69198 1.5636427402496338 0.17683500051498413
Car 0.0 0 1.8583626747131348 276.5125427246094 173.1319122314453 322.73175048828125 197.3206024169922 4.3463573 1.5291845 1.655043 -20.572626 1.5488687 47.919434 1.4528411626815796 0.16037654876708984
