Pedestrian 0.0 0 1.74530827999115 308.7509765625 161.15249633789062 328.4588928222656 205.6670379638672 0.6617047 1.7434292 0.6211509 -11.606516 1.2854936 28.644985 1.3603401184082031 0.44089075922966003
Car 0.0 0 -1.8519617319107056 713.4737548828125 190.91738891601562 872.2237548828125 291.2832336425781 4.2195716 1.3966237 1.5806535 3.0059001 1.7752951 12.96004 -1.6240553855895996 0.9807109236717224
Car 0.0 0 3.7801921367645264 0.0 183.5576629638672 275.8675537109375 318.0978698730469 4.0953903 1.4377192 1.5599874 -6.457627 1.5777193 8.621903 3.1373445987701416 0.948987603187561
Car 0.0 0 -1.693444848060608 654.8529052734375 176.43605041503906 704.2183227539062 216.5391387939453 4.03678 1.6586027 1.7001237 2.9996364 1.8292049 32.24681 -1.6006906032562256 0.8218219876289368
Car 0.0 0 0.857669472694397 0.0 190.57809448242188 203.9731903076172 375.0 4.3242598 1.512731 1.6780065 -6.023425 1.6841922 5.9778104 0.06847047805786133 0.8105825781822205
Car 0.0 0 3.66605806350708 0.0 146.7633514404297 315.3183288574219 275.037353515625 3.7907026 1.8015771 1.6725498 -6.7884464 1.4354981 11.019461 3.113926649093628 0.7500571608543396
Car 0.0 0 -2.437631130218506 932.1725463867188 221.23057556152344 1242.0 375.0 3.8498755 1.4600184 1.6049534 2.6695979 1.7467723 2.3327222 -1.5849905014038086 0.7427187561988831
Car 0.0 0 3.2379801273345947 450.9361877441406 175.5861358642578 526.2177734375 207.239990234375 3.6456423 1.5649477 1.6004661 -6.174889 1.7079982 36.75536 3.0715346336364746 0.5585408806800842
Car 0.0 0 -1.663256287574768 645.8898315429688 178.75885009765625 678.0189819335938 205.30091857910156 3.6815739 1.493778 1.581438 3.043294 1.863634 43.28978 -1.5930712223052979 0.4564428925514221
Car 0.0 0 -2.8890013694763184 386.21044921875 174.90968322753906 497.5871276855469 215.50408935546875 3.8173077 1.4778501 1.5615062 -6.3184166 1.5579942 27.175343 -3.117448091506958 0.4448522925376892
Car 0.0 0 3.1665985584259033 343.08160400390625 183.8733367919922 493.50634765625 235.77932739257812 4.273393 1.4507123 1.5898012 -5.811762 1.805997 21.969666 2.907986640930176 0.44243288040161133
Car 0.0 0 2.389958381652832 1078.891357421875 191.2981414794922 1208.568115234375 235.45578002929688 3.7832713 1.5256094 1.6313359 19.743181 2.23792 26.817978 3.024563789367676 0.4319688081741333
Car 0.0 0 -2.732835292816162 272.45953369140625 185.8496551513672 452.3339538574219 248.79470825195312 4.043526 1.4907572 1.614171 -6.3005624 1.8408548 18.449862 -3.0619146823883057 0.3978756368160248
