Pedestrian 0.0 0 -0.720782995223999 804.3088989257812 150.72982788085938 838.0505981445312 204.35047912597656 0.9555132 1.7676843 0.5613763 7.049286 1.0386863 24.240568 -0.4377829134464264 0.30613088607788086
Pedestrian 0.0 0 -1.4561593532562256 0.0 151.5778350830078 78.32136535644531 302.1769104003906 0.5602274 1.7766051 0.8352005 -7.207584 1.5259696 8.968801 -2.1331088542938232 0.2201494425535202
Pedestrian 0.0 0 -0.6426372528076172 813.0054321289062 153.8270721435547 854.5182495117188 210.34266662597656 1.1801261 1.814635 0.59230435 7.2851005 1.2040656 23.642477 -0.34373295307159424 0.14709173142910004
Pedestrian 0.0 0 1.3185534477233887 754.2069702148438 157.81396484375 768.1657104492188 196.38221740722656 0.4676841 1.8244699 0.5510488 7.162523 1.1133596 34.37604 1.523972511291504 0.11276759207248688
Pedestrian 0.0 0 -2.539654016494751 1086.8560791015625 126.74285888671875 1118.889892578125 188.66598510742188 0.5604024 1.9681847 0.69448024 15.88139 0.5029314 23.317858 -1.9417372941970825 0.11031807214021683
Pedestrian 0.0 0 -2.3375046253204346 442.84423828125 151.0429229736328 460.6703796386719 189.74661254882812 0.66867185 1.8780804 0.5427453 -7.806542 0.82006496 35.420715 -2.554431438446045 0.10410267114639282
Pedestrian 0.0 0 -0.4018446207046509 194.13327026367188 168.98818969726562 222.53810119628906 217.94749450683594 0.684798 1.7817944 0.74048686 -14.937504 1.6414626 26.753925 -0.9110602736473083 0.10332926362752914
Cyclist 0.0 0 -1.4237667322158813 405.8103942871094 174.72438049316406 421.9064636230469 211.98033142089844 1.6291156 1.635284 0.47036543 -8.890198 1.7222949 32.588642 -1.6900869607925415 0.5282692313194275
Cyclist 0.0 0 -0.6555950045585632 804.0730590820312 148.16079711914062 842.7269287109375 203.4900665283203 1.1047763 1.819541 0.6039647 7.1128736 1.0078462 24.20674 -0.3698004484176636 0.10063670575618744
Car 0.0 0 2.2151083946228027 433.0061340332031 178.09701538085938 665.458984375 290.73162841796875 4.292863 1.5342759 1.6741055 -0.8706446 1.6403822 12.2930975 2.144402503967285 0.9625685811042786
Car 0.0 0 1.114621639251709 764.6378784179688 181.515380859375 1242.0 375.0 3.813648 1.5298108 1.6808109 2.3795056 1.6167086 5.2735023 1.5384889841079712 0.9092252850532532
Car 0.0 0 -2.6168131828308105 295.2603454589844 176.03001403808594 372.74810791015625 204.66058349609375 3.7067645 1.5330209 1.5975757 -15.292993 1.7140251 39.95463 -2.9823687076568604 0.14593513309955597
