Pedestrian 0.0 0 2.2568156719207764 752.3706665039062 190.8448944091797 771.4825439453125 223.08660888671875 0.65483624 1.7696968 0.82774276 8.537605 2.7985475 40.71797 2.463498115539551 0.2738626301288605
Pedestrian 0.0 0 -0.41927188634872437 1121.1011962890625 139.2509765625 1200.115966796875 277.38525390625 0.66739464 1.6847283 0.44465882 6.867894 1.2752533 9.089296 0.22780513763427734 0.22691383957862854
Pedestrian 0.0 0 -0.6757788062095642 1100.1402587890625 137.4051055908203 1127.7657470703125 188.00257873535156 0.5434994 1.9817582 0.7591271 19.966404 0.59368443 28.65478 -0.06720948219299316 0.2217903733253479
Pedestrian 0.0 0 -0.8048198223114014 973.0308227539062 152.2665557861328 993.1630859375 193.6026153564453 0.4574029 1.9497758 0.7444292 17.776217 0.97904706 34.45749 -0.32854247093200684 0.21277637779712677
Pedestrian 0.0 0 -1.2032129764556885 966.7190551757812 175.61895751953125 995.2164916992188 223.22413635253906 0.5923149 1.6036184 0.7064892 12.714746 1.7008519 24.817072 -0.729743242263794 0.17505860328674316
Pedestrian 0.0 0 1.6800994873046875 336.86883544921875 168.68045043945312 371.9049987792969 243.84506225585938 1.1764249 1.8420317 0.7178099 -6.5290504 1.74011 18.334856 1.3380002975463867 0.1343875378370285
Cyclist 0.0 0 2.8999459743499756 752.7025146484375 189.8796844482422 771.9241943359375 222.36544799804688 0.8974165 1.7971992 0.7947118 8.564747 2.7691417 40.759773 3.107060194015503 0.15256263315677643
Cyclist 0.0 0 -2.3823304176330566 776.3550415039062 190.76463317871094 811.8067626953125 228.0128631591797 1.750948 1.7644606 0.6400872 9.124105 2.680237 35.964127 -2.1338722705841064 0.12823106348514557
Car 0.0 0 2.305911064147949 706.0222778320312 200.2958221435547 769.8817138671875 234.0347137451172 3.1290116 1.5633696 1.5903825 6.6464577 3.0543416 37.602535 2.4808595180511475 0.7502425909042358
Car 0.0 0 0.03491133451461792 963.3184204101562 182.6630859375 1134.584228515625 241.00799560546875 4.115563 1.5015568 1.5929459 12.598194 1.8111794 20.957188 0.5761682987213135 0.24624812602996826
Car 0.0 0 -1.0575048923492432 338.44537353515625 157.31028747558594 387.5177001953125 184.37942504882812 3.8531537 1.945009 1.810422 -18.422392 0.8284989 53.90186 -1.386834979057312 0.1739032119512558
Car 0.0 0 1.0543787479400635 644.8246459960938 190.23704528808594 685.6243286132812 211.32806396484375 3.76537 1.5679528 1.6892575 4.462004 3.041938 59.101746 1.1297328472137451 0.15003342926502228
Car 0.0 0 0.5923221111297607 368.91693115234375 200.63693237304688 445.25274658203125 231.71925354003906 3.6973624 1.5178356 1.6168699 -10.989484 3.071108 38.98205 0.31754183769226074 0.12384907901287079
