Pedestrian 0.0 0 1.237807273864746 945.2861328125 134.32077026367188 1017.8286743164062 272.9201354980469 0.8475194 1.7685572 0.616874 4.9017715 1.2772229 9.665975 1.7071315050125122 0.7963959574699402
Pedestrian 0.0 0 -2.7264392375946045 811.875 170.09339904785156 829.5060424804688 208.3109588623047 0.55677027 1.7629592 0.699789 9.81142 1.635972 33.728447 -2.443356990814209 0.18690095841884613
Pedestrian 0.0 0 1.9974406957626343 522.5983276367188 166.61532592773438 534.4473266601562 192.66668701171875 0.81224245 1.8510339 0.5588974 -5.8683624 1.4081136 51.73738 1.8844974040985107 0.17436693608760834
Cyclist 0.0 0 -1.355126142501831 720.2206420898438 170.40997314453125 737.0050048828125 201.58998107910156 1.9027357 1.7697902 0.5707526 6.8700104 1.6314242 41.941578 -1.1927684545516968 0.32091379165649414
Cyclist 0.0 0 1.9947943687438965 284.8397521972656 173.99984741210938 339.2445983886719 246.84580993652344 1.7753152 1.6742216 0.5396872 -7.245529 1.7038047 17.504286 1.6023383140563965 0.16080822050571442
Car 0.0 0 1.9166280031204224 388.43035888671875 189.77403259277344 513.9003295898438 259.734130859375 4.2463446 1.4299678 1.7053856 -3.8472526 1.905408 18.037657 1.7064868211746216 0.9708479642868042
Car 0.0 0 -1.6069225072860718 731.7871704101562 175.876708984375 800.1373291015625 240.24952697753906 3.5708637 1.5692674 1.6594944 4.117992 1.6599808 19.665426 -1.4005025625228882 0.9364721775054932
Car 0.0 0 -1.4841606616973877 661.06982421875 177.59170532226562 684.362060546875 197.29376220703125 3.4564009 1.5107548 1.5755682 5.0465727 1.9043444 58.04707 -1.3974393606185913 0.40454384684562683
Car 0.0 0 1.6483863592147827 734.8865966796875 176.1277618408203 782.6513061523438 216.01185607910156 3.835066 1.4634295 1.5800248 5.964958 1.6041504 28.871851 1.852121114730835 0.2354671061038971
Car 0.0 0 -1.3308185338974 683.3226928710938 176.34474182128906 710.5759887695312 193.80503845214844 3.8297353 1.510384 1.5858983 7.879512 1.8367548 65.31286 -1.2107561826705933 0.20954321324825287
Car 0.0 0 -0.14258518815040588 725.7646484375 168.03094482421875 793.0198974609375 194.0949249267578 3.9281173 1.6007286 1.7010497 9.297891 1.3048772 45.277462 0.059952735900878906 0.18155139684677124
Car 0.0 0 1.612512469291687 704.0570068359375 176.16502380371094 726.7317504882812 195.06307983398438 4.4370003 1.4419535 1.628085 8.509165 1.7200905 58.199776 1.7576899528503418 0.16746757924556732
