Pedestrian 0.0 0 0.6583498120307922 653.8232421875 153.66001892089844 674.4522705078125 191.31602478027344 0.8198695 1.8089273 0.57779074 2.5981367 0.8872404 35.14754 0.7321364879608154 0.4993497133255005
Car 0.0 0 2.0456676483154297 0.0 199.6455535888672 370.051513671875 375.0 4.3680263 1.4260763 1.6896286 -3.6938045 1.7492162 6.4713693 1.5270017385482788 0.9673818349838257
Car 0.0 0 1.832244634628296 331.0702819824219 193.85101318359375 463.73114013671875 285.7843017578125 3.6070213 1.426497 1.539843 -3.9630032 1.8825378 13.839599 1.553355097770691 0.9611308574676514
Car 0.0 0 -1.6832743883132935 649.2284545898438 180.29774475097656 699.8359985351562 220.5574951171875 3.643357 1.4401699 1.5654714 2.428457 1.7518408 28.331377 -1.5977672338485718 0.937121570110321
Car 0.0 0 -0.3572002351284027 794.3749389648438 166.55621337890625 961.375244140625 221.6144561767578 4.3340235 1.5731385 1.7204202 7.83489 1.3935546 21.489855 -0.007591184228658676 0.9088623523712158
Car 0.0 0 -1.3744659423828125 435.89630126953125 184.07879638671875 491.02056884765625 223.52972412109375 4.1696625 1.6178318 1.6775589 -6.6346664 2.1619234 32.86158 -1.5736851692199707 0.7852344512939453
Car 0.0 0 2.877338171005249 740.4894409179688 165.73501586914062 848.7003173828125 206.8494415283203 4.1645303 1.702335 1.7134606 7.768618 1.4079325 30.764189 3.1246886253356934 0.7079046368598938
Car 0.0 0 2.029524087905884 339.42852783203125 191.68057250976562 444.7215881347656 248.7462158203125 3.6312952 1.465864 1.5849491 -6.487533 2.0832732 21.723204 1.7393105030059814 0.7050545811653137
Car 0.0 0 2.796779155731201 776.2505493164062 158.43234252929688 912.5532836914062 213.42990112304688 4.077582 1.8045495 1.7193619 7.8741693 1.3317119 24.602568 3.106531858444214 0.6137798428535461
Car 0.0 0 -0.5672199726104736 1033.7374267578125 149.2972869873047 1153.1279296875 184.22792053222656 4.453506 1.595825 1.6710167 22.564514 0.519982 33.842815 0.020836591720581055 0.5100253820419312
Car 0.0 0 1.8722895383834839 395.8006591796875 196.04519653320312 470.540771484375 240.3250274658203 4.100206 1.4152402 1.6020428 -6.6435304 2.3621826 27.351305 1.6340078115463257 0.48730790615081787
Car 0.0 0 1.853679895401001 479.4205627441406 183.0832061767578 523.0881958007812 210.4078826904297 4.0261784 1.5289947 1.5752568 -6.614298 2.183583 44.044624 1.7046210765838623 0.43653178215026855
