Pedestrian 0.0 0 1.6451287269592285 795.4913330078125 166.78504943847656 825.763427734375 234.90916442871094 1.1523815 1.8484945 0.7371896 5.5905395 1.6841766 20.242327 1.9145922660827637 0.226615771651268
Pedestrian 0.0 0 1.804926872253418 870.1239624023438 164.13302612304688 911.2967529296875 237.40890502929688 1.1067884 1.8180625 0.75340706 7.1835966 1.6020428 18.5689 2.174056053161621 0.1302085518836975
Pedestrian 0.0 0 1.9205429553985596 100.46515655517578 177.44305419921875 142.80674743652344 242.8373565673828 0.92187 1.794502 0.72086084 -13.845887 1.9280715 20.407162 1.3244051933288574 0.1299750804901123
Pedestrian 0.0 0 2.004207134246826 254.15377807617188 164.06492614746094 290.43756103515625 223.32650756835938 0.969723 1.7824228 0.6662537 -10.419069 1.5184301 22.185823 1.565151572227478 0.11733458191156387
Cyclist 0.0 0 -0.8593098521232605 616.8763427734375 166.5057373046875 646.8540649414062 199.5607452392578 1.8070579 1.8415961 0.69712967 1.219717 1.488273 41.09819 -0.8296404480934143 0.30439215898513794
Cyclist 0.0 0 -1.8081001043319702 635.4976806640625 148.81434631347656 655.9365844726562 191.69232177734375 1.731491 1.7017338 0.43677694 1.4083862 0.74801004 29.524906 -1.760434627532959 0.26663270592689514
Car 0.0 0 -0.9366081953048706 688.6365966796875 190.43597412109375 804.9835815429688 244.06594848632812 3.5137339 1.3581694 1.5886892 4.0255504 1.9188508 21.213987 -0.749078631401062 0.8940697908401489
Car 0.0 0 -0.7366446256637573 405.09771728515625 157.96807861328125 463.76812744140625 186.90435791015625 4.6023088 2.2372131 1.7697119 -14.12533 1.0866631 58.1842 -0.9748063087463379 0.19814801216125488
Car 0.0 0 1.7802097797393799 535.8951416015625 162.7833709716797 564.9197387695312 182.2459716796875 3.826 1.5708613 1.6572665 -4.962228 0.7584 60.23649 1.6980162858963013 0.1897403448820114
Car 0.0 0 -1.3122824430465698 441.73638916015625 156.6975555419922 479.9465637207031 188.30323791503906 4.7470474 2.3860285 1.7968136 -11.72436 1.1666762 56.8883 -1.515531063079834 0.13601209223270416
Car 0.0 0 -1.8812670707702637 635.4817504882812 150.51744079589844 687.6697998046875 184.55111694335938 3.5465205 1.6966883 1.7245095 2.617521 0.5834969 37.89626 -1.8123059272766113 0.11405710130929947
