Car 0.0 0 -1.8263843059539795 712.9486694335938 180.6489715576172 886.2774047851562 290.6744689941406 4.1871367 1.4174458 1.6241006 2.7744155 1.567081 11.703492 -1.5936222076416016 0.9800195693969727
Car 0.0 0 -2.5112650394439697 0.0 194.78721618652344 321.4735412597656 326.5361633300781 4.3508368 1.4140246 1.5975043 -6.1013393 1.7108488 8.889065 -3.1127963066101074 0.948272705078125
Car 0.0 0 -1.6801787614822388 670.04736328125 175.25624084472656 725.3436889648438 218.28074645996094 3.7757556 1.4753004 1.6224507 3.14691 1.5713449 26.84385 -1.5634812116622925 0.9263668060302734
Car 0.0 0 0.8028954863548279 0.0 205.54653930664062 194.03594970703125 375.0 4.1528215 1.4118894 1.5741694 -6.272755 1.7413913 6.415201 0.028723716735839844 0.8385157585144043
Car 0.0 0 0.6096567511558533 67.85738372802734 189.98779296875 362.65740966796875 297.4524230957031 3.9785478 1.5331744 1.595265 -6.3023334 1.8339847 11.632753 0.11315035820007324 0.7993814945220947
Car 0.0 0 0.42651796340942383 361.8426818847656 177.87918090820312 498.5108947753906 228.173828125 3.9879441 1.5368239 1.6431967 -5.8475595 1.7086459 23.447632 0.1821153163909912 0.7623285055160522
Car 0.0 0 0.5236821174621582 165.14865112304688 178.42294311523438 397.17913818359375 275.81427001953125 3.8274655 1.7576598 1.6568768 -6.3984065 1.8750618 14.148519 0.09897398948669434 0.7606090307235718
Car 0.0 0 3.322014331817627 405.53411865234375 176.989501953125 507.9031066894531 212.3994598388672 3.9821591 1.4323668 1.5260017 -6.3983517 1.610497 30.194706 3.1132001876831055 0.7011139392852783
Car 0.0 0 -2.9189014434814453 447.0010070800781 176.50917053222656 522.80712890625 207.6847686767578 3.4546525 1.5060686 1.5988786 -6.2335906 1.6930397 35.9485 -3.09059739112854 0.47463199496269226
Car 0.0 0 -1.668634057044983 664.406005859375 171.35409545898438 708.924072265625 210.47303771972656 3.649356 1.6352556 1.6013354 3.3023415 1.5729145 31.987766 -1.565760850906372 0.45852357149124146
