Pedestrian 0.0 0 -1.859542965888977 694.3331909179688 159.395751953125 753.6255493164062 275.7557373046875 0.964392 1.7586302 0.67395175 1.8796692 1.4258581 11.374523 -1.695770502090454 0.9257012009620667
Pedestrian 0.0 0 -1.610755443572998 353.26959228515625 165.71771240234375 397.40203857421875 282.2485046386719 0.9233487 1.6778336 0.59606224 -3.4781902 1.4519109 10.875932 -1.9202826023101807 0.7824814319610596
Pedestrian 0.0 0 1.9500701427459717 478.9684143066406 170.89772033691406 506.0198669433594 220.84921264648438 0.9564323 1.7876323 0.6724784 -3.9950984 1.4092579 26.246597 1.7990156412124634 0.6784806847572327
Pedestrian 0.0 0 1.6385180950164795 779.5953369140625 144.78939819335938 811.0504150390625 212.3712158203125 1.1348598 1.9061824 0.8119645 5.628714 0.87188524 20.926882 1.9012701511383057 0.5756493210792542
Pedestrian 0.0 0 -2.041865110397339 640.6368408203125 165.5262451171875 703.6392211914062 278.8634033203125 0.9615569 1.6804569 0.6038046 1.0451112 1.4449216 11.206447 -1.9488742351531982 0.5742586255073547
Pedestrian 0.0 0 1.3586620092391968 740.4160766601562 162.8037872314453 765.0409545898438 220.01034545898438 0.893929 1.7310605 0.56628376 4.6375155 1.1664369 22.182743 1.5647534132003784 0.5706828236579895
Pedestrian 0.0 0 1.5447008609771729 765.241943359375 148.83132934570312 796.7857055664062 218.95606994628906 1.0534923 1.8026477 0.7809742 4.7207503 0.9640331 19.0615 1.7874749898910522 0.46812692284584045
Pedestrian 0.0 0 3.2724170684814453 222.93341064453125 170.70303344726562 248.14195251464844 246.1005401611328 0.4321796 1.5742148 0.38020194 -7.800819 1.3500212 15.246987 2.799508571624756 0.40563443303108215
Pedestrian 0.0 0 0.378644734621048 724.2855224609375 158.97654724121094 753.2147216796875 211.6092987060547 0.7906401 1.7215878 0.5765561 4.5542893 0.9859489 23.949139 0.566565990447998 0.368399977684021
Pedestrian 0.0 0 -2.2504935264587402 690.2362670898438 166.77175903320312 717.9615478515625 223.53712463378906 0.66254956 1.7849442 0.5949434 3.2618594 1.3229314 23.021875 -2.1097452640533447 0.3297061324119568
Pedestrian 0.0 0 0.051250308752059937 407.6728820800781 177.91275024414062 421.0303039550781 212.13482666015625 0.652172 1.7911942 0.64922 -9.892865 1.6042874 37.979095 -0.20356905460357666 0.3170698285102844
Pedestrian 0.0 0 2.9917404651641846 631.54833984375 173.29769897460938 647.7642822265625 202.36106872558594 0.90851635 1.7476081 0.54827446 2.3161385 1.2551517 43.508297 3.044924736022949 0.2891446650028229
Pedestrian 0.0 0 3.484201192855835 156.03138732910156 168.48956298828125 181.5227813720703 222.10350036621094 0.59763116 1.9631679 0.74677575 -16.111982 1.4878106 26.725763 2.941679000854492 0.2678624093532562
Pedestrian 0.0 0 1.957765817642212 280.7288513183594 141.57325744628906 348.64862060546875 237.0141143798828 1.8458941 1.8350359 0.64748394 -5.877418 1.0686214 14.734093 1.5782088041305542 0.2093796730041504
Cyclist 0.0 0 1.7152132987976074 561.5913696289062 169.96853637695312 588.0449829101562 232.80564880371094 1.6929573 1.78574 0.54878485 -0.8024978 1.4591753 21.282326 1.6775239706039429 0.921862006187439
Cyclist 0.0 0 1.7916676998138428 485.2102355957031 171.2734832763672 538.9732666015625 261.6514892578125 1.7168539 1.7919456 0.7697033 -1.8894644 1.5904295 15.131534 1.6674413681030273 0.8669623732566833
Cyclist 0.0 0 1.4565247297286987 526.8483276367188 169.80299377441406 549.990234375 224.88729858398438 1.7369555 1.7640891 0.5681638 -2.135471 1.3905883 23.910204 1.3674489259719849 0.708619236946106
Cyclist 0.0 0 -1.853671669960022 399.50909423828125 188.17758178710938 412.9088439941406 217.49429321289062 1.565674 1.6747049 0.3328739 -11.454485 2.0741448 42.130074 -2.119138479232788 0.2906229496002197
Cyclist 0.0 0 1.957765817642212 280.7288513183594 141.57325744628906 348.64862060546875 237.0141143798828 1.8458941 1.8350359 0.64748394 -5.877418 1.0686214 14.734093 1.5782088041305542 0.26399776339530945
Car 0.0 0 1.5705674886703491 539.9868774414062 171.0743408203125 565.232177734375 195.50634765625 3.8534293 1.5246953 1.5738521 -3.1749444 0.87480307 46.801273 1.5028324127197266 0.3332746624946594
Car 0.0 0 -2.1457107067108154 0.0 212.05824279785156 128.34141540527344 374.0 3.494007 1.4730535 1.5173835 -6.5547876 1.8061682 6.6750445 -2.9220192432403564 0.32147470116615295
Car 0.0 0 -1.3971869945526123 360.672607421875 178.33322143554688 415.76708984375 215.30789184570312 4.061478 1.5100012 1.6338024 -9.266778 1.381665 31.443226 -1.6837878227233887 0.2883252203464508
Car 0.0 0 -1.6752501726150513 560.0928955078125 167.05599975585938 584.8277587890625 186.25128173828125 3.9691992 1.5141699 1.6102867 -2.3755345 0.37531853 58.74144 -1.7156686782836914 0.2861020863056183
