Pedestrian 0.0 0 -0.4034461975097656 1092.9654541015625 101.57363891601562 1242.0 303.3282775878906 1.0086733 1.8152796 0.5986171 5.2596283 1.1742952 6.9030633 0.24764442443847656 0.4099504053592682
Pedestrian 0.0 0 3.4512898921966553 259.80377197265625 167.08395385742188 277.1566467285156 196.53652954101562 0.86694705 1.8249408 0.5029097 -21.33509 1.4677749 45.011883 3.0086677074432373 0.16720758378505707
Pedestrian 0.0 0 -2.2044837474823 953.3521728515625 139.25733947753906 983.564453125 190.1571807861328 0.72642016 1.8255001 0.68912476 13.013285 0.62092894 26.292286 -1.7448867559432983 0.14010296761989594
Cyclist 0.0 0 -1.6313594579696655 719.9668579101562 172.80609130859375 733.9701538085938 208.95823669433594 1.7119198 1.7123996 0.56578475 5.636016 1.7104881 35.05364 -1.4719412326812744 0.14194445312023163
Car 0.0 0 -1.4828120470046997 508.1719665527344 177.3823699951172 551.5755615234375 212.08419799804688 3.55766 1.4719776 1.6598637 -3.6361246 1.6899159 32.869102 -1.5929884910583496 0.9440180063247681
Car 0.0 0 -1.5222026109695435 565.64208984375 181.03692626953125 620.982177734375 225.8971710205078 3.3996956 1.3125699 1.6350338 -0.52376807 1.5985017 23.457277 -1.544527530670166 0.9420918226242065
Car 0.0 0 1.8028188943862915 326.286376953125 175.71507263183594 377.4441833496094 205.6097412109375 4.5047216 1.5813893 1.7432289 -14.602221 1.7533821 40.947327 1.4602677822113037 0.910576343536377
Car 0.0 0 1.7279223203659058 389.58819580078125 174.62139892578125 419.5535888671875 194.75 4.209502 1.5441128 1.6769612 -16.470951 1.6917225 57.92267 1.4508742094039917 0.5626168847084045
Car 0.0 0 1.9860222339630127 610.2625122070312 175.08816528320312 647.2218627929688 195.6381072998047 3.745431 1.5631922 1.5595917 1.4997765 1.7474108 57.350132 2.012167453765869 0.13522614538669586
Car 0.0 0 1.8090095520019531 700.9225463867188 174.940673828125 726.2376708984375 191.64291381835938 3.692053 1.5222229 1.5444201 9.806033 1.7257749 68.25808 1.9516944885253906 0.12119099497795105
