Pedestrian 0.0 0 -1.5256632566452026 733.6322631835938 172.9514617919922 749.843505859375 220.63858032226562 0.6158282 1.6775469 0.5429749 4.658971 1.6814313 25.741688 -1.3466122150421143 0.24590882658958435
Pedestrian 0.0 0 -1.6541000604629517 398.47802734375 158.4762725830078 409.9161376953125 195.06651306152344 0.42163798 1.8383725 0.52328783 -10.461009 1.1163622 36.538692 -1.9329407215118408 0.2172911912202835
Pedestrian 0.0 0 3.6889004707336426 52.27804183959961 175.59738159179688 100.0841064453125 244.2731170654297 0.74286747 1.6673973 0.6125203 -13.269105 1.7370417 17.881512 3.050502061843872 0.20317088067531586
Car 0.0 0 3.110809326171875 251.3824920654297 188.569580078125 415.6588134765625 249.5719451904297 4.192976 1.5282098 1.7154192 -7.838703 2.0099282 20.49749 2.74554705619812 0.9692193269729614
Car 0.0 0 1.6369357109069824 474.4950256347656 184.5894317626953 523.6653442382812 227.70533752441406 3.9209175 1.4963737 1.640633 -4.303634 1.9877515 28.163616 1.4853004217147827 0.9203987121582031
Car 0.0 0 -2.0864744186401367 558.6282348632812 160.2064666748047 611.6829223632812 192.6050567626953 4.8487763 2.404026 1.9847788 -2.0148666 1.4659164 56.12139 -2.122360944747925 0.6411155462265015
Car 0.0 0 1.3850055932998657 473.9053039550781 175.3387908935547 504.3808898925781 195.5453338623047 4.1213956 1.5428228 1.6719993 -9.75084 1.750091 57.857803 1.2180434465408325 0.5804629921913147
Car 0.0 0 -2.1181392669677734 625.3346557617188 157.0994873046875 671.9486694335938 181.75027465820312 3.7436187 1.7493614 1.737316 2.7853577 0.63168854 53.261513 -2.0658910274505615 0.4895731508731842
Car 0.0 0 -1.402228832244873 258.7252502441406 169.87384033203125 288.3547058105469 191.0943603515625 3.4525244 1.6329602 1.5808529 -26.751383 1.403989 57.394867 -1.8383853435516357 0.2405308037996292
Car 0.0 0 1.36655592918396 463.4595031738281 173.7554931640625 489.6305236816406 191.4253387451172 3.968545 1.564341 1.5860323 -12.297811 1.6501201 66.23102 1.1829662322998047 0.1847521811723709
