Pedestrian 0.0 0 3.168980598449707 132.14344787597656 188.52520751953125 153.7941436767578 240.592529296875 0.5925444 1.6979895 0.7894532 -15.777598 2.237172 24.314651 2.593384265899658 0.3793838918209076
Pedestrian 0.0 0 -1.6749590635299683 784.0675659179688 164.50828552246094 800.7780151367188 199.54794311523438 0.6145984 1.7043272 0.73507243 8.920806 1.29875 35.44917 -1.4284274578094482 0.14695587754249573
Pedestrian 0.0 0 -1.5959826707839966 791.2349243164062 170.271728515625 805.9005737304688 207.40855407714844 0.69921815 1.6671633 0.62633824 8.528843 1.5515965 32.800465 -1.3415939807891846 0.13627788424491882
Pedestrian 0.0 0 0.0432341992855072 514.3629150390625 177.7786407470703 522.3231811523438 202.0946502685547 0.5200878 1.6630728 0.6059609 -6.354214 2.0055597 49.800972 -0.08367227017879486 0.1017870232462883
Cyclist 0.0 0 3.369340658187866 126.71894073486328 187.2039794921875 162.6332550048828 238.8948211669922 0.87985647 1.6932904 0.72903466 -15.769381 2.1887345 24.398773 2.795557737350464 0.13843224942684174
Cyclist 0.0 0 -0.7922928929328918 371.264404296875 140.0755615234375 421.563720703125 199.40774536132812 1.6249154 1.7465845 0.4714951 -6.5577183 0.7820311 22.06531 -1.0811750888824463 0.11989212036132812
Car 0.0 0 0.2293301224708557 388.6754455566406 180.19178771972656 482.0194396972656 213.56983947753906 3.8707485 1.4673969 1.6264814 -7.9530497 1.810896 32.910618 -0.007780112326145172 0.3492993116378784
Car 0.0 0 -1.038847804069519 184.309814453125 164.53663635253906 327.7674865722656 227.57913208007812 4.074809 1.5288634 1.6444298 -9.465864 1.3275148 19.593338 -1.4888975620269775 0.3035486936569214
Car 0.0 0 2.544118881225586 21.379972457885742 203.22840881347656 132.42335510253906 236.6455841064453 4.574587 1.4972271 1.9262974 -28.93723 3.256646 39.306046 1.9095065593719482 0.11450628936290741
Car 0.0 0 -2.7684526443481445 441.64703369140625 178.47352600097656 512.336181640625 205.11026000976562 3.81149 1.5281137 1.6447972 -7.948481 1.8728974 43.05244 -2.9510200023651123 0.1084321066737175
