Car 0.0 0 -1.299767255783081 329.1046447753906 178.98617553710938 472.2162780761719 274.9956970214844 3.4165642 1.5014131 1.599425 -3.610625 1.4051256 12.946848 -1.5717376470565796 0.9690125584602356
Car 0.0 0 -1.7995039224624634 695.838623046875 186.9374237060547 807.1636962890625 259.8434143066406 3.4461317 1.3849559 1.5769643 2.9196382 1.4273989 15.489775 -1.61320161819458 0.9646637439727783
Car 0.0 0 -1.3890448808670044 430.7032775878906 178.21839904785156 513.6701049804688 237.75157165527344 4.1190963 1.5535154 1.633767 -3.8509872 1.3720527 20.815248 -1.5719844102859497 0.9329946637153625
Car 0.0 0 -1.6796468496322632 642.05078125 177.11126708984375 683.8189086914062 209.73094177246094 4.25054 1.5585268 1.6490822 2.7093916 1.1724387 36.49488 -1.6055424213409424 0.9248636960983276
Car 0.0 0 -1.0291357040405273 70.04817199707031 185.45486450195312 270.0652160644531 272.7875061035156 3.4690614 1.4027578 1.5766562 -7.9036064 1.4088905 13.290764 -1.5656261444091797 0.9236941933631897
Car 0.0 0 -1.4265334606170654 481.93218994140625 177.94070434570312 530.296875 215.61264038085938 3.589497 1.5791086 1.62829 -4.4895024 1.2752916 31.927214 -1.5662343502044678 0.9136691093444824
Car 0.0 0 -1.2519514560699463 310.250244140625 180.41879272460938 397.4237060546875 227.9376220703125 3.8072886 1.4249388 1.5635246 -8.21677 1.282226 23.469763 -1.5887155532836914 0.6551017761230469
Car 0.0 0 -1.6004341840744019 586.8192138671875 174.20144653320312 612.5723266601562 197.65289306640625 3.94323 1.5467081 1.646648 -0.60996854 0.8214098 49.411858 -1.6127781867980957 0.5809459686279297
Car 0.0 0 -0.6699596643447876 0.0 242.9539031982422 128.06935119628906 376.0 3.8047445 1.4507294 1.5867089 -3.4194129 1.7853378 2.1738367 -1.674475073814392 0.5267811417579651
Car 0.0 0 -1.6087981462478638 518.9171142578125 179.35302734375 544.3804931640625 203.99034118652344 2.707435 1.4451883 1.4295113 -4.664737 1.1024243 43.605812 -1.7153680324554443 0.5062641501426697
Car 0.0 0 1.7572362422943115 383.0882873535156 178.4853515625 434.27508544921875 213.33505249023438 3.6825767 1.4276049 1.4940186 -8.648127 1.15303 31.34064 1.4879965782165527 0.4477785527706146
