Pedestrian 0.0 0 2.004784345626831 424.5073547363281 158.22915649414062 489.2110595703125 275.7945861816406 0.9074112 1.8165661 0.71312606 -2.366015 1.4582967 11.620568 1.8039242029190063 0.8328171968460083
Pedestrian 0.0 0 -1.4887192249298096 526.222900390625 166.590087890625 547.6671752929688 218.57460021972656 0.9661827 1.7857039 0.67315924 -2.2747698 1.2746085 25.158485 -1.578891634941101 0.8324082493782043
Pedestrian 0.0 0 1.4157401323318481 762.0431518554688 142.71299743652344 819.7339477539062 267.0870361328125 0.78480613 1.7487327 0.6996968 2.7142498 1.2046949 10.521934 1.668197512626648 0.805112898349762
Pedestrian 0.0 0 -1.53809654712677 552.7962646484375 165.0703887939453 572.9931640625 218.08444213867188 0.8645595 1.7014561 0.63365215 -1.2798734 1.175255 23.491005 -1.5925263166427612 0.8030546307563782
Pedestrian 0.0 0 -0.7608016729354858 560.8551635742188 165.5637664794922 629.9161987304688 274.4070739746094 0.9340658 1.7094979 0.6719965 -0.13819756 1.4605004 11.84617 -0.7724671363830566 0.7441291809082031
Pedestrian 0.0 0 0.4645760953426361 208.66847229003906 155.55459594726562 291.1710205078125 288.44342041015625 0.8951418 1.786902 0.49759486 -4.8811526 1.43935 9.908398 0.00684356689453125 0.7096418142318726
Pedestrian 0.0 0 -0.3492245376110077 876.972900390625 140.49868774414062 974.9468994140625 295.3489990234375 0.8789983 1.6910673 0.5377735 3.6105082 1.2446624 8.140305 0.06823992729187012 0.6857149004936218
Pedestrian 0.0 0 -1.0912141799926758 233.2100067138672 200.07260131835938 354.9735107421875 374.0 0.7919976 1.6513431 0.79381293 -2.9505727 1.8408349 6.8497233 -1.4979517459869385 0.44700849056243896
Pedestrian 0.0 0 2.270660638809204 821.6416015625 153.520751953125 862.8336791992188 231.5294647216797 0.5905603 1.7236708 0.66152084 5.4273133 1.1066647 16.305914 2.5919699668884277 0.4452609121799469
Pedestrian 0.0 0 -0.1229688823223114 906.0478515625 122.968505859375 1013.6403198242188 283.3130187988281 1.0909235 1.8460906 0.73536026 4.302304 1.1735502 8.793184 0.3320636749267578 0.4205544888973236
Pedestrian 0.0 0 1.4537907838821411 570.2960815429688 168.81723022460938 583.304931640625 202.55810546875 0.81811965 1.7690753 0.59718716 -1.3145574 1.1049519 38.110004 1.4193106889724731 0.3966289460659027
Pedestrian 0.0 0 1.4604848623275757 704.3319702148438 145.40586853027344 730.8211059570312 202.71646118164062 1.0213133 1.8489933 0.7521824 3.7974617 0.68559605 23.701113 1.6193574666976929 0.35960009694099426
Pedestrian 0.0 0 1.2733397483825684 193.90048217773438 159.49551391601562 257.3127136230469 281.0054931640625 0.60299325 1.7798223 0.7129175 -5.790429 1.4588214 10.984359 0.7882070541381836 0.34349605441093445
Pedestrian 0.0 0 1.3949123620986938 598.0962524414062 167.97286987304688 617.1405639648438 215.47409057617188 0.5809751 1.6290548 0.56785834 0.18835796 1.1662128 24.96665 1.4024566411972046 0.2923338711261749
Pedestrian 0.0 0 1.2586506605148315 870.3256225585938 189.20521545410156 909.4442138671875 281.1517639160156 0.6091812 1.3850398 0.39486375 4.44152 1.5097691 11.1879835 1.6365597248077393 0.28681814670562744
Pedestrian 0.0 0 1.146787166595459 572.614501953125 167.71839904785156 593.509033203125 217.45562744140625 0.48999 1.6666659 0.55709887 -0.6500851 1.2059332 24.410242 1.120161771774292 0.2753008008003235
Pedestrian 0.0 0 1.2237153053283691 628.9182739257812 164.95260620117188 649.0292358398438 205.33828735351562 0.9227334 1.7876244 0.6259435 1.6718378 1.0561228 32.326138 1.2753870487213135 0.2751481235027313
Cyclist 0.0 0 1.5997511148452759 495.81707763671875 169.92808532714844 527.6451416015625 259.7606201171875 1.8717784 1.6798857 0.58389384 -1.814872 1.4647502 14.390052 1.47429358959198 0.8441508412361145
Car 0.0 0 1.245504379272461 734.5738525390625 178.7858428955078 835.8203125 234.65316772460938 4.078284 1.4454184 1.5720822 5.1224856 1.3763709 20.679354 1.4883266687393188 0.2991900146007538
Car 0.0 0 2.9119763374328613 546.4087524414062 173.33287048339844 653.7222290039062 215.20872497558594 3.8253896 1.5250001 1.5942699 -0.097021386 1.2286218 27.374626 2.9084322452545166 0.28199252486228943
Car 0.0 0 -1.8918827772140503 616.2901000976562 154.07479858398438 652.48876953125 179.2107696533203 4.105431 1.9326144 1.6964861 2.6339817 -0.19088909 57.83759 -1.846373200416565 0.2639038860797882
