Pedestrian 0.0 0 1.3883997201919556 560.084716796875 138.13133239746094 599.7794189453125 235.130126953125 0.7784302 1.8118913 0.63224816 -0.53560966 1.0221016 13.651545 1.3491854667663574 0.7982764840126038
Pedestrian 0.0 0 1.1918377876281738 425.814697265625 138.43788146972656 477.3268737792969 226.06520080566406 1.060738 1.7980094 0.73581946 -3.337493 0.93656886 15.148283 0.9749808311462402 0.7978090643882751
Pedestrian 0.0 0 0.6416580677032471 880.432861328125 127.1324234008789 1026.3944091796875 357.321533203125 0.90350735 1.8399271 0.71386886 2.986955 1.4150615 6.2121725 1.0898466110229492 0.7433810234069824
Pedestrian 0.0 0 -3.0609521865844727 675.4036254882812 146.3540496826172 714.473388671875 206.3129425048828 1.1650108 1.8321465 0.56936216 2.7713559 0.79031634 21.997917 -2.9356298446655273 0.7253521680831909
Pedestrian 0.0 0 1.1647803783416748 517.9473876953125 137.98133850097656 568.9430541992188 227.4403839111328 0.98914385 1.8830513 0.78463024 -1.39908 0.98968387 15.499606 1.074758768081665 0.6756899356842041
Pedestrian 0.0 0 1.269899845123291 603.0321044921875 123.19451141357422 645.3412475585938 224.18240356445312 0.7670626 1.9166508 0.62804914 0.32558772 0.83068365 13.868991 1.2933714389801025 0.5763061046600342
Pedestrian 0.0 0 0.8835518956184387 781.3504028320312 140.79527282714844 900.0260009765625 360.6459045410156 0.9191231 1.7990714 0.53970474 2.0244167 1.4758677 6.3075147 1.1941192150115967 0.5615525841712952
Pedestrian 0.0 0 1.191007137298584 552.7733154296875 143.1368408203125 583.9871826171875 217.3127899169922 0.7234339 1.6377109 0.47041628 -0.87532365 0.8143939 16.03288 1.1364657878875732 0.5269418954849243
Pedestrian 0.0 0 0.7147001624107361 447.3092956542969 145.0223388671875 504.1404113769531 225.4436798095703 1.0123941 1.746811 0.75628185 -2.9514272 0.9778267 15.935197 0.5315611362457275 0.5260595083236694
Pedestrian 0.0 0 0.8578846454620361 494.3033142089844 141.88050842285156 535.0701904296875 216.4479217529297 0.8151593 1.7594877 0.5929622 -2.2335377 0.8498289 17.171087 0.7285354137420654 0.4914924204349518
Pedestrian 0.0 0 1.4998509883880615 599.634765625 139.36659240722656 621.942138671875 207.84735107421875 0.6584253 1.6858981 0.51237655 0.10300926 0.6748499 17.74675 1.505655288696289 0.4908416271209717
Pedestrian 0.0 0 1.6638399362564087 338.6532897949219 154.11550903320312 359.9268493652344 200.89453125 1.2202635 1.9835593 0.7596852 -11.101225 0.86626357 30.661919 1.3164684772491455 0.4507099390029907
Pedestrian 0.0 0 0.9456064701080322 857.6984252929688 125.55683898925781 972.6568603515625 317.6764221191406 0.98328406 1.8152194 0.61101735 3.0859118 1.2977931 7.2222195 1.3494069576263428 0.44028744101524353
Pedestrian 0.0 0 -1.3311740159988403 68.4429702758789 152.58973693847656 104.3279037475586 218.77993774414062 0.78203523 1.9055095 0.6887604 -15.312743 1.1035874 20.843096 -1.964789867401123 0.38699790835380554
Pedestrian 0.0 0 0.826927125453949 234.19862365722656 134.4380645751953 344.8999328613281 253.6649627685547 1.833551 1.8651204 0.5781483 -5.266543 1.1462095 11.681438 0.4033689498901367 0.14080418646335602
Cyclist 0.0 0 0.826927125453949 234.19862365722656 134.4380645751953 344.8999328613281 253.6649627685547 1.833551 1.8651204 0.5781483 -5.266543 1.1462095 11.681438 0.4033689498901367 0.40575069189071655
Cyclist 0.0 0 1.0598878860473633 807.8659057617188 130.9869842529297 928.988525390625 370.0 0.7122644 1.8212608 0.6193374 1.9938564 1.4615678 5.5584354 1.4042993783950806 0.1184522956609726
Car 0.0 0 -0.25800821185112 367.7187805175781 175.1410369873047 444.42474365234375 204.42864990234375 3.748626 1.5296098 1.5792872 -10.844168 1.2511407 38.553707 -0.5321981906890869 0.43473923206329346
Car 0.0 0 1.8907831907272339 0.0 92.37706756591797 285.1284484863281 370.0 4.013581 1.6178411 1.6002438 -3.1190045 1.3535662 4.2844844 1.2615267038345337 0.3081839978694916
