Pedestrian 0.0 0 -2.7854089736938477 1081.001708984375 146.4548797607422 1216.493896484375 255.4149932861328 1.81354 1.7502087 0.5103714 9.21443 1.3265216 12.485852 -2.1496388912200928 0.1283690631389618
Cyclist 0.0 0 -2.8475518226623535 1083.95556640625 149.4828338623047 1213.955322265625 254.67739868164062 1.7409521 1.698877 0.46920604 9.227659 1.3217938 12.488162 -2.211184501647949 0.3773229122161865
Car 0.0 0 -1.9439740180969238 780.1820678710938 180.09963989257812 968.15185546875 295.9720764160156 3.5792534 1.5382717 1.5890552 3.97657 1.673713 11.626587 -1.6144225597381592 0.976241946220398
Car 0.0 0 -1.779692530632019 739.3795776367188 181.34388732910156 845.4132080078125 256.87274169921875 3.7683196 1.5133932 1.6082357 4.05522 1.7337608 16.78941 -1.5426971912384033 0.9636651873588562
Car 0.0 0 -2.1342413425445557 895.5170288085938 198.123779296875 1242.0 375.0 4.0655284 1.464036 1.6521952 3.9107 1.7452341 5.970102 -1.5543259382247925 0.9557044506072998
Car 0.0 0 1.7777363061904907 422.69781494140625 184.409912109375 507.5564270019531 242.0331268310547 4.004724 1.5117973 1.7129554 -4.296415 1.8927219 21.746994 1.5826845169067383 0.9285368323326111
Car 0.0 0 -1.7367628812789917 712.7572021484375 177.10919189453125 787.1931762695312 233.82095336914062 3.905791 1.5767618 1.6126696 4.1831045 1.7203822 22.321646 -1.5515103340148926 0.877711296081543
Car 0.0 0 1.7603013515472412 473.90838623046875 181.42601013183594 533.54296875 224.21958923339844 3.8669531 1.4705184 1.5497656 -4.0221257 1.8215083 27.54518 1.6153068542480469 0.6176975965499878
Car 0.0 0 -1.4654051065444946 551.0182495117188 176.4992218017578 582.2714233398438 202.17123413085938 4.182724 1.6565965 1.7020231 -2.9471986 1.9167324 49.28993 -1.5251271724700928 0.5639514327049255
Car 0.0 0 1.7285140752792358 499.87750244140625 182.83506774902344 548.2772216796875 218.23062133789062 3.982421 1.4523019 1.576094 -3.876037 1.9338732 32.76335 1.6107573509216309 0.49658629298210144
