Pedestrian 0.0 0 1.8370990753173828 454.66131591796875 177.51394653320312 497.2572326660156 266.17681884765625 0.6253221 1.6331469 0.6532017 -2.5813797 1.7239299 13.660905 1.650339961051941 0.5863152146339417
Pedestrian 0.0 0 -0.7946425676345825 917.484619140625 177.04232788085938 963.1593017578125 237.2617950439453 1.1552114 1.8030814 0.6564111 10.108878 1.9352236 22.186522 -0.3671153485774994 0.31064119935035706
Pedestrian 0.0 0 1.1021828651428223 349.3503723144531 123.361083984375 439.61407470703125 307.822021484375 0.73406297 1.7191817 0.5915844 -2.2080436 1.2582642 7.1915617 0.8042867183685303 0.2913028597831726
Pedestrian 0.0 0 -1.0814731121063232 240.3209686279297 145.3311767578125 273.7831726074219 200.95895385742188 0.9041314 1.911265 0.71162546 -12.38764 0.965991 25.251564 -1.5375477075576782 0.2607123553752899
Pedestrian 0.0 0 -3.1566309928894043 682.4808959960938 168.844482421875 692.262939453125 196.09039306640625 0.60816485 1.7200489 0.649657 4.8879895 1.4672838 45.899464 -3.050537347793579 0.2234431654214859
Pedestrian 0.0 0 -0.4018810987472534 1051.9591064453125 153.64170837402344 1076.4232177734375 188.6674346923828 1.0174869 1.8717877 0.45620757 24.423388 0.84543407 38.86237 0.15920138359069824 0.21941232681274414
Pedestrian 0.0 0 3.2336840629577637 301.3805847167969 185.02664184570312 337.7029724121094 219.27066040039062 1.7347925 1.7696539 0.6445508 -15.4168 2.424573 38.2389 2.850447416305542 0.10775084793567657
Cyclist 0.0 0 3.245800495147705 300.9721374511719 186.66995239257812 338.6661682128906 221.10704040527344 1.8013842 1.7797523 0.6168758 -15.413728 2.5233443 38.268307 2.8628993034362793 0.38690152764320374
Cyclist 0.0 0 -0.08005893230438232 827.3289794921875 170.17552185058594 861.4908447265625 206.09799194335938 1.692753 1.8987769 0.6487411 12.508028 1.757557 38.647034 0.23294949531555176 0.2493574470281601
Cyclist 0.0 0 -0.7477403879165649 909.9830322265625 173.83119201660156 963.8594970703125 231.85560607910156 1.4047284 1.7377261 0.7053318 10.001617 1.7688861 22.18281 -0.32416123151779175 0.17354676127433777
Car 0.0 0 2.0408284664154053 99.041015625 191.85107421875 322.7547302246094 298.4358825683594 4.293579 1.4802231 1.7062771 -6.8816237 1.878551 12.95064 1.552398443222046 0.964718759059906
Car 0.0 0 2.509871482849121 436.8114929199219 179.4370574951172 594.0546875 234.40762329101562 4.67242 1.475693 1.7084513 -2.8391871 1.6982958 22.128548 2.3822643756866455 0.8816123008728027
