Pedestrian 0.0 0 1.7292343378067017 381.2259216308594 141.7101287841797 417.72705078125 207.81544494628906 1.0800403 1.9185685 0.88841724 -6.3144245 1.0150409 21.530256 1.4439526796340942 0.3822392225265503
Cyclist 0.0 0 2.0277562141418457 395.5429992675781 184.8197021484375 421.26788330078125 220.43150329589844 1.6062092 1.6345295 0.5330329 -9.67006 2.2212412 34.516396 1.7546006441116333 0.3320103585720062
Car 0.0 0 2.0809783935546875 119.54051971435547 198.90989685058594 332.9301452636719 312.9920654296875 3.461606 1.454756 1.5497317 -6.0555573 1.9432125 11.757096 1.6053589582443237 0.971992015838623
Car 0.0 0 -1.813530683517456 699.23486328125 178.36376953125 825.705322265625 262.9414978027344 4.01094 1.5202188 1.6536826 3.0059645 1.652847 15.275685 -1.619232177734375 0.9702609181404114
Car 0.0 0 1.9259231090545654 286.12103271484375 193.14247131347656 417.8174743652344 268.93548583984375 4.040804 1.4894556 1.6525393 -6.054583 2.0336154 17.301636 1.589299201965332 0.9362093210220337
Car 0.0 0 1.7899266481399536 401.7613830566406 179.88841247558594 477.3432922363281 231.2762908935547 4.325598 1.6272534 1.704484 -5.981285 1.8985003 25.6115 1.560499668121338 0.8848182559013367
Car 0.0 0 1.6840555667877197 559.3804321289062 179.98345947265625 585.3247680664062 199.3419647216797 4.1879697 1.4662008 1.6346058 -3.0328326 2.0644073 58.362556 1.6321369409561157 0.594789445400238
Car 0.0 0 -1.2480946779251099 378.5141906738281 160.42105102539062 419.7916564941406 194.07763671875 4.722184 2.6202123 1.812169 -17.072113 1.6526471 58.56464 -1.5317434072494507 0.5555438995361328
Car 0.0 0 -2.1045281887054443 1071.904296875 150.392578125 1128.0643310546875 177.3092041015625 3.4624703 1.7932756 1.676994 33.75417 0.2971777 49.84801 -1.5093085765838623 0.3759831488132477
Car 0.0 0 1.7843977212905884 444.4874267578125 179.74998474121094 500.6102294921875 217.4948272705078 4.0947685 1.5458494 1.6412747 -6.1286745 1.8753946 32.37221 1.5972931385040283 0.3154677748680115
Car 0.0 0 -3.1942718029022217 690.8806762695312 176.60525512695312 747.61767578125 195.658203125 4.3863664 1.4801708 1.6243616 8.637627 1.7846433 57.47279 -3.045097589492798 0.28085434436798096
