Pedestrian 0.0 0 1.8474682569503784 140.4010009765625 169.92918395996094 165.53433227539062 215.53573608398438 0.8415518 1.9388663 0.71586245 -19.781822 1.8148822 31.177187 1.2820689678192139 0.4592549800872803
Pedestrian 0.0 0 1.7491390705108643 276.3692321777344 162.10601806640625 309.6332092285156 222.53555297851562 1.306165 1.8030233 0.7209005 -9.803969 1.4826958 22.245035 1.3340239524841309 0.27819499373435974
Pedestrian 0.0 0 1.3490493297576904 965.104736328125 151.14662170410156 993.0961303710938 212.17236328125 0.7905543 1.7450807 0.5664382 10.730648 1.1246985 21.083105 1.8198463916778564 0.12590698897838593
Cyclist 0.0 0 1.7491390705108643 276.3692321777344 162.10601806640625 309.6332092285156 222.53555297851562 1.306165 1.8030233 0.7209005 -9.803969 1.4826958 22.245035 1.3340239524841309 0.16725501418113708
Cyclist 0.0 0 -2.3987479209899902 147.00738525390625 184.3045654296875 185.8616485595703 220.91769409179688 1.6658742 1.8222266 0.6751091 -22.598072 2.4128726 36.70372 -2.9506235122680664 0.12841224670410156
Car 0.0 0 1.5296165943145752 571.0662841796875 171.1519317626953 610.2637939453125 207.15237426757812 4.2497168 1.668073 1.7470112 -1.0483271 1.5895659 35.61074 1.500186562538147 0.8094999194145203
Car 0.0 0 1.4797706604003906 548.123779296875 177.3779754638672 571.340576171875 196.87277221679688 4.2037463 1.5686222 1.5856091 -4.3230815 1.967016 61.278786 1.4093395471572876 0.2787103056907654
Car 0.0 0 1.7028425931930542 515.5494384765625 169.4708251953125 544.0133056640625 189.51846313476562 4.1954226 1.520617 1.6925211 -6.303921 1.2643597 56.841537 1.592390537261963 0.16857457160949707
Car 0.0 0 1.1901845932006836 748.8023071289062 180.59844970703125 798.5643310546875 207.8900909423828 4.1281 1.5730621 1.5971833 10.106044 2.0794559 44.979206 1.4111969470977783 0.15253031253814697
Car 0.0 0 1.281623363494873 780.1206665039062 184.3304443359375 834.6217651367188 215.34544372558594 4.0399103 1.4922334 1.6948185 10.355419 2.1336858 38.263214 1.5459282398223877 0.1407710611820221
Car 0.0 0 -1.6268200874328613 758.4805297851562 152.96701049804688 784.2442626953125 182.47523498535156 4.360028 2.2393942 1.739179 12.692572 0.73051786 57.04733 -1.4078941345214844 0.12318197637796402
