Pedestrian 0.0 0 0.36526015400886536 276.30169677734375 148.3019256591797 385.581298828125 304.9534606933594 1.1223541 1.8663098 0.58689195 -3.406537 1.4843911 8.716183 -0.007315292488783598 0.8813266158103943
Pedestrian 0.0 0 0.19840896129608154 629.6925659179688 173.69288635253906 685.946533203125 272.565185546875 0.93408346 1.7531717 0.5683409 0.9286284 1.6341133 12.930679 0.27010178565979004 0.1658507138490677
Pedestrian 0.0 0 1.6069902181625366 841.5346069335938 173.53665161132812 869.0684204101562 244.23728942871094 0.6751181 1.7355293 0.630414 6.2628665 1.5661938 17.7809 1.9456453323364258 0.15899540483951569
Pedestrian 0.0 0 1.181091070175171 966.4257202148438 168.7600860595703 1018.0755004882812 277.746826171875 0.5473301 1.7204154 0.567337 6.222068 1.5367503 11.458764 1.6785413026809692 0.11108683794736862
Pedestrian 0.0 0 -0.6479566097259521 1014.3156127929688 164.2614288330078 1074.3133544921875 268.9682312011719 0.60037583 1.6907398 0.6081908 7.2427816 1.430183 11.743291 -0.09530527889728546 0.1073601096868515
Cyclist 0.0 0 -1.9984683990478516 834.262451171875 133.05140686035156 897.0667114257812 242.7020263671875 1.6248283 1.8204829 0.4002433 4.552751 1.0343645 12.559658 -1.6507102251052856 0.16882893443107605
Cyclist 0.0 0 -3.5582334995269775 1091.640869140625 186.1022186279297 1224.0 370.0 1.5592033 1.6797512 0.62666124 5.4673457 1.7373486 6.533813 -2.8614661693573 0.16240109503269196
Cyclist 0.0 0 -1.9806554317474365 757.4910278320312 130.2361602783203 808.5520629882812 239.9392852783203 0.94716644 1.8545334 0.53591377 3.0787644 1.0064708 12.459348 -1.738403558731079 0.10461170971393585
Car 0.0 0 1.6554970741271973 0.8663703203201294 169.13002014160156 56.05360412597656 207.40261840820312 4.0282354 1.6211848 1.6046032 -26.08338 1.141045 32.061024 0.972545862197876 0.17127883434295654
Car 0.0 0 -0.06100252643227577 592.4337158203125 176.6563720703125 686.95166015625 214.0904998779297 3.794292 1.5000209 1.6847639 1.357499 1.3474977 29.197035 -0.014541573822498322 0.15649929642677307
