Pedestrian 0.0 0 -2.231027126312256 864.850341796875 164.68780517578125 899.743408203125 226.62503051757812 0.7841664 1.7039797 0.5531129 7.6090493 1.4796745 20.30431 -1.8724751472473145 0.7148340940475464
Pedestrian 0.0 0 -2.024448871612549 752.36376953125 170.6300506591797 771.6211547851562 206.36256408691406 0.8241291 1.608271 0.5541943 6.8952646 1.5085323 32.940037 -1.8181006908416748 0.622122585773468
Pedestrian 0.0 0 1.3010902404785156 899.1387939453125 165.36520385742188 927.808349609375 227.9234161376953 0.8967401 1.7064991 0.515841 8.422034 1.5025734 20.157019 1.6968648433685303 0.31267473101615906
Pedestrian 0.0 0 -1.7063006162643433 833.3074951171875 181.2298583984375 850.21875 220.60577392578125 0.76613414 1.6036382 0.56959 9.587648 1.9571247 29.990906 -1.396883249282837 0.2921125590801239
Pedestrian 0.0 0 -0.5182530879974365 1056.869140625 164.80870056152344 1070.478271484375 186.50814819335938 0.76291054 1.7492458 0.5456484 36.726513 1.1010514 58.451057 0.04273676872253418 0.2736656069755554
Cyclist 0.0 0 -1.9010719060897827 837.5389404296875 161.11932373046875 885.8284301757812 241.08279418945312 1.648202 1.7518177 0.53898126 5.7241135 1.4950953 16.628939 -1.5695501565933228 0.9056413173675537
Cyclist 0.0 0 -2.014112949371338 890.4506225585938 165.56417846679688 933.6369018554688 227.61927795410156 1.6323407 1.6750815 0.4606552 8.42774 1.4786621 20.300678 -1.6206183433532715 0.2297767549753189
Cyclist 0.0 0 -2.7051804065704346 992.9034423828125 161.00877380371094 1076.6131591796875 232.8890380859375 1.6896561 1.6457483 0.47751874 10.132359 1.3749018 17.347815 -2.176555633544922 0.19757366180419922
Car 0.0 0 -3.669463872909546 1108.58935546875 184.74725341796875 1188.730712890625 208.3780975341797 4.287753 1.5864086 1.5662068 37.601997 2.4356701 50.479942 -3.0292413234710693 0.345799058675766
Car 0.0 0 1.24225914478302 773.8242797851562 171.69717407226562 813.5552368164062 194.62843322753906 3.7660687 1.5690675 1.6022099 12.984802 1.49027 51.309834 1.490121841430664 0.2920377850532532
Car 0.0 0 2.1355879306793213 272.15533447265625 187.25596618652344 319.6377258300781 205.38827514648438 4.564663 1.4772189 1.7490984 -28.233156 2.8220718 64.966515 1.7256308794021606 0.17828412353992462
Car 0.0 0 1.3534948825836182 719.873291015625 177.55520629882812 751.113525390625 197.72915649414062 3.9573815 1.513154 1.6128933 9.859205 1.8984851 57.068874 1.5245660543441772 0.1727266013622284
