Pedestrian 0.0 0 -0.3277703523635864 421.4604797363281 164.09922790527344 449.8404541015625 209.36109924316406 0.9637896 1.7587335 0.55615836 -6.7220387 1.1229539 27.961262 -0.5636986494064331 0.6531131863594055
Pedestrian 0.0 0 -1.2816855907440186 132.34613037109375 152.54661560058594 150.69375610351562 188.22877502441406 0.6945735 1.9371585 0.6732872 -25.447895 0.42099097 38.809547 -1.8620660305023193 0.640610933303833
Pedestrian 0.0 0 3.0526812076568604 518.1876220703125 158.615966796875 539.6401977539062 199.7359619140625 0.8594902 1.749577 0.7129894 -3.3088305 0.81993186 30.512295 2.9446609020233154 0.6126030087471008
Pedestrian 0.0 0 -2.6558144092559814 284.2884216308594 178.69642639160156 307.6129150390625 218.2751007080078 0.7626325 1.7825391 0.64134216 -14.084736 1.7027718 32.186733 -3.0683040618896484 0.5161021947860718
Pedestrian 0.0 0 -0.13294973969459534 409.8003845214844 165.60858154296875 433.31646728515625 209.36276245117188 0.87366766 1.7970704 0.62501115 -7.676417 1.1869386 29.489357 -0.38760948181152344 0.2849379777908325
Pedestrian 0.0 0 -2.0802175998687744 910.3478393554688 152.51177978515625 931.0601196289062 188.1107177734375 0.8616066 1.870294 0.66966623 16.773973 0.40126395 37.601017 -1.660608172416687 0.2713957726955414
Cyclist 0.0 0 -3.0679619312286377 783.3739624023438 154.12757873535156 832.380126953125 199.87974548339844 1.7769992 1.7268523 0.6273764 7.804322 0.7329716 27.282583 -2.7893471717834473 0.9067716598510742
Cyclist 0.0 0 -0.20780231058597565 722.92578125 157.5769805908203 766.4976196289062 197.66896057128906 1.8217411 1.7759211 0.6285866 6.2245812 0.76198626 31.641209 -0.013558848761022091 0.855678141117096
Cyclist 0.0 0 -0.8238524198532104 313.3284606933594 169.66595458984375 362.8471374511719 222.53347778320312 1.7793674 1.8061316 0.595607 -9.475016 1.4375386 25.08655 -1.1849820613861084 0.7050020694732666
Cyclist 0.0 0 -0.4469468295574188 616.8817138671875 161.4322967529297 650.7012329101562 194.0035858154297 1.8008693 1.7867186 0.60191274 1.5977802 0.7421458 39.413074 -0.4064296782016754 0.6071617603302002
Cyclist 0.0 0 -2.0802175998687744 910.3478393554688 152.51177978515625 931.0601196289062 188.1107177734375 0.8616066 1.870294 0.66966623 16.773973 0.40126395 37.601017 -1.660608172416687 0.1735345870256424
Car 0.0 0 -1.4266928434371948 464.0213928222656 174.30300903320312 529.9163208007812 220.5170135498047 3.6718931 1.4051145 1.6366341 -3.5101945 1.218257 23.332708 -1.5760140419006348 0.9640008211135864
Car 0.0 0 -3.561185359954834 904.8320922851562 160.3411865234375 980.281982421875 187.6840362548828 3.4612424 1.4874308 1.5176847 18.693293 0.39220643 39.259487 -3.1168015003204346 0.5935996174812317
Car 0.0 0 2.577965259552002 989.6519165039062 150.73556518554688 1082.4215087890625 178.67054748535156 4.18764 1.5233921 1.66374 24.043238 -0.10316943 39.534782 3.124358892440796 0.5026145577430725
