Cyclist 0.0 0 2.1362199783325195 0.0 185.1156768798828 38.34634780883789 242.02818298339844 1.830045 1.7247249 0.5233199 -19.323296 2.135546 23.209892 1.4419466257095337 0.35788363218307495
Cyclist 0.0 0 -2.205631971359253 921.85986328125 163.87554931640625 956.5814208984375 205.9998016357422 1.6655282 1.7062696 0.4056958 13.666114 1.3429494 30.0803 -1.7791905403137207 0.3393780291080475
Cyclist 0.0 0 -2.015373945236206 818.9354858398438 160.71812438964844 844.490234375 199.76605224609375 1.7369822 1.8092645 0.45651355 10.493735 1.2473136 34.32196 -1.7186558246612549 0.30229827761650085
Car 0.0 0 2.0449302196502686 198.63294982910156 190.11358642578125 248.61688232421875 213.4199981689453 3.7233238 1.5302105 1.6612176 -27.82281 2.8199391 52.023956 1.553825855255127 0.7941529750823975
Car 0.0 0 1.8212251663208008 357.05352783203125 181.3912353515625 392.9258728027344 205.5484619140625 3.9117963 1.696248 1.6395352 -17.592976 2.3602583 54.08253 1.506723165512085 0.737372875213623
Car 0.0 0 2.0455124378204346 276.1553649902344 185.06570434570312 320.1061096191406 206.30245971679688 3.6132205 1.482151 1.5606287 -23.46305 2.433676 54.342793 1.6379297971725464 0.6696072816848755
Car 0.0 0 -1.6443976163864136 559.756591796875 174.6739959716797 582.8876953125 193.35601806640625 3.9578974 1.5019622 1.6438855 -3.2946744 1.6600877 60.476707 -1.698822259902954 0.6050135493278503
Car 0.0 0 2.0172958374023438 273.2170104980469 178.2845458984375 310.4044189453125 195.65408325195312 3.8937106 1.4869055 1.5338866 -28.621 1.991066 64.96584 1.6023244857788086 0.3658352196216583
Car 0.0 0 1.1340810060501099 898.7919311523438 179.58041381835938 960.4661254882812 209.47447204589844 3.9231474 1.5269637 1.5845982 17.478708 1.9160943 39.721916 1.5486103296279907 0.3635483682155609
Car 0.0 0 -1.2216596603393555 636.6099243164062 177.148681640625 746.6882934570312 243.65614318847656 3.6425009 1.4688829 1.6003325 2.1052785 1.5892711 18.176453 -1.106348991394043 0.27960628271102905
