Car 0.0 0 -1.704754114151001 719.5296020507812 183.49549865722656 808.783203125 258.1145324707031 3.5348477 1.5422885 1.5972592 3.5235314 1.8238435 17.246258 -1.5032206773757935 0.9635189771652222
Car 0.0 0 3.3853366374969482 321.7756652832031 181.99893188476562 481.6346130371094 233.73048400878906 4.2044783 1.4195904 1.5983682 -6.0072465 1.6969271 20.97838 3.106445550918579 0.9530697464942932
Car 0.0 0 0.48714375495910645 202.74307250976562 180.466064453125 447.58489990234375 275.08819580078125 4.1981 1.704482 1.6860999 -5.573934 1.8665049 14.244617 0.11415886878967285 0.8976397514343262
Car 0.0 0 -1.7440799474716187 698.8567504882812 177.94049072265625 773.332275390625 234.82571411132812 3.77084 1.5954043 1.635101 3.782783 1.7674575 22.46227 -1.5772393941879272 0.8712301254272461
Car 0.0 0 -2.923285484313965 402.9461364746094 180.91635131835938 509.8939208984375 224.3930206298828 3.587891 1.5315375 1.5862082 -5.632346 1.8373462 26.524122 -3.1325254440307617 0.8186127543449402
Car 0.0 0 -1.658669114112854 680.7714233398438 181.9069366455078 715.5439453125 213.10302734375 3.3280067 1.4287323 1.4126427 4.284281 1.8982685 35.70623 -1.5392531156539917 0.7850586175918579
Car 0.0 0 -2.4104080200195312 971.1990356445312 192.985107421875 1242.0 375.0 3.9178412 1.4756638 1.6293671 2.9476116 1.6011224 2.500373 -1.5431010723114014 0.7443541884422302
Car 0.0 0 0.15735167264938354 509.4346618652344 170.05262756347656 565.5484619140625 193.35006713867188 3.6762576 1.5911158 1.6202215 -5.0456696 1.4001509 50.188972 0.05715489387512207 0.48670247197151184
Car 0.0 0 -1.7312357425689697 759.971923828125 165.64138793945312 807.2628173828125 199.8682098388672 3.476731 1.4399003 1.5007666 7.6354594 1.1368281 32.14022 -1.4979923963546753 0.4708147346973419
Car 0.0 0 3.295530080795288 421.40692138671875 184.16946411132812 529.545654296875 222.67684936523438 4.026664 1.457565 1.6224461 -5.32671 1.9215578 28.690718 3.1119604110717773 0.4487811326980591
Car 0.0 0 0.3302757143974304 471.9048156738281 174.25660705566406 559.2304077148438 207.0233612060547 4.016205 1.577441 1.6193424 -4.729418 1.6501554 36.027252 0.19974875450134277 0.3982088565826416
