Pedestrian 0.0 0 1.082972526550293 841.1369018554688 132.2610321044922 901.4288330078125 253.68540954589844 0.7437396 1.8045373 0.59300965 3.9652221 1.2016263 11.131277 1.4251807928085327 0.6701359748840332
Pedestrian 0.0 0 -0.013059139251708984 1069.3782958984375 84.7684326171875 1131.678466796875 241.365478515625 0.61600107 1.8359418 0.5886605 5.964666 0.80358547 8.871431 0.578864574432373 0.36520564556121826
Pedestrian 0.0 0 -1.6954329013824463 787.8858032226562 130.1684112548828 824.673828125 213.8312530517578 0.68917364 1.7997059 0.6999935 4.2681026 0.8818364 15.907854 -1.4333046674728394 0.24911266565322876
Pedestrian 0.0 0 2.1429057121276855 943.3453369140625 154.1698455810547 993.31298828125 248.30052185058594 0.6018561 1.7109048 0.6112078 6.6647024 1.3716623 13.528748 2.600642204284668 0.24513877928256989
Cyclist 0.0 0 1.0042918920516968 838.0150756835938 137.3836669921875 903.7405395507812 259.98846435546875 0.8495187 1.82201 0.59403723 3.981673 1.2952489 11.200216 1.3458577394485474 0.1027330607175827
Car 0.0 0 -1.3982478380203247 493.0600891113281 182.9730682373047 580.4949340820312 244.2091522216797 4.2543707 1.3861895 1.5994297 -1.8752788 1.6869055 19.232841 -1.4954445362091064 0.934548556804657
Car 0.0 0 -1.4847155809402466 546.2481079101562 180.10357666015625 595.5068969726562 219.42237854003906 3.8094966 1.3765497 1.5799109 -1.4915841 1.6766373 27.899324 -1.5381277799606323 0.9062292575836182
Car 0.0 0 -1.666790246963501 687.697265625 173.20452880859375 731.289794921875 208.25428771972656 3.6556602 1.4861611 1.5890217 4.3837304 1.5032039 32.48543 -1.5326560735702515 0.8131186962127686
Car 0.0 0 -1.7252540588378906 707.48974609375 176.33062744140625 789.2426147460938 234.6639862060547 4.0549755 1.4583437 1.6264782 3.7354164 1.5665396 20.32895 -1.5435324907302856 0.8035312294960022
Car 0.0 0 -2.2370762825012207 913.5901489257812 146.48902893066406 1242.0 375.0 3.926682 1.484054 1.5866158 3.4342687 1.3946754 4.4210443 -1.5766422748565674 0.7793189883232117
Car 0.0 0 1.6202607154846191 670.47607421875 168.97048950195312 695.9681396484375 193.01309204101562 3.907427 1.5966914 1.5670279 5.0734153 1.3391412 49.96444 1.721454381942749 0.3212587237358093
