Pedestrian 0.0 0 1.7680474519729614 458.0572204589844 173.1454620361328 490.55181884765625 244.84597778320312 1.0989486 1.8119521 0.63099915 -3.5699825 1.820124 18.788248 1.5802744626998901 0.3096815049648285
Pedestrian 0.0 0 -0.20829975605010986 825.1104736328125 169.453125 889.2542724609375 296.480712890625 0.7346883 1.7518194 0.71406573 3.4736955 1.7052763 10.344917 0.11565804481506348 0.1483248621225357
Pedestrian 0.0 0 1.6845972537994385 438.5105895996094 164.8488311767578 474.73870849609375 243.96385192871094 0.98568195 1.8249218 0.73856926 -3.6859245 1.640627 17.16725 1.4731013774871826 0.13351750373840332
Pedestrian 0.0 0 1.738370656967163 704.5311279296875 169.39028930664062 716.2418823242188 209.49200439453125 0.27216464 1.900054 0.51498336 4.746792 1.7362987 34.3914 1.8755266666412354 0.11559055000543594
Pedestrian 0.0 0 -1.5412161350250244 698.810791015625 167.48648071289062 711.83447265625 202.54864501953125 0.95128804 1.8004333 0.6457804 4.9304967 1.5251703 37.569054 -1.4107236862182617 0.11421750485897064
Cyclist 0.0 0 1.8199571371078491 263.69036865234375 165.7023162841797 346.27484130859375 313.39141845703125 1.8349905 1.7051046 0.54367304 -3.9221525 1.6228946 9.275506 1.4199085235595703 0.2258000671863556
Cyclist 0.0 0 1.9931566715240479 473.8787841796875 190.24224853515625 520.2316284179688 261.37713623046875 1.7253008 1.723264 0.5373493 -2.9704423 2.199015 18.821081 1.8366225957870483 0.19137948751449585
Car 0.0 0 1.4501445293426514 659.8036499023438 185.1153106689453 699.9539794921875 217.44921875 3.8116517 1.5281643 1.6186419 3.541338 2.198323 37.48626 1.5443352460861206 0.8451297879219055
Car 0.0 0 0.5663840770721436 0.0 192.63037109375 332.7518005371094 329.9313659667969 3.7235277 1.4823731 1.6419388 -5.6312137 1.7477907 8.84602 -0.0005003027617931366 0.3480558395385742
Car 0.0 0 1.7712031602859497 669.570068359375 174.90457153320312 695.6051635742188 192.20278930664062 3.9536016 1.4849081 1.5635507 6.504308 1.6747651 64.55748 1.8716164827346802 0.24370282888412476
Car 0.0 0 -1.7369619607925415 760.7886962890625 179.4652557373047 901.2815551757812 316.83551025390625 3.7728977 1.8869474 1.5776074 3.4518495 2.0158255 12.060542 -1.458203911781311 0.19002515077590942
Car 0.0 0 1.711512565612793 497.513671875 176.00357055664062 573.2998046875 234.80157470703125 4.257632 1.495622 1.5763376 -2.0816813 1.5959538 20.741154 1.6114827394485474 0.14340296387672424
