Pedestrian 0.0 0 1.8156652450561523 696.7372436523438 152.80979919433594 717.49658203125 198.5717315673828 0.86936635 1.8323138 0.6484958 3.921257 1.030099 29.411299 1.9482084512710571 0.30999577045440674
Pedestrian 0.0 0 1.4318056106567383 441.9329833984375 172.2593231201172 461.6841735839844 218.84295654296875 0.83768743 1.7973686 0.64658076 -6.260763 1.774782 28.342165 1.2143977880477905 0.22425806522369385
Pedestrian 0.0 0 -1.0151902437210083 754.5676879882812 144.87442016601562 797.283203125 221.9921875 0.7986083 1.776036 0.6689885 3.8927495 1.1320193 17.13355 -0.7917823791503906 0.18729573488235474
Pedestrian 0.0 0 2.525027275085449 1020.5342407226562 92.65106964111328 1134.129638671875 246.4830780029297 1.04996 1.8324114 0.552562 5.687487 0.8774105 8.89298 3.094019889831543 0.16541562974452972
Cyclist 0.0 0 1.600008487701416 698.7473754882812 151.60594177246094 714.9236450195312 197.2952880859375 0.97023153 1.8330666 0.62860334 3.9190557 0.9809481 29.474821 1.7321959733963013 0.12454567849636078
Car 0.0 0 1.9202179908752441 217.8258056640625 195.01101684570312 442.0979309082031 332.9941101074219 4.21468 1.5028491 1.6694335 -3.8573797 1.8948385 10.641889 1.5724763870239258 0.9732930064201355
Car 0.0 0 1.7491650581359863 466.49749755859375 179.4188995361328 535.9488525390625 226.54510498046875 4.223564 1.5097954 1.7328175 -3.840697 1.7647892 25.84638 1.6016473770141602 0.9309554696083069
Car 0.0 0 -1.6463502645492554 633.5338134765625 173.61802673339844 694.7572021484375 227.06878662109375 3.364661 1.4875522 1.5770884 1.5194095 1.5127974 21.81316 -1.576806902885437 0.9119224548339844
Car 0.0 0 0.90769362449646 1023.2921142578125 127.31993103027344 1242.0 375.0 4.0117917 1.4961034 1.6088679 3.979983 1.376573 3.9856696 1.6923779249191284 0.22582578659057617
Car 0.0 0 -2.721689462661743 391.3555908203125 175.63427734375 486.7320251464844 213.7010955810547 3.8748152 1.6596376 1.6752275 -7.78384 1.7909935 32.810833 -2.9546172618865967 0.22316856682300568
Car 0.0 0 1.7231730222702026 540.5104370117188 172.92503356933594 576.8580322265625 198.9895477294922 4.3823023 1.6210606 1.7242953 -3.3305693 1.6262814 47.13929 1.6526364088058472 0.1607835739850998
