Car 0.0 0 1.9958559274673462 184.647705078125 196.4967803955078 359.4839782714844 291.92803955078125 3.6670656 1.4510434 1.6164345 -6.2531857 1.9610028 13.713679 1.568038821220398 0.9762600064277649
Car 0.0 0 -1.7073965072631836 675.6241455078125 180.29104614257812 754.9651489257812 242.99868774414062 4.0681458 1.5610864 1.6585159 2.8294163 1.793505 20.476974 -1.570090413093567 0.9734364151954651
Car 0.0 0 2.5811939239501953 912.2490844726562 157.04708862304688 1222.1865234375 252.0327911376953 4.608919 1.6341661 1.76727 8.200812 1.3625765 13.313603 3.133275270462036 0.9226250052452087
Car 0.0 0 -1.3413788080215454 390.0246887207031 185.53707885742188 464.7143859863281 235.6801300048828 4.0394387 1.5171889 1.6160433 -6.2400594 1.9908316 24.889763 -1.5870236158370972 0.9134975671768188
Car 0.0 0 2.3832242488861084 0.0 220.8631591796875 250.14926147460938 375.0 3.8999608 1.4266279 1.5887289 -3.840205 1.8200383 3.9257245 1.6088378429412842 0.7977650761604309
Car 0.0 0 2.767869472503662 790.7379760742188 157.375 955.6504516601562 215.21299743652344 4.5466495 1.7393095 1.7068415 8.114273 1.2741818 22.614893 3.1123642921447754 0.777428388595581
Car 0.0 0 2.6521074771881104 863.1541137695312 149.60939025878906 1081.44189453125 226.64260864257812 4.144551 1.6614171 1.7025064 8.106288 1.1604458 16.476719 3.1093220710754395 0.7171065807342529
Car 0.0 0 1.7679784297943115 463.1777648925781 184.24208068847656 509.7684326171875 216.58544921875 3.894055 1.4645872 1.5604024 -6.1435895 2.0646331 36.024624 1.599064826965332 0.7121602296829224
Car 0.0 0 -0.8102476000785828 1171.375 146.19049072265625 1242.0 189.3708038330078 4.2076135 1.4831938 1.6550831 22.690369 0.56769115 25.791958 -0.08873600512742996 0.6952340602874756
Car 0.0 0 -3.2766213417053223 711.0869750976562 166.36669921875 772.851806640625 189.83863830566406 3.8806376 1.541195 1.607706 8.759503 1.1155885 48.263668 -3.0970828533172607 0.519127368927002
