Pedestrian 0.0 0 1.3413392305374146 849.7025146484375 155.37156677246094 872.5885620117188 204.34400939941406 0.9026148 1.8891357 0.6585179 9.805971 1.2151005 28.313944 1.6747409105300903 0.17749139666557312
Pedestrian 0.0 0 -2.5741147994995117 179.169921875 175.995361328125 196.52328491210938 206.20594787597656 0.68988013 1.7744404 0.5689308 -25.036037 1.9621661 42.73634 -3.1040468215942383 0.15962925553321838
Pedestrian 0.0 0 2.593918561935425 812.2598876953125 183.7626190185547 858.4920043945312 262.6519470214844 0.84430754 1.6270286 0.4092017 4.715053 1.862762 15.263896 2.8935225009918213 0.15251854062080383
Pedestrian 0.0 0 1.7733603715896606 941.18896484375 157.59201049804688 980.9053344726562 231.0596160888672 0.96608716 1.7931494 0.72369695 8.81753 1.4210029 18.211586 2.2242650985717773 0.12686339020729065
Pedestrian 0.0 0 1.33916437625885 887.5307006835938 168.130859375 914.134521484375 222.5978546142578 0.77507794 1.6501968 0.59850883 8.929712 1.5074569 22.285593 1.7202692031860352 0.12331618368625641
Cyclist 0.0 0 -1.8089619874954224 810.6702880859375 169.1004180908203 827.455810546875 206.5178680419922 1.6109895 1.6659019 0.36318287 9.494151 1.4991426 32.93409 -1.528294324874878 0.13807392120361328
Car 0.0 0 -1.6925678253173828 693.2715454101562 182.12213134765625 733.0828857421875 212.9839324951172 3.7239897 1.4679936 1.5876336 5.24836 1.9718714 37.32107 -1.552856683731079 0.18400704860687256
Car 0.0 0 1.5771499872207642 419.2461853027344 182.2862548828125 440.11578369140625 201.79867553710938 3.9800708 1.5272561 1.6482213 -15.168356 2.3484347 60.65899 1.3321152925491333 0.13992486894130707
Car 0.0 0 -1.7364120483398438 644.5430297851562 172.4347686767578 671.1669311523438 191.9650421142578 3.6534128 1.5331824 1.5691458 3.8263333 1.5006284 58.53612 -1.671137809753418 0.13282956182956696
Car 0.0 0 1.7060304880142212 268.81658935546875 194.3536834716797 308.0715637207031 221.90338134765625 4.2731733 1.5448744 1.7429081 -20.619844 2.9943542 46.33531 1.287330985069275 0.12346567958593369
