Car 0.0 0 -1.8557507991790771 712.7412109375 187.94410705566406 852.258544921875 282.2467956542969 3.3191774 1.4101801 1.5386728 2.9108567 1.7189816 13.039294 -1.6361147165298462 0.9716808199882507
Car 0.0 0 3.3596439361572266 245.4845428466797 173.89215087890625 426.5585632324219 245.3034210205078 3.8924017 1.644606 1.6733084 -6.6508064 1.672087 17.747276 3.001091718673706 0.9523752927780151
Car 0.0 0 -0.27772337198257446 790.7305297851562 189.45095825195312 936.9325561523438 242.5240478515625 3.6234345 1.4007015 1.5316516 7.0581393 1.8912475 20.443993 0.05470705032348633 0.8725190758705139
Car 0.0 0 -2.479588031768799 0.0 174.7483367919922 256.06439208984375 324.2351379394531 3.638037 1.5048212 1.604003 -6.23753 1.5285649 8.092998 -3.136225938796997 0.8462517857551575
Car 0.0 0 0.9011276364326477 0.0 216.03839111328125 168.35983276367188 375.0 4.0919642 1.4325027 1.5978802 -6.084826 1.83828 5.7897797 0.09088778495788574 0.8238908052444458
Car 0.0 0 0.5369620323181152 2.161128282546997 179.16297912597656 357.6292419433594 297.7586364746094 4.2293096 1.5824465 1.650937 -6.151621 1.6825585 10.560347 0.00949406623840332 0.8016357421875
Car 0.0 0 3.149468421936035 455.7352294921875 171.40133666992188 537.9823608398438 205.32504272460938 4.5950313 1.9022866 1.7972593 -6.545565 1.821186 41.685146 2.993716239929199 0.6933255195617676
Car 0.0 0 0.16187530755996704 435.1319274902344 176.00344848632812 518.139404296875 210.20547485351562 3.9043844 1.6819804 1.7707516 -6.745359 1.8460423 36.576492 -0.02049354463815689 0.6483801603317261
Car 0.0 0 2.9034180641174316 697.031982421875 174.12225341796875 813.7230224609375 218.2370147705078 4.597008 1.8250238 1.8291224 6.1229033 1.8815086 30.917143 3.098930597305298 0.6415172815322876
Car 0.0 0 0.40746787190437317 142.5126190185547 170.4043731689453 396.02337646484375 269.8379821777344 3.775625 1.6617751 1.6094751 -6.000393 1.6211939 12.912314 -0.027545683085918427 0.6296625137329102
