Pedestrian 0.0 0 1.278639316558838 586.7015991210938 146.87478637695312 611.63916015625 198.44960021972656 0.90495074 1.9400668 0.72520864 -0.46398282 0.96317625 27.68031 1.2618787288665771 0.6259061098098755
Pedestrian 0.0 0 2.5711607933044434 1012.2345581054688 158.2188262939453 1113.9246826171875 297.508056640625 1.032709 1.8384013 0.5591078 6.087305 1.6455976 9.807673 3.126638650894165 0.304403156042099
Pedestrian 0.0 0 1.4775376319885254 914.5926513671875 153.57203674316406 949.5442504882812 237.71002197265625 0.6403177 1.6963314 0.6017541 6.6110983 1.3079399 14.943547 1.8940575122833252 0.1748424619436264
Pedestrian 0.0 0 2.512073516845703 1052.0975341796875 168.08688354492188 1167.279541015625 316.7637634277344 1.0494713 1.7686971 0.53709143 6.0663643 1.712344 8.864694 3.1122043132781982 0.1707122027873993
Pedestrian 0.0 0 1.5805467367172241 943.50537109375 182.9932861328125 977.5167236328125 279.8721923828125 1.3059739 1.5612105 0.50380594 6.0075283 1.7466037 12.467808 2.0295636653900146 0.15512023866176605
Pedestrian 0.0 0 1.2397537231445312 986.01513671875 170.21690368652344 1042.2496337890625 284.4887390136719 0.5537749 1.7576894 0.6294095 6.3340282 1.7174841 11.423208 1.7460358142852783 0.1522078663110733
Pedestrian 0.0 0 -1.9710116386413574 1036.84033203125 139.077392578125 1087.1680908203125 229.00477600097656 0.8229896 1.8473159 0.63017875 9.504176 1.1538243 15.274847 -1.414420485496521 0.14405272901058197
Cyclist 0.0 0 1.5805467367172241 943.50537109375 182.9932861328125 977.5167236328125 279.8721923828125 1.3059739 1.5612105 0.50380594 6.0075283 1.7466037 12.467808 2.0295636653900146 0.22891953587532043
Car 0.0 0 -1.8923845291137695 735.4948120117188 181.08914184570312 974.703125 327.4544372558594 4.2275147 1.4793739 1.6538931 2.885776 1.6145365 9.66961 -1.6023616790771484 0.972413182258606
Car 0.0 0 2.1437289714813232 323.4091491699219 155.29678344726562 400.04425048828125 195.7310028076172 3.7436216 1.9077054 1.8973235 -12.37071 1.0797057 36.084667 1.8134607076644897 0.21942289173603058
Car 0.0 0 -0.8090078234672546 1166.72509765625 135.06417846679688 1242.0 194.82090759277344 3.7911108 1.5542958 1.6237849 17.636183 0.5717258 19.724504 -0.07944781333208084 0.187956765294075
Car 0.0 0 1.130847692489624 790.9142456054688 176.87326049804688 928.2086791992188 240.5125274658203 4.4440775 1.4866545 1.7312542 6.481135 1.6082506 19.453165 1.452447772026062 0.18505121767520905
Car 0.0 0 2.7325174808502197 795.8038940429688 186.0792694091797 889.9852294921875 217.7733917236328 4.149651 1.489117 1.5829879 11.453776 2.1624024 35.71827 3.04282808303833 0.12809622287750244
