Pedestrian 0.0 0 1.0087589025497437 27.434932708740234 169.03309631347656 89.24999237060547 277.8999328613281 0.64241475 1.5853202 0.4661274 -8.33398 1.5300379 10.834047 0.3530576229095459 0.3935503661632538
Pedestrian 0.0 0 -0.7755689024925232 1184.989501953125 149.06845092773438 1242.0 271.3490295410156 0.58584446 1.6868253 0.46489087 8.557766 1.3590682 10.205152 -0.07774622738361359 0.30452293157577515
Pedestrian 0.0 0 2.3291869163513184 1202.625732421875 123.53478240966797 1242.0 229.63088989257812 0.657579 1.6868337 0.4790941 10.112492 0.9030597 11.740654 3.040217876434326 0.24932275712490082
Pedestrian 0.0 0 -3.658470392227173 1053.5595703125 133.6752166748047 1112.5908203125 240.5458526611328 0.63370794 1.7053878 0.51597756 7.6663938 1.0805502 11.787642 -3.081831216812134 0.23104596138000488
Pedestrian 0.0 0 -2.0016839504241943 1163.90673828125 167.61376953125 1213.32373046875 251.41336059570312 0.4592258 1.8075192 0.7216987 12.668007 1.6948477 15.870123 -1.3280231952667236 0.21615701913833618
Pedestrian 0.0 0 -1.46240234375 1046.2568359375 145.86782836914062 1066.46533203125 186.84957885742188 0.5845347 1.7276611 0.67616224 19.047638 0.59036756 30.853308 -0.9093148708343506 0.16461414098739624
Cyclist 0.0 0 -0.36622264981269836 735.4041748046875 189.4950714111328 766.977783203125 221.3821258544922 1.6673963 1.8167516 0.70172596 8.20164 2.7996109 42.107582 -0.1738530397415161 0.18910691142082214
Cyclist 0.0 0 -2.4074230194091797 765.7210083007812 191.40443420410156 800.2648315429688 227.89401245117188 1.7301396 1.802053 0.6839253 8.932277 2.7888434 37.458977 -2.173339366912842 0.18223324418067932
Car 0.0 0 -3.3301501274108887 931.62890625 185.747802734375 1072.04736328125 236.0537872314453 3.6324875 1.4397687 1.5277237 12.088996 1.8662301 22.57075 -2.838426351547241 0.42375969886779785
Car 0.0 0 -2.271991491317749 641.8832397460938 193.96401977539062 683.91015625 214.4683074951172 3.4292696 1.5489699 1.683217 4.369001 3.3675194 60.261135 -2.1996169090270996 0.3527643382549286
Car 0.0 0 0.5144894123077393 370.4750671386719 201.6409454345703 442.379150390625 232.93190002441406 3.537051 1.6091832 1.6513284 -11.463372 3.2770169 40.571087 0.23911738395690918 0.1746605634689331
Car 0.0 0 -3.247063636779785 1146.1705322265625 151.5936737060547 1242.0 230.04168701171875 4.082628 1.5173655 1.6416401 14.260856 1.1064998 15.817265 -2.5133650302886963 0.16901707649230957
