Car 0.0 0 2.0865867137908936 58.57872009277344 204.7776336669922 307.97235107421875 337.0528564453125 3.5889778 1.4366072 1.5081489 -5.951448 1.9808004 10.494454 1.5707066059112549 0.9618314504623413
Car 0.0 0 1.9217735528945923 269.71417236328125 196.27308654785156 408.14959716796875 275.46026611328125 4.142537 1.4415113 1.6005812 -6.024185 2.0424385 16.429026 1.5703175067901611 0.9596299529075623
Car 0.0 0 -1.7920215129852295 690.9832153320312 176.71351623535156 791.494384765625 242.34165954589844 4.0864477 1.4537089 1.613649 3.142319 1.5631396 18.306538 -1.622028112411499 0.956121563911438
Car 0.0 0 1.8516826629638672 388.4220275878906 190.3695526123047 473.8781433105469 240.2119140625 4.32263 1.4007906 1.6163338 -5.8712363 2.0372784 24.0094 1.6118502616882324 0.945147693157196
Car 0.0 0 -1.7344619035720825 674.888916015625 173.51763916015625 744.4911499023438 227.07154846191406 3.9703434 1.6131778 1.6251774 3.1477818 1.63727 23.791838 -1.6029207706451416 0.9205278158187866
Car 0.0 0 2.4595935344696045 1007.0433959960938 133.62741088867188 1242.0 229.80490112304688 3.6611893 1.5377215 1.6059359 9.049142 0.9109099 12.431917 3.0887973308563232 0.8926941156387329
Car 0.0 0 1.7977395057678223 439.53668212890625 187.38528442382812 497.5843200683594 226.79306030273438 3.8973398 1.4477279 1.5239892 -5.832619 2.090741 29.933905 1.605300784111023 0.835957944393158
Car 0.0 0 1.7803248167037964 481.88861083984375 184.5157470703125 527.344482421875 214.60189819335938 4.077562 1.4722588 1.6192917 -5.67167 2.1368995 39.01072 1.635948896408081 0.8348010778427124
Car 0.0 0 2.5155882835388184 886.66357421875 153.56814575195312 1079.1375732421875 218.96881103515625 3.9562304 1.479607 1.5764908 8.883199 1.0436474 17.403568 2.9875402450561523 0.813086986541748
Car 0.0 0 2.3772215843200684 0.0 223.12759399414062 137.20339965820312 375.0 3.8571224 1.4576083 1.6071236 -5.986478 2.0021791 5.8704467 1.5820376873016357 0.7975171804428101
Car 0.0 0 2.565882921218872 963.6982421875 142.74075317382812 1182.2864990234375 220.31332397460938 3.5088024 1.5050114 1.5256284 9.323796 0.92113197 14.781551 3.128622531890869 0.7919268012046814
Car 0.0 0 1.419481635093689 657.9596557617188 177.96414184570312 701.857421875 211.00332641601562 3.5971038 1.4300461 1.5007118 3.1665106 1.6816602 33.63524 1.5133476257324219 0.775592029094696
Car 0.0 0 2.65493106842041 824.4141845703125 158.68850708007812 996.7279663085938 216.11550903320312 4.1438155 1.5169685 1.6347636 8.241524 1.1431367 20.071386 3.044550895690918 0.7412900924682617
