Car 0.0 0 -1.8323345184326172 710.99267578125 187.2119903564453 876.1134643554688 298.41217041015625 3.8048317 1.4387103 1.608076 2.7249923 1.7114941 11.759056 -1.6046183109283447 0.9825022220611572
Car 0.0 0 -1.6861088275909424 661.7723999023438 176.96437072753906 730.1845703125 235.57936096191406 3.9432652 1.6581372 1.6660565 2.5610468 1.7988386 22.659332 -1.573562502861023 0.9561264514923096
Car 0.0 0 0.6385494470596313 0.0 182.8125 325.3758239746094 303.030517578125 4.258858 1.5064721 1.7005484 -6.5367236 1.6613351 10.197752 0.06852960586547852 0.9477903246879578
Car 0.0 0 3.5168650150299072 192.0493621826172 164.04786682128906 414.46978759765625 246.77687072753906 3.9522998 1.633232 1.6758881 -6.3450584 1.4597398 15.123 3.119608163833618 0.8882541060447693
Car 0.0 0 3.362485647201538 331.638427734375 179.15399169921875 477.6438293457031 231.19203186035156 4.1925263 1.5654358 1.6377639 -6.458731 1.7735544 22.860313 3.087132215499878 0.7691144943237305
Car 0.0 0 3.366475820541382 303.9777526855469 190.6781768798828 460.2751770019531 247.04769897460938 3.8853486 1.4453171 1.5472901 -6.26657 1.9627697 20.005741 3.062918186187744 0.6705712676048279
Car 0.0 0 -1.6306734085083008 654.9923095703125 183.61534118652344 703.5507202148438 226.3065185546875 4.245408 1.5082796 1.6541389 2.6429605 1.9690585 28.720076 -1.5389070510864258 0.6655813455581665
Car 0.0 0 3.3068747520446777 393.32763671875 179.8760528564453 493.072509765625 218.89544677734375 4.0452995 1.6430111 1.708263 -7.303407 1.9614675 31.706816 3.080481767654419 0.5091591477394104
Car 0.0 0 -1.7608063220977783 637.0722045898438 176.90509033203125 681.5853271484375 210.2672119140625 3.7718654 1.6333143 1.63171 2.4912062 1.8568403 37.77315 -1.694949984550476 0.4865920841693878
Car 0.0 0 3.438815116882324 244.88137817382812 195.4656524658203 434.5318603515625 260.43585205078125 4.0384603 1.4428592 1.5560646 -6.502057 2.0208642 17.536518 3.0837559700012207 0.45910245180130005
