Cyclist 0.0 0 3.533618450164795 174.2865447998047 160.2926025390625 226.14967346191406 204.58168029785156 1.7385587 1.8005068 0.6691999 -16.838015 0.78842676 29.660044 3.017287492752075 0.42796286940574646
Car 0.0 0 -1.2548171281814575 277.5464172363281 190.50408935546875 430.58880615234375 281.4506530761719 3.65088 1.3879056 1.5281171 -4.4488997 1.4983178 13.015414 -1.584184169769287 0.9634972810745239
Car 0.0 0 -0.9083965420722961 0.0 190.4639129638672 202.151123046875 305.9690856933594 4.2052383 1.449104 1.6156424 -8.469331 1.5484184 11.325963 -1.5504754781723022 0.9214910864830017
Car 0.0 0 -1.3501217365264893 379.77227783203125 180.70208740234375 465.7692565917969 235.46299743652344 3.9112055 1.4535836 1.6144288 -5.3442826 1.3349049 21.055017 -1.5986968278884888 0.8896090984344482
Car 0.0 0 -1.5462079048156738 573.514892578125 176.01397705078125 611.2318115234375 210.21090698242188 3.36806 1.5163392 1.6726935 -0.71147794 1.1094538 33.558132 -1.5674060583114624 0.8848151564598083
Car 0.0 0 2.400266647338867 0.0 212.4887237548828 159.60946655273438 376.0 4.044829 1.4819429 1.6478281 -4.541161 1.7095491 3.919981 1.5415844917297363 0.7141226530075073
Car 0.0 0 -1.187129259109497 243.75015258789062 184.24551391601562 351.98895263671875 238.39100646972656 3.8418856 1.4448278 1.5882012 -9.001249 1.4200706 21.114212 -1.5901108980178833 0.6730177998542786
Car 0.0 0 1.9164719581604004 248.53976440429688 176.93826293945312 283.9458312988281 194.0304718017578 4.1474395 1.4941698 1.5803692 -30.827778 0.77170277 64.97801 1.4734854698181152 0.47286248207092285
Car 0.0 0 -1.6166566610336304 512.345947265625 176.4649200439453 539.5709228515625 199.80325317382812 4.020543 1.5008892 1.6290553 -5.55819 0.93925756 48.34039 -1.7311341762542725 0.40106499195098877
Car 0.0 0 -1.255514144897461 376.4319152832031 173.93223571777344 440.26715087890625 210.66900634765625 3.6503592 1.4821694 1.5860386 -8.517478 1.0280625 30.858639 -1.5248247385025024 0.31860676407814026
