Pedestrian 0.0 0 -2.023635149002075 960.9983520507812 166.3947296142578 993.8837890625 221.33470153808594 0.99548167 1.7140256 0.55303234 11.661974 1.5128666 23.010069 -1.5545459985733032 0.30944162607192993
Pedestrian 0.0 0 -1.280267357826233 910.7374267578125 147.93704223632812 934.1074829101562 194.08135986328125 0.86320144 1.7757847 0.6207132 12.21214 0.81725633 28.294518 -0.8728129863739014 0.2550124228000641
Pedestrian 0.0 0 0.9355254769325256 1195.7601318359375 118.5146255493164 1242.0 231.61288452148438 0.7664173 1.776911 0.57992625 10.0667 0.9235313 11.736999 1.644466757774353 0.23207271099090576
Pedestrian 0.0 0 1.3540080785751343 920.1155395507812 145.40176391601562 958.9384155273438 214.22042846679688 1.329857 1.790683 0.68001455 8.836322 1.0767255 19.492857 1.7796118259429932 0.1384178102016449
Pedestrian 0.0 0 -0.6486936807632446 1188.6776123046875 111.80225372314453 1242.0 225.9014892578125 0.56399477 1.6565111 0.433821 8.989039 0.7705097 10.703352 0.04986882209777832 0.1319846361875534
Pedestrian 0.0 0 -1.6362578868865967 868.158935546875 154.2635040283203 883.1792602539062 192.72125244140625 0.7227033 1.8139002 0.62614363 12.647418 0.937418 34.464382 -1.2845450639724731 0.12880536913871765
Cyclist 0.0 0 -2.035202980041504 906.9397583007812 148.88961791992188 934.4051513671875 194.8314971923828 1.0291938 1.7693256 0.59007645 12.1414175 0.84676105 28.316498 -1.6301389932632446 0.12873855233192444
Car 0.0 0 1.8441293239593506 408.9197998046875 181.5951690673828 445.6346435546875 203.7893524169922 3.9426286 1.520184 1.6099331 -13.394937 2.186516 52.97868 1.5964829921722412 0.6235191226005554
Car 0.0 0 1.4642947912216187 647.7305297851562 172.7003631591797 691.8345336914062 209.81077575683594 3.9215336 1.6170318 1.6149523 2.6704443 1.6106952 33.41886 1.5440336465835571 0.2993556559085846
Car 0.0 0 2.0456016063690186 246.1990509033203 181.92056274414062 289.4289855957031 203.9347686767578 4.1004558 1.7705044 1.6557674 -29.277515 2.573704 61.813343 1.6032602787017822 0.12988726794719696
Car 0.0 0 1.0900007486343384 931.8336181640625 163.04995727539062 1049.0882568359375 223.30357360839844 3.3038268 1.4849898 1.4071954 10.066764 1.2437207 19.433935 1.567943811416626 0.11185687780380249
