Pedestrian 0.0 0 0.23813670873641968 397.1613464355469 175.35830688476562 437.4952697753906 257.5352783203125 0.7541695 1.8053042 0.60360646 -4.362145 1.8629044 16.17854 -0.025225937366485596 0.7301663160324097
Car 0.0 0 -1.7628356218338013 657.50341796875 175.3025360107422 754.580078125 248.15773010253906 3.8204625 1.624069 1.6924124 2.246927 1.6927873 18.17767 -1.6398502588272095 0.9646596312522888
Car 0.0 0 -1.3512539863586426 288.50567626953125 180.51187133789062 423.4574890136719 283.90350341796875 3.454476 1.5127056 1.4875044 -4.3275323 1.666117 12.619326 -1.6816155910491943 0.8031278252601624
Car 0.0 0 -1.6690250635147095 595.3401489257812 177.65220642089844 620.0367431640625 197.76515197753906 3.4502406 1.4786618 1.5704888 -0.23226458 1.861365 55.696674 -1.673195242881775 0.7282345294952393
Car 0.0 0 3.414123058319092 249.0052032470703 180.9086456298828 437.5387268066406 256.3164978027344 3.8028352 1.6295787 1.6675189 -6.1247926 1.8281784 16.777332 3.0640921592712402 0.6694126725196838
Car 0.0 0 3.4778361320495605 252.2716064453125 177.97177124023438 412.8894958496094 237.22808837890625 3.7283194 1.5141186 1.5601983 -7.4196873 1.6580918 19.411531 3.112741231918335 0.637759804725647
Car 0.0 0 3.3917222023010254 294.24688720703125 175.71588134765625 432.4682312011719 228.37142944335938 3.7001803 1.5284803 1.6304804 -7.4766498 1.619908 22.001835 3.064145565032959 0.6121749877929688
Car 0.0 0 3.7183713912963867 0.0 206.5026397705078 79.99240112304688 375.0 4.1522565 1.4792072 1.5841458 -6.4791307 1.7795973 4.996797 2.8045156002044678 0.5473390221595764
Car 0.0 0 0.2699052095413208 395.7353515625 175.0896453857422 475.11431884765625 210.00328063964844 3.3514946 1.6070648 1.5923828 -8.265928 1.7159355 34.16863 0.03254961967468262 0.5334250330924988
Car 0.0 0 3.3628337383270264 337.66033935546875 185.93893432617188 476.8373718261719 232.3852081298828 4.3015647 1.4869777 1.6739161 -6.860098 1.9502025 24.575464 3.090618848800659 0.5118889212608337
