Car 0.0 0 -0.3465157151222229 717.6898803710938 179.23501586914062 905.8153686523438 252.84898376464844 3.6181467 1.4926257 1.6137266 4.2673855 1.6406665 15.744535 -0.08183559775352478 0.9564397931098938
Car 0.0 0 3.3300271034240723 231.3923797607422 166.55636596679688 385.9470520019531 224.84271240234375 4.019383 1.6438723 1.6884396 -8.92825 1.4666154 21.580627 2.9377527236938477 0.9131858944892883
Car 0.0 0 3.4835164546966553 158.28866577148438 168.55828857421875 370.3050842285156 237.75637817382812 4.1133857 1.5004021 1.6002 -7.8782487 1.4076173 16.643911 3.0414223670959473 0.9015868306159973
Car 0.0 0 3.7815606594085693 0.0 174.87149047851562 185.8612823486328 319.4602355957031 3.8605301 1.5590986 1.6637814 -7.6534524 1.5867543 8.782488 3.0647478103637695 0.877113401889801
Car 0.0 0 -0.8917685747146606 953.4493408203125 178.340576171875 1242.0 375.0 3.7722185 1.4138212 1.573903 4.5935273 1.4612828 5.114498 -0.15998294949531555 0.8565804362297058
Car 0.0 0 -2.5354175567626953 0.0 169.7752227783203 277.99700927734375 270.8551330566406 4.061441 1.5091531 1.5545856 -7.7668366 1.4635439 11.578316 -3.1262824535369873 0.8053354024887085
Car 0.0 0 -0.3130590617656708 694.5652465820312 178.62867736816406 862.5188598632812 240.472412109375 3.801814 1.4559208 1.5882574 4.1133914 1.6090546 18.124784 -0.08989086002111435 0.7650758624076843
Car 0.0 0 0.22388485074043274 272.3265686035156 166.1763458251953 404.64703369140625 215.78396606445312 3.8776844 1.5871348 1.6470683 -9.037888 1.3738496 24.157362 -0.13411900401115417 0.6980445981025696
Car 0.0 0 -1.8038519620895386 455.4705810546875 170.20779418945312 491.317626953125 193.05479431152344 4.2826657 1.659305 1.7216853 -10.424095 1.4674768 54.706394 -1.9921410083770752 0.6178452968597412
Car 0.0 0 3.487898826599121 191.52256774902344 168.12384033203125 363.68548583984375 227.65457153320312 3.8302677 1.498296 1.5877187 -8.738109 1.3796034 19.10646 3.058959484100342 0.5932187438011169
