Pedestrian 0.0 0 -0.24907100200653076 981.2401733398438 158.44894409179688 1021.9462890625 237.2169952392578 0.6958458 1.794836 0.6445536 9.077753 1.4669554 16.835615 0.24544215202331543 0.553691565990448
Pedestrian 0.0 0 1.0473536252975464 748.4795532226562 172.68759155273438 776.538818359375 221.1981658935547 0.917307 1.8314908 0.68982196 5.823469 1.825566 27.781807 1.253976583480835 0.4913967251777649
Pedestrian 0.0 0 1.1843353509902954 674.3553466796875 171.9945831298828 686.5805053710938 196.45144653320312 1.1363797 1.8023423 0.51575434 5.222506 1.739365 53.788982 1.281124472618103 0.20987676084041595
Cyclist 0.0 0 -2.6856584548950195 756.2263793945312 170.97320556640625 787.455078125 202.52008056640625 1.6468972 1.696557 0.4271634 8.813233 1.5957676 39.482376 -2.4660394191741943 0.22624731063842773
Cyclist 0.0 0 0.5921617746353149 979.69384765625 157.7275848388672 1034.114501953125 237.5087127685547 0.89108425 1.7891942 0.6556498 9.142813 1.4503231 16.7251 1.0924310684204102 0.12192673236131668
Cyclist 0.0 0 1.1843353509902954 674.3553466796875 171.9945831298828 686.5805053710938 196.45144653320312 1.1363797 1.8023423 0.51575434 5.222506 1.739365 53.788982 1.281124472618103 0.11798474937677383
Car 0.0 0 2.010946273803711 210.760498046875 182.45628356933594 301.1688537597656 222.50694274902344 4.2299085 1.4495181 1.6399469 -14.265337 1.867551 29.256443 1.5572706460952759 0.9352438449859619
Car 0.0 0 0.8260857462882996 1180.3248291015625 167.68763732910156 1242.0 338.5933532714844 4.1822968 1.5359192 1.6581137 9.142587 1.4898472 8.625531 1.640575885772705 0.3208208382129669
Car 0.0 0 0.2809228301048279 761.427734375 165.2638397216797 846.8056030273438 195.05136108398438 4.1930747 1.5464395 1.6439803 10.499993 1.1527491 39.242565 0.5423650741577148 0.30195489525794983
Car 0.0 0 1.9959132671356201 225.88218688964844 180.3961639404297 289.94207763671875 207.68783569335938 4.5060334 1.498385 1.7373335 -20.987568 1.9735608 43.145737 1.5431768894195557 0.2571105360984802
Car 0.0 0 0.7900896668434143 985.1203002929688 175.64608764648438 1055.9583740234375 200.91378784179688 4.122465 1.5795898 1.6501751 27.07901 1.773446 47.796413 1.3055496215820312 0.19181042909622192
Car 0.0 0 1.1071680784225464 1006.4337768554688 181.1341552734375 1048.498046875 199.1021270751953 4.139084 1.562096 1.6935377 38.566067 2.3532755 66.79346 1.6307988166809082 0.17838722467422485
