Pedestrian 0.0 0 1.0286891460418701 799.4453735351562 146.36611938476562 857.9539184570312 250.97686767578125 0.8641863 1.7799271 0.62932336 3.9679718 1.1834143 12.714107 1.3312023878097534 0.852372407913208
Pedestrian 0.0 0 1.4188101291656494 546.419921875 156.72422790527344 574.4656372070312 220.5928192138672 0.91974765 1.8263496 0.6871853 -1.2384287 1.1190166 21.060051 1.3600730895996094 0.8362035751342773
Pedestrian 0.0 0 1.5549650192260742 576.6669921875 161.06101989746094 605.668212890625 237.63258361816406 0.906028 1.7533861 0.66460574 -0.28566924 1.2865711 16.909939 1.5380730628967285 0.8078212141990662
Pedestrian 0.0 0 1.3328131437301636 592.2822265625 156.16143798828125 614.827392578125 204.45838928222656 0.8540929 1.8491477 0.6954744 0.058386784 0.8800314 27.996803 1.334898591041565 0.7856765985488892
Pedestrian 0.0 0 -2.1348984241485596 137.98526000976562 172.90892028808594 241.0385284423828 368.9399108886719 0.5421012 1.6201359 0.5877171 -3.666591 1.550522 6.320123 -2.6605911254882812 0.7469556331634521
Pedestrian 0.0 0 2.41385817527771 494.9479064941406 154.14808654785156 536.2736206054688 224.80088806152344 0.86510926 1.7317541 0.5863394 -2.1951668 1.0625287 18.122667 2.2933170795440674 0.6216768026351929
Pedestrian 0.0 0 1.2533400058746338 617.4088745117188 159.2425537109375 640.641357421875 207.04080200195312 0.90537137 1.8312944 0.6549773 1.0527426 0.9795668 28.044508 1.290860652923584 0.6018097400665283
Pedestrian 0.0 0 2.156137228012085 705.7199096679688 153.08123779296875 740.6482543945312 217.2877197265625 0.76351494 1.7416443 0.6439855 3.3578234 0.971925 19.98147 2.3226284980773926 0.5902636647224426
Pedestrian 0.0 0 -1.7920949459075928 999.953857421875 158.0670166015625 1079.27001953125 317.8367919921875 0.8768612 1.669264 0.57037425 4.8105674 1.4257997 8.008336 -1.2511645555496216 0.5169990062713623
Pedestrian 0.0 0 1.8118683099746704 393.8116149902344 162.2744903564453 464.9883117675781 301.1332092285156 1.1300815 1.7144625 0.6619185 -2.2778366 1.4784274 9.432935 1.5749272108078003 0.5076749324798584
Pedestrian 0.0 0 1.7923063039779663 535.66796875 158.09475708007812 554.9940185546875 201.9854278564453 0.99066406 1.9221106 0.65809095 -2.5061514 0.8980765 31.99279 1.7141311168670654 0.5058862566947937
Pedestrian 0.0 0 -2.7037150859832764 446.5114440917969 178.97390747070312 496.1046447753906 268.2125549316406 0.6606317 1.6449658 0.7891714 -2.5125258 1.599666 13.704181 -2.8850414752960205 0.4965284466743469
Pedestrian 0.0 0 2.7768402099609375 339.91973876953125 190.63816833496094 395.4971008300781 298.542236328125 0.66003644 1.7223824 0.75167453 -3.9663606 1.8833157 12.047917 2.4588003158569336 0.4879787266254425
Pedestrian 0.0 0 1.460360050201416 605.4129638671875 157.8573760986328 624.7540283203125 202.66688537597656 0.8913081 1.7859559 0.6876468 0.53008014 0.84464383 29.103222 1.4785717725753784 0.47495317459106445
Pedestrian 0.0 0 -3.2324328422546387 793.5660400390625 176.7813720703125 819.956298828125 244.65765380859375 0.57479006 1.6558074 0.63042307 5.0721445 1.5418911 17.883621 -2.956070899963379 0.4341796636581421
Pedestrian 0.0 0 1.8895609378814697 572.4674072265625 157.14244079589844 594.3900146484375 201.84567260742188 0.8281073 1.8168079 0.68170875 -0.7562027 0.8278731 29.68654 1.864093542098999 0.29283416271209717
Pedestrian 0.0 0 -1.853651762008667 856.3287353515625 151.98672485351562 985.3685913085938 374.0 1.1888646 1.7790836 0.5815733 2.3511426 1.5789555 5.5274253 -1.4514766931533813 0.28369078040122986
Pedestrian 0.0 0 2.340363025665283 0.0 155.3422393798828 140.73501586914062 374.0 0.7086801 1.7182039 0.5959525 -2.6615608 1.6158162 3.2256284 1.6504859924316406 0.2716463506221771
Cyclist 0.0 0 1.8552486896514893 533.8026733398438 157.2727813720703 555.9349365234375 198.46435546875 1.4693735 1.7867955 0.59462076 -2.5182474 0.736835 31.937038 1.7765611410140991 0.44319233298301697
Cyclist 0.0 0 1.8118683099746704 393.8116149902344 162.2744903564453 464.9883117675781 301.1332092285156 1.1300815 1.7144625 0.6619185 -2.2778366 1.4784274 9.432935 1.5749272108078003 0.36737021803855896
Cyclist 0.0 0 -1.853651762008667 856.3287353515625 151.98672485351562 985.3685913085938 374.0 1.1888646 1.7790836 0.5815733 2.3511426 1.5789555 5.5274253 -1.4514766931533813 0.11109432578086853
Cyclist 0.0 0 -1.5794181823730469 607.5283813476562 160.1393585205078 624.5289916992188 203.98480224609375 0.9103622 1.7523674 0.67942905 0.5703116 0.89965034 29.165888 -1.5598666667938232 0.10827501863241196
