Pedestrian 0.0 0 -2.78305983543396 330.73468017578125 153.00193786621094 440.98150634765625 306.7367858886719 1.1394107 1.7930641 0.6042494 -2.687334 1.4740276 8.574472 -3.0867743492126465 0.8440209627151489
Pedestrian 0.0 0 1.322908639907837 966.4219360351562 167.5343475341797 1019.6898193359375 272.2796325683594 0.95195687 1.6106993 0.5309745 6.1909013 1.4129812 11.394364 1.820616602897644 0.14253388345241547
Pedestrian 0.0 0 2.4625372886657715 1031.397705078125 162.03659057617188 1092.18896484375 266.6857604980469 0.60944694 1.694207 0.5977422 7.551993 1.3969486 11.771876 3.0329339504241943 0.13057708740234375
Pedestrian 0.0 0 -1.741797924041748 839.472412109375 175.88551330566406 871.9254150390625 249.64199829101562 0.67835504 1.8147309 0.6614533 6.260123 1.7027918 17.781092 -1.4032834768295288 0.12891456484794617
Pedestrian 0.0 0 1.0261791944503784 833.8815307617188 138.14659118652344 893.7281494140625 243.3951873779297 0.90541524 1.7989451 0.6182704 4.547976 1.0766734 12.584785 1.3729619979858398 0.1114632710814476
Pedestrian 0.0 0 2.4677789211273193 251.6767120361328 156.13172912597656 309.3386535644531 249.44650268554688 0.7166976 1.7443664 0.7300713 -6.324191 1.2904783 13.696035 2.035193920135498 0.10839667916297913
Pedestrian 0.0 0 0.2875548303127289 672.920654296875 182.81932067871094 738.9733276367188 268.3765869140625 1.2336862 1.6884829 0.5552096 2.0268886 1.7392976 14.484139 0.4265904426574707 0.1072603091597557
Cyclist 0.0 0 -1.9488686323165894 842.6167602539062 147.64894104003906 901.4931640625 255.4130401611328 1.6395541 1.7699078 0.38106695 4.618998 1.2320168 12.43136 -1.593117117881775 0.11136555671691895
Car 0.0 0 -1.1970245838165283 493.11712646484375 138.24778747558594 583.1471557617188 193.9498748779297 3.3469284 1.521613 1.562608 -1.9437164 0.3689895 21.134274 -1.2887364625930786 0.15904751420021057
Car 0.0 0 1.6968321800231934 2.9237167835235596 169.49588012695312 62.92791748046875 206.97669982910156 4.1157303 1.5801251 1.6045923 -25.802198 1.117692 31.97555 1.0178766250610352 0.10881536453962326
