Pedestrian 0.0 0 0.6365724802017212 585.3247680664062 159.7062530517578 628.4425659179688 233.77850341796875 0.8391162 1.7349086 0.6146939 0.0070634075 1.2494859 17.052029 0.6369867324829102 0.8208051919937134
Pedestrian 0.0 0 -1.2440686225891113 269.492431640625 161.60240173339844 306.40411376953125 231.114990234375 0.8464166 1.6684538 0.59134793 -7.8376536 1.2164718 17.41539 -1.6669572591781616 0.8195289969444275
Pedestrian 0.0 0 -1.0086394548416138 387.0722351074219 152.32550048828125 438.7831726074219 245.7397003173828 0.75341195 1.8750552 0.74973303 -4.0150876 1.3111504 14.656621 -1.276023268699646 0.768052339553833
Pedestrian 0.0 0 0.8931090235710144 123.03761291503906 173.22216796875 175.1683807373047 254.3136749267578 0.77789855 1.7702528 0.6354299 -10.25874 1.6129912 15.853732 0.3187844753265381 0.7272663116455078
Pedestrian 0.0 0 1.7833046913146973 373.8284606933594 168.97975158691406 404.74151611328125 235.0540008544922 0.9918379 1.9336228 0.6957466 -6.4939547 1.5980563 21.209934 1.486192226409912 0.6803125143051147
Pedestrian 0.0 0 2.4894373416900635 168.09791564941406 177.72903442382812 209.11082458496094 245.33233642578125 0.67709744 1.6372747 0.55873203 -10.36281 1.571765 17.537628 1.9557431936264038 0.5183399319648743
Pedestrian 0.0 0 -1.345726728439331 295.0433044433594 161.80967712402344 339.62774658203125 253.85214233398438 0.79965156 1.9262719 0.7328875 -6.2312975 1.5367413 15.246171 -1.733721137046814 0.41744527220726013
Pedestrian 0.0 0 -3.2215161323547363 1081.3563232421875 136.22727966308594 1121.1939697265625 218.64517211914062 0.67541486 1.7847433 0.64294624 11.008639 0.8276435 15.754121 -2.6116104125976562 0.37467342615127563
Pedestrian 0.0 0 -1.5842738151550293 195.48033142089844 156.18190002441406 208.63223266601562 188.90304565429688 0.71315897 1.8957646 0.6596855 -23.623749 0.48822415 41.433933 -2.102458953857422 0.327662855386734
Cyclist 0.0 0 -0.46012789011001587 1111.678466796875 131.53758239746094 1208.182861328125 204.36476135253906 1.8579311 1.8187532 0.6407253 14.180803 0.5975827 18.153639 0.20301604270935059 0.8966349363327026
Cyclist 0.0 0 -0.42925307154655457 852.6055908203125 151.89144897460938 904.4689331054688 194.62567138671875 1.8454875 1.71628 0.7010139 11.109057 0.56880575 28.797512 -0.06107860803604126 0.6532824635505676
Cyclist 0.0 0 -1.3700990676879883 886.7056274414062 145.1275177001953 916.4320068359375 197.82180786132812 1.9291372 1.819996 0.6143937 10.635765 0.5998058 25.385925 -0.9733529090881348 0.5820083618164062
Car 0.0 0 -1.2427294254302979 259.7142333984375 181.15614318847656 463.9505310058594 307.75115966796875 3.7046108 1.4607165 1.5805472 -3.2355187 1.4734153 10.037333 -1.5545612573623657 0.981567919254303
Car 0.0 0 -0.6661879420280457 1071.698486328125 145.70413208007812 1205.7962646484375 188.84701538085938 3.7077253 1.5213364 1.5970409 19.355886 0.2958654 25.766476 -0.021916575729846954 0.6933351159095764
Car 0.0 0 1.6910834312438965 465.3809509277344 167.8398895263672 493.8974914550781 189.54437255859375 3.6923766 1.4898942 1.5726464 -8.896678 0.62215364 50.4163 1.516417384147644 0.5812747478485107
