Pedestrian 0.0 0 0.8345295786857605 532.5518188476562 162.45462036132812 552.1912231445312 196.26416015625 0.896591 1.8072696 0.6181768 -3.4065647 0.8440708 38.321167 0.7458674907684326 0.45552170276641846
Pedestrian 0.0 0 -1.9938609600067139 1048.908935546875 116.4643783569336 1095.0135498046875 198.54275512695312 0.8111305 1.8288304 0.5993522 10.646314 0.4036328 16.196915 -1.4123674631118774 0.3996639847755432
Pedestrian 0.0 0 -2.1243085861206055 893.5060424804688 145.8406524658203 927.2182006835938 198.69398498535156 1.1806966 1.807213 0.54383785 10.669454 0.62364036 24.794987 -1.7179515361785889 0.3344060182571411
Pedestrian 0.0 0 3.069262742996216 473.10418701171875 171.1493682861328 489.264892578125 203.29527282714844 0.8260426 1.7319878 0.57732594 -6.7502112 1.2295893 38.470646 2.895566940307617 0.2346956431865692
Pedestrian 0.0 0 -3.660078525543213 1179.9339599609375 162.20376586914062 1224.0 254.8042755126953 0.62344277 1.64941 0.4906859 10.9442425 1.3251581 12.887695 -2.9560484886169434 0.23381002247333527
Cyclist 0.0 0 0.10555979609489441 684.2919311523438 160.3935089111328 720.7977905273438 193.34408569335938 1.8397521 1.7074509 0.69688606 5.1226616 0.6669792 37.192364 0.2424328327178955 0.7797640562057495
Cyclist 0.0 0 -0.07980749011039734 623.4280395507812 163.20797729492188 655.966064453125 195.05255126953125 1.8236777 1.811773 0.55764073 1.9755704 0.8293409 40.529102 -0.031101543456315994 0.7092999219894409
Cyclist 0.0 0 -0.464595228433609 553.7052612304688 166.41305541992188 582.0070190429688 194.97010803222656 1.8192446 1.8638576 0.5496611 -2.4558656 0.94576216 46.831135 -0.5169880986213684 0.5748541355133057
Cyclist 0.0 0 -1.0381357669830322 357.47760009765625 178.47877502441406 389.03143310546875 218.61338806152344 1.7980139 1.7231306 0.48272347 -10.255854 1.6378276 31.281164 -1.3549525737762451 0.567714512348175
Cyclist 0.0 0 -2.066619873046875 886.6297607421875 148.09478759765625 926.4756469726562 197.4742889404297 1.9043928 1.6794826 0.43882474 10.615364 0.5788603 25.01164 -1.665243148803711 0.263265997171402
Cyclist 0.0 0 -2.0420596599578857 1044.716552734375 125.19892120361328 1097.0994873046875 205.64044189453125 1.0798193 1.7823457 0.5736115 10.636941 0.55865145 16.229023 -1.4618786573410034 0.13109469413757324
Car 0.0 0 -1.4813541173934937 501.71929931640625 175.08705139160156 543.31005859375 208.51437377929688 3.6419144 1.4480145 1.579068 -3.7519934 1.2150087 32.463783 -1.5964183807373047 0.968864381313324
Car 0.0 0 2.443831443786621 1039.1507568359375 133.810791015625 1224.0 191.3772430419922 4.285976 1.4303426 1.5578461 13.887867 0.2718607 18.453465 3.088987112045288 0.8399128913879395
Car 0.0 0 -0.5330777168273926 911.2033081054688 150.3169403076172 983.0758056640625 173.56411743164062 4.214441 1.5544972 1.6554728 23.620602 -0.48795596 48.870274 -0.08285262435674667 0.6785523891448975
Car 0.0 0 -1.5929949283599854 625.0736083984375 170.41737365722656 653.47998046875 196.87704467773438 3.490937 1.5184113 1.6140736 2.011669 0.94119215 42.334972 -1.5455127954483032 0.22590991854667664
Car 0.0 0 -2.317283868789673 707.5524291992188 161.30943298339844 764.3268432617188 185.40797424316406 3.9671888 1.6072855 1.6226679 9.077629 0.3286635 49.262665 -2.1350581645965576 0.21927909553050995
