Pedestrian 0.0 0 2.2358157634735107 23.146678924560547 159.753662109375 69.79995727539062 244.03326416015625 0.46622607 1.7407532 0.61483634 -11.864523 1.47053 15.133404 1.570910096168518 0.5590271949768066
Car 0.0 0 -2.690633773803711 189.8006134033203 184.91650390625 410.61138916015625 261.3975830078125 4.046573 1.5132105 1.6349882 -6.5865726 1.7876418 15.4765625 -3.092998743057251 0.9582592248916626
Car 0.0 0 -1.736893653869629 664.5472412109375 176.10824584960938 749.3789672851562 244.39622497558594 4.202165 1.7504101 1.7233902 2.6310823 1.8543521 20.829884 -1.6112462282180786 0.8819283843040466
Car 0.0 0 -2.741150379180908 301.55657958984375 186.2451629638672 453.4165344238281 238.28643798828125 3.7809122 1.3614353 1.4715497 -6.5106845 1.7541759 20.238234 -3.052396535873413 0.8279706835746765
Car 0.0 0 -1.6546334028244019 649.486572265625 181.12069702148438 692.3255004882812 218.14942932128906 3.663478 1.4947551 1.5662025 2.5877664 1.8802178 31.776402 -1.573375940322876 0.7591854929924011
Car 0.0 0 0.38420310616493225 254.47381591796875 188.9074249267578 450.8547058105469 252.95309448242188 4.294688 1.4674935 1.6105565 -6.3299413 1.8857081 17.879423 0.04393815994262695 0.7444868683815002
Car 0.0 0 -2.698554277420044 338.0814208984375 183.06471252441406 461.26922607421875 233.45281982421875 3.461937 1.5125389 1.5434216 -6.7421236 1.8546758 23.112604 -2.9823861122131348 0.7345094680786133
Car 0.0 0 -1.7176406383514404 634.0909423828125 180.94923400878906 668.0036010742188 206.00433349609375 3.4245539 1.4130597 1.5552486 2.4097295 1.9227083 43.614697 -1.66244637966156 0.7102784514427185
Car 0.0 0 3.368140697479248 362.9028625488281 179.68202209472656 480.86199951171875 227.48374938964844 3.6928716 1.5855209 1.6116116 -6.5012355 1.8308793 25.030771 3.114025831222534 0.6981921792030334
Car 0.0 0 -1.7172027826309204 658.5840454101562 185.60406494140625 716.0786743164062 231.86231994628906 3.5046341 1.5163165 1.5833915 2.7196174 2.0151005 26.418299 -1.6146197319030762 0.4814353883266449
Car 0.0 0 0.21858751773834229 372.95977783203125 169.01904296875 499.4391174316406 219.29104614257812 4.411156 1.851085 1.7308081 -6.580836 1.7102343 27.4671 -0.01656952127814293 0.47021397948265076
Car 0.0 0 3.190525531768799 450.5335693359375 181.69534301757812 525.5175170898438 208.47891235351562 4.2129927 1.4889457 1.6422096 -7.060055 2.0154788 41.874577 3.023496389389038 0.44572731852531433
