Pedestrian 0.0 0 -3.2608115673065186 1098.3828125 197.3931884765625 1131.289794921875 253.71145629882812 0.7919197 1.7623307 0.78152794 16.435347 2.5824416 23.56976 -2.651895523071289 0.2605521082878113
Pedestrian 0.0 0 -0.5790042877197266 807.945068359375 145.49221801757812 830.1956787109375 189.81199645996094 0.6430271 1.9296135 0.73995775 9.188053 0.73868227 31.859982 -0.2982340157032013 0.1452001929283142
Pedestrian 0.0 0 1.516013264656067 905.2786865234375 170.33221435546875 932.7335205078125 236.261962890625 1.1951283 1.8481147 0.66310704 8.890976 1.777783 20.897844 1.9182645082473755 0.1448909044265747
Pedestrian 0.0 0 -1.457108497619629 156.0975799560547 157.78013610839844 174.17037963867188 194.37118530273438 0.78765 1.8703964 0.7134164 -23.083832 1.1002353 37.387703 -2.0102367401123047 0.1370653659105301
Pedestrian 0.0 0 -1.8588804006576538 781.5316162109375 152.25668334960938 798.1952514648438 190.055419921875 0.8032325 1.9713367 0.65011233 9.443072 0.89747226 38.04374 -1.6155812740325928 0.11813496798276901
Cyclist 0.0 0 -1.5044724941253662 752.9140014648438 158.58470153808594 762.3616333007812 187.5095672607422 1.6497688 1.7555451 0.46627167 9.108244 0.8898519 44.646927 -1.3032279014587402 0.14691248536109924
Cyclist 0.0 0 1.3375962972640991 786.5072631835938 155.41896057128906 804.7357177734375 191.93807983398438 1.6161941 1.7633687 0.5098301 9.123613 0.9218555 35.649956 1.5881409645080566 0.1325804442167282
Cyclist 0.0 0 -1.2056790590286255 760.1314086914062 166.9624786376953 776.3443603515625 195.8691864013672 1.5794622 1.6999898 0.41302878 9.448257 1.3538702 43.204227 -0.9903802871704102 0.12382888048887253
Car 0.0 0 -2.1525816917419434 749.2403564453125 186.6963348388672 949.2207641601562 290.343017578125 3.5222788 1.4533789 1.5846645 3.9012876 1.7309797 12.537104 -1.8509005308151245 0.963755190372467
Car 0.0 0 2.2351162433624268 77.55940246582031 184.1778106689453 208.68418884277344 237.7648468017578 4.2887583 1.720154 1.7326082 -16.884012 2.1682658 26.311434 1.6645989418029785 0.5893889665603638
Car 0.0 0 1.500923991203308 867.11474609375 161.3596954345703 916.7507934570312 200.5889129638672 3.9170952 1.4485587 1.5566733 11.116878 1.0244837 28.741358 1.8699910640716553 0.244101881980896
Car 0.0 0 -2.239912509918213 9.571908950805664 209.30230712890625 89.87822723388672 241.7137908935547 3.0780783 1.5333469 1.8535172 -29.710993 3.5301213 38.251053 -2.9003067016601562 0.12440081685781479
Car 0.0 0 1.2780661582946777 223.2447967529297 197.22537231445312 260.3981628417969 218.21316528320312 3.305677 1.4981016 1.7551336 -29.371836 3.5008755 57.48073 0.8056685924530029 0.10637789964675903
