Pedestrian 0.0 0 -2.3558318614959717 143.3813934326172 182.18116760253906 212.9761199951172 300.7244567871094 0.56721705 1.6012299 0.6243446 -6.1323466 1.7379296 10.173191 -2.898303747177124 0.41734036803245544
Car 0.0 0 -1.8593028783798218 719.5538940429688 170.56686401367188 886.157958984375 275.6923522949219 4.1895194 1.542052 1.634751 3.1097393 1.5088606 12.713261 -1.6194074153900146 0.9614188075065613
Car 0.0 0 1.997465968132019 128.0855712890625 176.57630920410156 397.3947448730469 345.65252685546875 4.0406766 1.7541062 1.6225699 -4.29793 1.8144336 9.59697 1.576407790184021 0.9494662880897522
Car 0.0 0 -1.9933373928070068 798.098388671875 174.8505859375 1210.7901611328125 375.0 3.903314 1.5176327 1.6440184 2.9888425 1.5416389 6.5891004 -1.5674903392791748 0.9450047612190247
Car 0.0 0 -1.7015429735183716 495.2724304199219 179.2865753173828 527.8253784179688 205.2027587890625 3.435568 1.4940201 1.5426816 -6.1209393 1.9066128 44.37686 -1.838608980178833 0.6912075281143188
Car 0.0 0 2.4120774269104004 0.0 184.36871337890625 183.39474487304688 375.0 4.101092 1.6108539 1.6890681 -4.544803 1.7094504 4.0989122 1.5751395225524902 0.6729539632797241
Car 0.0 0 -1.73288893699646 607.7992553710938 171.68377685546875 637.8330688476562 194.6458282470703 3.387723 1.4930967 1.4938416 0.80233073 1.4173616 48.699272 -1.7164151668548584 0.645810604095459
Car 0.0 0 1.4118285179138184 628.0678100585938 172.69581604003906 663.2941284179688 200.4789276123047 3.4889903 1.5478749 1.5078217 2.003299 1.5394199 42.013577 1.4594745635986328 0.4737275242805481
Car 0.0 0 3.160735607147217 437.7808837890625 179.85208129882812 496.98931884765625 203.3628692626953 3.8193958 1.5124327 1.6448497 -9.536222 1.991771 48.23851 2.9655630588531494 0.3058288097381592
Car 0.0 0 -1.7369211912155151 578.6318969726562 175.55906677246094 604.4431762695312 194.10609436035156 3.716576 1.5002847 1.5806539 -1.6112896 1.7364281 60.914436 -1.76336669921875 0.2865731120109558
