Pedestrian 0.0 0 1.0933964252471924 765.9608764648438 164.39691162109375 834.681640625 294.35980224609375 0.8430834 1.7667212 0.6231732 2.7745535 1.5355448 10.240303 1.3579883575439453 0.8909693956375122
Pedestrian 0.0 0 -2.682283401489258 1004.3654174804688 156.38168334960938 1101.0257568359375 317.30670166015625 0.72944754 1.6830949 0.5762104 4.9510274 1.4217474 7.972194 -2.1265389919281006 0.7528902888298035
Pedestrian 0.0 0 -1.9426474571228027 246.20277404785156 177.96389770507812 336.8758850097656 349.20318603515625 0.79582316 1.6311661 0.5985 -3.2181182 1.5988556 7.3329606 -2.3561959266662598 0.7497521638870239
Pedestrian 0.0 0 -1.7067646980285645 579.03564453125 183.7112579345703 601.37109375 233.47195434570312 0.8462232 1.6112512 0.6279342 -0.40253037 1.6869255 23.764257 -1.7237015962600708 0.7116582989692688
Pedestrian 0.0 0 1.321730136871338 601.4389038085938 179.1506805419922 627.6173095703125 232.6671905517578 0.82228786 1.744575 0.68748325 0.4047293 1.6690819 23.893454 1.338667392730713 0.6663198471069336
Pedestrian 0.0 0 -2.552501678466797 302.1101379394531 183.3869171142578 360.2294006347656 273.33367919921875 0.92560834 1.7699887 0.598516 -5.5044827 1.8104784 14.545268 -2.914283037185669 0.5975317358970642
Pedestrian 0.0 0 -1.6423993110656738 496.0172424316406 182.52557373046875 515.9297485351562 232.02932739257812 0.9821167 1.7401693 0.6386483 -3.459121 1.7788525 25.816572 -1.7755944728851318 0.5541739463806152
Pedestrian 0.0 0 1.2127039432525635 1035.9686279296875 152.8726043701172 1094.1829833984375 248.10740661621094 1.1489213 2.0122485 0.7157517 10.145007 1.4086021 15.812314 1.7831436395645142 0.4826326370239258
Pedestrian 0.0 0 -2.3602089881896973 272.3872985839844 172.01747131347656 326.39007568359375 268.4545593261719 0.65069205 1.77525 0.68952185 -5.7780356 1.601957 13.661832 -2.7603273391723633 0.44227832555770874
Pedestrian 0.0 0 -1.4737658500671387 730.151123046875 193.771728515625 767.6882934570312 272.7149963378906 0.70983315 1.6418616 0.7312381 3.1564424 1.9159331 15.522537 -1.2731553316116333 0.4310573935508728
Pedestrian 0.0 0 -1.06167471408844 331.7554626464844 182.12185668945312 361.98651123046875 244.27601623535156 0.5531765 1.6592714 0.5782588 -6.938442 1.6775866 19.501268 -1.4035022258758545 0.40705329179763794
Pedestrian 0.0 0 1.2297260761260986 980.8240966796875 163.6794891357422 1034.734130859375 261.12060546875 0.6868819 1.7013277 0.6503303 7.261762 1.3914571 12.933201 1.7413420677185059 0.40498998761177063
Pedestrian 0.0 0 -1.6197623014450073 637.5352172851562 178.3996124267578 652.4169921875 219.29193115234375 0.7363302 1.7231318 0.59678626 1.8382576 1.5934619 30.63818 -1.5598351955413818 0.36960160732269287
Pedestrian 0.0 0 -1.6012794971466064 626.212646484375 186.8803253173828 660.4945678710938 260.6994934082031 0.73768306 1.6438961 0.7576101 0.9139063 1.7709937 16.42739 -1.545703649520874 0.31508010625839233
Pedestrian 0.0 0 -0.5996842980384827 1176.170654296875 113.34846496582031 1238.0 242.77490234375 0.5745131 1.7755117 0.62418884 8.637667 0.84190995 10.191794 0.1033635139465332 0.2927135229110718
Cyclist 0.0 0 -1.2421456575393677 268.5225830078125 134.02674865722656 309.05523681640625 202.90538024902344 1.6649787 1.6267473 0.40905622 -7.762326 0.50674504 17.809225 -1.6531785726547241 0.5970268845558167
Cyclist 0.0 0 -1.6401904821395874 495.9579162597656 182.33108520507812 515.9872436523438 232.01788330078125 1.0061431 1.7454476 0.64290076 -3.4581826 1.7769961 25.807623 -1.7733955383300781 0.18652081489562988
Cyclist 0.0 0 2.488008499145508 975.38232421875 163.05410766601562 1038.7640380859375 260.8408203125 0.7665111 1.7119815 0.6335184 7.257076 1.3903195 12.941477 2.9990758895874023 0.12075460702180862
Car 0.0 0 2.3237156867980957 0.0 0.0 324.999267578125 374.0 4.0126257 1.5356469 1.657216 -2.5505817 1.4137083 2.5092518 1.5301493406295776 0.7125886678695679
Car 0.0 0 1.7131383419036865 431.53497314453125 176.05685424804688 493.92864990234375 224.8203125 4.1524506 1.6419325 1.6668341 -5.0079184 1.459733 26.296942 1.5249543190002441 0.45414260029792786
Car 0.0 0 -1.480446457862854 464.1925354003906 183.46299743652344 502.0965270996094 214.87901306152344 4.1181855 1.6093019 1.675743 -6.3977585 1.7229159 39.17072 -1.642346978187561 0.3878554701805115
