Pedestrian 0.0 0 -0.009576179087162018 682.9166259765625 171.59158325195312 707.7584228515625 218.0470733642578 0.9484011 1.7826807 0.59661067 3.2686343 1.734595 28.032537 0.10650110244750977 0.7338874936103821
Cyclist 0.0 0 -1.8141329288482666 731.5271606445312 166.9396514892578 755.1762084960938 212.3064422607422 1.8074669 1.6740149 0.4613842 5.0324116 1.4561366 27.538086 -1.6333836317062378 0.4560965597629547
Car 0.0 0 1.4580135345458984 455.1461486816406 179.84194946289062 503.1602783203125 218.21578979492188 3.3612647 1.3988569 1.5055095 -5.3102527 1.6957804 28.79206 1.2756284475326538 0.9438180923461914
Car 0.0 0 1.9369643926620483 60.41672897338867 181.77914428710938 176.31240844726562 238.009521484375 3.9133966 1.5382093 1.6884565 -15.209024 1.8428309 22.497936 1.342515230178833 0.9075564742088318
Car 0.0 0 0.7998827695846558 337.52105712890625 182.96194458007812 421.9930419921875 214.26133728027344 4.230834 1.4737082 1.6042671 -11.789309 2.0131063 36.772892 0.4896376132965088 0.8250386118888855
Car 0.0 0 -1.122658610343933 0.0 185.53053283691406 113.56351470947266 237.41946411132812 3.8715892 1.4694576 1.5978742 -18.013342 1.918797 23.494635 -1.7767624855041504 0.8179377913475037
Car 0.0 0 2.5612759590148926 526.0330200195312 177.25421142578125 592.3515014648438 202.09461975097656 4.132445 1.5509745 1.6653223 -3.358527 1.8535517 47.640564 2.4908952713012695 0.6916618943214417
Car 0.0 0 -2.4090256690979004 1026.5899658203125 202.97982788085938 1242.0 375.0 3.6550941 1.489262 1.5788751 2.7684336 1.6519432 1.9810078 -1.4593286514282227 0.6312108635902405
Car 0.0 0 2.694890022277832 636.885009765625 174.98214721679688 704.4982299804688 197.26171875 4.4826636 1.5223373 1.7095839 4.278145 1.67842 51.19944 2.778254747390747 0.6253925561904907
Car 0.0 0 2.401197671890259 0.0 200.5568084716797 101.77220153808594 375.0 4.0233827 1.4594854 1.6376342 -5.9346147 1.7378615 5.21088 1.5509552955627441 0.5074079632759094
