Pedestrian 0.0 0 1.7743964195251465 429.8265686035156 172.38107299804688 452.4104309082031 227.1090545654297 0.7909807 1.7021497 0.55098057 -5.0958176 1.4196429 22.739117 1.5539395809173584 0.8033571243286133
Pedestrian 0.0 0 1.3457865715026855 722.429931640625 167.61593627929688 783.609619140625 283.3902587890625 0.6170179 1.701441 0.7853338 2.2379246 1.4987084 10.871238 1.5488078594207764 0.7808299660682678
Pedestrian 0.0 0 1.576682448387146 557.535400390625 172.02452087402344 569.0650634765625 203.47750854492188 0.8376813 1.8127824 0.6638812 -2.217764 1.2674524 41.832394 1.5237165689468384 0.6163546442985535
Pedestrian 0.0 0 1.3801583051681519 574.1216430664062 174.1399383544922 586.3251342773438 205.7233123779297 0.7517817 1.829434 0.58104956 -1.2425015 1.4038929 42.036465 1.3506091833114624 0.44083625078201294
Pedestrian 0.0 0 1.9052284955978394 394.86456298828125 177.45594787597656 421.36102294921875 232.7342987060547 0.7696325 1.7041404 0.58443135 -6.0889 1.5805825 22.546963 1.6414662599563599 0.4368945062160492
Pedestrian 0.0 0 2.1773531436920166 527.970458984375 173.5720672607422 540.9658203125 199.30772399902344 0.8255979 1.8242254 0.5550225 -4.7759476 1.2628921 51.41118 2.0847220420837402 0.4234626889228821
Pedestrian 0.0 0 1.660656452178955 504.5860595703125 174.94664001464844 521.5595092773438 216.66757202148438 0.710678 1.8272475 0.6866598 -3.924162 1.5411863 31.824654 1.5379700660705566 0.4145767092704773
Pedestrian 0.0 0 1.6822361946105957 367.4695739746094 168.3393096923828 391.5640869140625 221.31246948242188 0.8669672 1.7409852 0.6819837 -7.461213 1.3095424 24.09556 1.3819489479064941 0.3801646828651428
Pedestrian 0.0 0 -0.20377525687217712 543.3443603515625 173.01895141601562 558.870849609375 197.466064453125 1.0608075 1.791187 0.5147442 -3.698473 1.1703942 53.019295 -0.2734195590019226 0.3684829771518707
Pedestrian 0.0 0 1.701923131942749 284.59814453125 172.43052673339844 325.64044189453125 263.1388854980469 0.9994672 1.9015356 0.703634 -6.468974 1.7126445 15.629629 1.3094987869262695 0.33059149980545044
Pedestrian 0.0 0 0.9893339276313782 315.66119384765625 142.36598205566406 384.0880432128906 247.1521759033203 0.902955 1.7982306 0.79530555 -4.562437 1.1279337 12.914455 0.6497387886047363 0.2720564901828766
Pedestrian 0.0 0 1.3186874389648438 568.9808959960938 177.00714111328125 581.7958374023438 206.32177734375 0.9812703 1.7933534 0.5652583 -1.6118611 1.5192412 44.493065 1.2824760675430298 0.26224374771118164
Cyclist 0.0 0 -0.20377525687217712 543.3443603515625 173.01895141601562 558.870849609375 197.466064453125 1.0608075 1.791187 0.5147442 -3.698473 1.1703942 53.019295 -0.2734195590019226 0.11068039387464523
Cyclist 0.0 0 1.7816822528839111 367.429931640625 168.90530395507812 392.4519348144531 220.51934814453125 0.77573144 1.7039089 0.6569551 -7.457588 1.2892134 24.12692 1.4818994998931885 0.10251150280237198
Car 0.0 0 2.1471445560455322 0.0 197.68173217773438 491.2603454589844 374.0 3.8560321 1.5451406 1.6385348 -2.0803194 1.6918076 4.4251437 1.7076908349990845 0.7880232334136963
Car 0.0 0 -1.2152233123779297 564.7039184570312 180.3138427734375 603.9825439453125 203.4960479736328 3.5343091 1.532589 1.5704387 -1.1249558 1.4548533 49.413628 -1.2379854917526245 0.3107646405696869
Car 0.0 0 -0.7680674195289612 0.0 147.11647033691406 164.2264862060547 250.95999145507812 4.1361227 1.5061972 1.6978039 -9.988653 1.0087941 12.578024 -1.4392220973968506 0.29803621768951416
Car 0.0 0 -1.6233574151992798 537.4260864257812 182.59754943847656 595.501953125 235.04745483398438 3.6475036 1.5123597 1.6227734 -1.2012349 1.5510021 22.687744 -1.676254391670227 0.28170210123062134
Car 0.0 0 -1.597514033317566 465.9452819824219 182.23495483398438 494.6939697265625 207.53009033203125 3.867118 1.477011 1.6307133 -7.4686327 1.5249552 44.11386 -1.765227198600769 0.2569224238395691
