Pedestrian 0.0 0 1.5134706497192383 1017.8399658203125 150.74864196777344 1042.9971923828125 206.1739501953125 0.75483006 1.8955773 0.7147199 14.615656 1.1399194 25.172405 2.039519786834717 0.415347695350647
Pedestrian 0.0 0 -0.42323726415634155 847.4358520507812 178.52098083496094 877.5137329101562 230.67588806152344 0.8242259 1.7668933 0.5466707 8.635154 1.9646113 24.817083 -0.08838813006877899 0.2755580544471741
Pedestrian 0.0 0 -2.1767780780792236 805.4547729492188 152.29733276367188 834.6851806640625 207.0646209716797 0.67819256 1.8542206 0.70596796 7.189644 1.1586051 24.85982 -1.8952518701553345 0.23177367448806763
Car 0.0 0 1.3794492483139038 476.7799377441406 184.0048065185547 556.150146484375 234.7355194091797 3.8449614 1.3553648 1.7100519 -3.0212774 1.7326255 22.290533 1.2447293996810913 0.9481999278068542
Car 0.0 0 1.5372378826141357 406.1834411621094 181.84715270996094 458.6893615722656 231.26669311523438 3.4226356 1.3848832 1.4773664 -5.6947603 1.6917222 22.738243 1.2918370962142944 0.9166862964630127
Car 0.0 0 -1.989165186882019 0.0 200.5111083984375 127.7956314086914 276.25921630859375 3.6392853 1.473033 1.6097555 -13.125064 2.174818 16.73335 -2.6542999744415283 0.8836178779602051
Car 0.0 0 0.21294984221458435 29.393386840820312 186.76119995117188 148.29664611816406 224.5576934814453 3.8210826 1.4589684 1.5531484 -21.886072 2.0739362 30.409588 -0.410881906747818 0.45917463302612305
Car 0.0 0 1.5997610092163086 877.7042236328125 154.5762481689453 929.2703857421875 202.40110778808594 3.9503374 1.6097283 1.6298434 10.752932 0.99487877 26.41941 1.9862947463989258 0.45257988572120667
Car 0.0 0 -2.1529414653778076 162.34588623046875 175.74935913085938 399.3475341796875 296.4447326660156 4.498426 1.8739499 1.7409123 -6.153404 1.935056 13.21413 -2.5887486934661865 0.41645994782447815
Car 0.0 0 -1.2614409923553467 729.3911743164062 152.02590942382812 817.3130493164062 211.5121612548828 3.8728292 1.7103295 1.6067463 5.1974297 1.1118451 22.818611 -1.0374901294708252 0.3978545069694519
