Pedestrian 0.0 0 1.1095937490463257 734.4144897460938 161.87716674804688 806.849365234375 285.3374328613281 0.9225424 1.7740914 0.727188 2.4946287 1.4934305 10.852989 1.3355257511138916 0.867849588394165
Pedestrian 0.0 0 1.8711762428283691 401.458740234375 173.15084838867188 430.9539794921875 231.15582275390625 0.9827981 1.7745521 0.6333509 -5.8144083 1.520242 22.47929 1.6180672645568848 0.5683891773223877
Pedestrian 0.0 0 0.5502901077270508 581.5382690429688 170.8212432861328 598.6433715820312 202.9071807861328 0.8791542 1.8541766 0.47642052 -0.6612559 1.2378588 41.937332 0.5345237255096436 0.4682311415672302
Pedestrian 0.0 0 0.3100230097770691 565.1650390625 170.55030822753906 580.7325439453125 201.58583068847656 0.75487113 1.7866454 0.6085826 -1.6524115 1.1570826 41.744404 0.2704596519470215 0.4332056939601898
Pedestrian 0.0 0 1.7845497131347656 507.1953430175781 173.3550262451172 526.7296752929688 216.20370483398438 0.9308885 1.8748945 0.6817713 -3.7619586 1.5194569 31.925083 1.6672534942626953 0.36797046661376953
Pedestrian 0.0 0 1.6592286825180054 455.636962890625 167.3068084716797 475.4875183105469 217.74073791503906 0.5291381 1.6890503 0.6181135 -4.6262717 1.2147961 24.348595 1.4714652299880981 0.36067450046539307
Pedestrian 0.0 0 -1.0821691751480103 385.50677490234375 163.44134521484375 410.7767333984375 215.36338806152344 0.61786044 1.7773658 0.6292498 -7.0825143 1.1602639 24.955261 -1.358705997467041 0.3576246500015259
Pedestrian 0.0 0 -2.6961958408355713 326.4626770019531 143.6057891845703 388.7762756347656 242.53919982910156 0.93233865 1.8229324 0.64459527 -4.6479278 1.1259637 13.6075115 -3.025341749191284 0.2664251923561096
Pedestrian 0.0 0 0.24892672896385193 538.1223754882812 168.96315002441406 551.0936889648438 193.69509887695312 0.8566292 1.8131675 0.50314695 -4.1725397 0.8946501 52.98105 0.1703336238861084 0.2618032991886139
Pedestrian 0.0 0 -1.4106266498565674 416.0505676269531 180.25083923339844 433.85748291015625 219.02381896972656 0.65636617 1.5136179 0.58762306 -6.9897532 1.4658668 28.390663 -1.652024745941162 0.25399187207221985
Pedestrian 0.0 0 1.2848161458969116 531.0313720703125 168.11740112304688 543.5833129882812 200.275390625 0.872861 1.8649263 0.5071584 -3.7646005 1.0896161 42.154514 1.1957476139068604 0.21708771586418152
Pedestrian 0.0 0 -2.48862361907959 57.01399230957031 167.87869262695312 104.16519165039062 263.1122131347656 0.496958 1.5723648 0.40681395 -8.786885 1.3487566 12.066751 -3.1180193424224854 0.21178296208381653
Pedestrian 0.0 0 1.4769023656845093 325.94085693359375 180.91000366210938 370.2070007324219 264.1141662597656 1.2732799 1.9222866 0.8895051 -6.1697187 1.9098637 17.358086 1.1353914737701416 0.20941703021526337
Pedestrian 0.0 0 1.9176290035247803 147.79298400878906 118.68470001220703 273.9590148925781 330.36737060546875 1.5302107 1.7793763 0.5680378 -3.6969552 1.2527462 6.8344064 1.4217736721038818 0.10058755427598953
Cyclist 0.0 0 -1.2940874099731445 523.7830200195312 178.09332275390625 536.3099365234375 205.69671630859375 1.6026039 1.6607716 0.34121177 -4.365539 1.4565619 44.03523 -1.39290189743042 0.3533843457698822
Cyclist 0.0 0 1.3140206336975098 777.6657104492188 159.527099609375 827.5117797851562 245.11013793945312 1.8779702 1.64911 0.5178366 4.068913 1.2269658 14.781058 1.582646131515503 0.24128475785255432
Cyclist 0.0 0 1.8411418199539185 149.45608520507812 117.58334350585938 268.7274475097656 332.2694396972656 1.6704355 1.7789026 0.5684776 -3.7073567 1.2506735 6.8273253 1.3436752557754517 0.2239125519990921
Cyclist 0.0 0 -1.9169645309448242 22.127222061157227 141.41677856445312 96.537109375 245.59959411621094 1.6221892 1.6587746 0.47142097 -9.168256 1.021874 12.073544 -2.566433906555176 0.19897976517677307
Car 0.0 0 1.8714497089385986 232.5364990234375 182.03875732421875 536.6654052734375 374.0 4.2653055 1.4884568 1.6727084 -1.8615607 1.4970138 7.462746 1.6269915103912354 0.9504308104515076
Car 0.0 0 -1.6017223596572876 603.3301391601562 126.22395324707031 677.9510498046875 208.64599609375 4.7114882 1.9487776 1.7644659 0.9325757 0.6430382 19.35221 -1.553570032119751 0.2539918124675751
