Pedestrian 0.0 0 0.4900226294994354 250.8795166015625 139.67420959472656 341.2161865234375 296.6482849121094 0.7495383 1.8097328 0.7227 -3.759746 1.3407419 8.53494 0.07508659362792969 0.8050670623779297
Pedestrian 0.0 0 0.24667413532733917 250.29710388183594 158.57452392578125 298.2596130371094 251.79208374023438 0.6916166 1.7469244 0.698382 -6.417954 1.3376709 13.6542845 -0.1927131563425064 0.3080225884914398
Pedestrian 0.0 0 1.7769008874893188 840.1558837890625 173.10874938964844 870.6609497070312 241.34628295898438 0.6493413 1.6755322 0.60478055 6.2677383 1.4956422 17.790586 2.115628957748413 0.22016671299934387
Pedestrian 0.0 0 0.03332121670246124 630.9354858398438 172.68418884277344 684.0482177734375 272.0504150390625 0.9488574 1.7725117 0.57476276 0.9241702 1.6347345 12.942833 0.10460424423217773 0.2015947550535202
Pedestrian 0.0 0 -0.6282698512077332 1014.6063842773438 169.1444854736328 1074.3648681640625 272.6419982910156 0.60464567 1.6743551 0.6023553 7.2538066 1.492302 11.756581 -0.07544426620006561 0.11926919221878052
Pedestrian 0.0 0 0.18277692794799805 1142.6693115234375 209.59957885742188 1224.0 370.0 0.6614324 1.7316488 0.73355556 5.327555 2.0171015 6.4008183 0.8769192695617676 0.1042483001947403
Cyclist 0.0 0 -1.856813669204712 849.6630859375 144.69998168945312 899.9082641601562 252.608642578125 1.6273167 1.7614133 0.36745617 4.644824 1.1786953 12.361261 -1.4973798990249634 0.167300283908844
Cyclist 0.0 0 -0.24593842029571533 1102.104736328125 189.85809326171875 1224.0 370.0 1.4522923 1.6583813 0.612173 5.4742866 1.7543166 6.522763 0.4522867202758789 0.13950785994529724
Cyclist 0.0 0 -3.6223371028900146 1030.38427734375 192.6344757080078 1137.794189453125 282.6912841796875 1.7031243 1.685001 0.44210613 9.167824 1.925921 13.623429 -3.0300002098083496 0.13614043593406677
Cyclist 0.0 0 -1.8450539112091064 757.948974609375 129.2947235107422 805.8016357421875 238.02548217773438 0.88773376 1.8449965 0.5951975 3.0558145 0.9777684 12.446161 -1.6042935848236084 0.13189566135406494
Car 0.0 0 1.6540801525115967 0.9264647960662842 169.08151245117188 56.07038116455078 207.37890625 4.048688 1.6219151 1.6070642 -26.083456 1.1398157 32.063583 0.9711666107177734 0.16913141310214996
Car 0.0 0 -3.153245210647583 589.1756591796875 174.9541015625 687.7122802734375 212.57821655273438 3.949277 1.5059719 1.6898631 1.3424915 1.2854825 29.208036 -3.107314348220825 0.11105608195066452
Car 0.0 0 -0.8399119973182678 547.350341796875 152.24607849121094 608.3731689453125 185.77711486816406 4.5058317 2.2681584 1.7671187 -1.8688589 0.35827646 50.11957 -0.8771827220916748 0.10629445314407349
