Pedestrian 0.0 0 1.2783989906311035 818.0624389648438 145.1437530517578 837.4193725585938 183.7044219970703 0.8726682 1.8346145 0.66513264 10.7139435 0.15390356 34.074932 1.583034873008728 0.40382277965545654
Cyclist 0.0 0 1.7077686786651611 415.5321960449219 172.59800720214844 430.27178955078125 202.59242248535156 1.8188426 1.7583832 0.61538506 -10.912627 1.296512 42.38358 1.4557690620422363 0.4718819558620453
Cyclist 0.0 0 -1.7865172624588013 885.7730102539062 106.18733978271484 949.3125 258.8202819824219 1.8153235 1.9189391 0.41334975 4.251147 0.9863391 9.814669 -1.3777704238891602 0.19931651651859283
Cyclist 0.0 0 0.01973108947277069 594.8162231445312 165.3434295654297 616.9638671875 189.18923950195312 1.7284857 1.8619184 0.5590715 0.085610695 0.679715 55.500362 0.02127361297607422 0.17296089231967926
Car 0.0 0 -1.4837456941604614 540.6795654296875 169.17323303222656 567.7352905273438 190.31800842285156 3.9413638 1.4530454 1.5954517 -3.5901923 0.67599005 50.56597 -1.5546269416809082 0.7910300493240356
Car 0.0 0 -0.37816470861434937 825.3443603515625 148.87413024902344 916.9707641601562 179.6702423095703 4.0870833 1.5419955 1.6332568 13.603162 -0.04219889 36.300854 -0.019627336412668228 0.36222442984580994
Car 0.0 0 -0.160686194896698 786.0902099609375 158.28271484375 836.0789184570312 175.07559204101562 4.261906 1.5214361 1.6019328 19.165813 -0.5117574 65.79265 0.12277579307556152 0.2650085985660553
Car 0.0 0 -0.2166871428489685 796.2552490234375 149.52383422851562 888.315673828125 178.7457275390625 4.546793 1.5586551 1.6686858 12.978866 -0.09780653 38.905518 0.10530304908752441 0.22056186199188232
Car 0.0 0 1.18208909034729 113.54869842529297 200.53346252441406 177.56666564941406 229.57786560058594 3.8517632 1.4744923 1.7165253 -26.135569 2.6653903 40.175922 0.6053426265716553 0.20347513258457184
Car 0.0 0 -1.1748765707015991 388.9481201171875 172.57022094726562 429.20208740234375 193.52420043945312 3.7921557 1.5200061 1.5842957 -14.701901 0.94605935 53.26542 -1.4441834688186646 0.15772905945777893
