Pedestrian 0.0 0 0.18035092949867249 423.3041687011719 157.85557556152344 447.4958190917969 198.05943298339844 0.97776574 1.801282 0.57174575 -7.93331 1.1296552 32.638596 -0.058090366423130035 0.25816547870635986
Pedestrian 0.0 0 -1.355315923690796 162.0058135986328 166.27342224121094 182.5604705810547 205.78369140625 0.7902366 1.8123004 0.66521376 -20.402367 1.5108131 33.57522 -1.9013497829437256 0.14319419860839844
Cyclist 0.0 0 -3.215648651123047 1069.2713623046875 170.2679443359375 1126.9609375 220.92401123046875 1.7452798 1.8504649 0.7049905 18.257875 1.7563543 27.093878 -2.6226725578308105 0.27273210883140564
Cyclist 0.0 0 0.047450825572013855 417.2364501953125 155.7828369140625 455.4777526855469 195.91395568847656 1.6635402 1.7975487 0.57364094 -7.9115233 1.033257 32.754696 -0.18954844772815704 0.2564414441585541
Car 0.0 0 1.985727071762085 146.5457763671875 190.86204528808594 265.28314208984375 254.5569305419922 3.2651742 1.422777 1.499041 -10.420755 1.9338839 18.767183 1.4788507223129272 0.9535970091819763
Car 0.0 0 1.509188175201416 446.51995849609375 176.70684814453125 477.96429443359375 204.2243194580078 3.7637467 1.5392408 1.5975535 -8.864662 1.7797749 42.950436 1.3056533336639404 0.45963767170906067
Car 0.0 0 1.3153213262557983 499.2874755859375 182.55496215820312 534.3040771484375 203.06271362304688 4.4908557 1.4998438 1.677145 -7.4864635 2.3045888 57.429993 1.1856942176818848 0.1931128054857254
Car 0.0 0 1.5130891799926758 1023.3876342773438 169.177734375 1058.4378662109375 197.03355407714844 4.1802897 1.6647449 1.6452421 27.000366 1.4453986 45.352444 2.050079107284546 0.16562137007713318
Car 0.0 0 1.3150849342346191 677.9478149414062 179.93048095703125 732.4826049804688 213.03073120117188 4.3281255 1.5016214 1.6377373 4.6284447 1.8765957 35.943478 1.443150281906128 0.1621260643005371
Car 0.0 0 0.394411563873291 154.5988311767578 169.79534912109375 254.2760772705078 203.4669952392578 3.8059564 1.5584499 1.651163 -19.323486 1.417242 34.434727 -0.11696148663759232 0.15764585137367249
