Pedestrian 0.0 0 2.8208398818969727 694.8593139648438 168.43356323242188 738.0052490234375 232.5592498779297 1.1004341 1.8279184 0.6195429 3.039866 1.702271 20.966564 2.964823007583618 0.22359046339988708
Pedestrian 0.0 0 1.6472101211547852 727.1300659179688 181.0271453857422 746.676513671875 229.80392456054688 0.83063495 1.7763689 0.6582973 4.6961246 2.087172 26.920183 1.8199183940887451 0.21417833864688873
Pedestrian 0.0 0 1.6055587530136108 677.15576171875 166.30006408691406 700.3807373046875 223.6818084716797 0.7362511 1.7580945 0.6971025 2.4174838 1.5576494 22.517805 1.7125078439712524 0.1757051795721054
Pedestrian 0.0 0 -2.1633758544921875 691.72900390625 166.1824493408203 717.7330322265625 216.39414978027344 0.6321079 1.8309546 0.7265713 3.4671085 1.5880367 26.753069 -2.0344974994659424 0.15700699388980865
Pedestrian 0.0 0 -1.4370925426483154 1070.8538818359375 136.48692321777344 1094.67724609375 186.75523376464844 0.5332333 1.965908 0.72724855 18.734077 0.5440116 28.654854 -0.8580620288848877 0.15563039481639862
Cyclist 0.0 0 -0.3265983462333679 1161.9017333984375 161.87667846679688 1242.0 237.5877227783203 1.7151874 1.6421889 0.56981444 13.497296 1.4044464 16.221487 0.3673896789550781 0.15899136662483215
Car 0.0 0 1.3604283332824707 366.9882507324219 185.78184509277344 448.6158142089844 236.65394592285156 4.1253633 1.3702557 1.6329521 -6.5053 1.817901 22.757057 1.0819952487945557 0.9073300361633301
Car 0.0 0 1.586198329925537 295.77862548828125 182.76083374023438 352.5198669433594 232.33047485351562 3.5469956 1.384414 1.550359 -9.062708 1.7251494 22.85462 1.2086806297302246 0.9011298418045044
Car 0.0 0 -2.238149642944336 39.868900299072266 177.81124877929688 301.7238464355469 292.14068603515625 4.428245 1.8401216 1.7734267 -8.167464 1.9432032 13.34898 -2.787230968475342 0.3452763855457306
Car 0.0 0 1.5422275066375732 756.4520874023438 159.73927307128906 801.1476440429688 200.33811950683594 3.9650447 1.50182 1.6077956 6.6285377 1.017042 28.78996 1.768521785736084 0.3204517960548401
Car 0.0 0 -2.7126340866088867 436.50079345703125 152.84384155273438 533.8107299804688 187.14564514160156 3.9680839 1.4681107 1.5995301 -5.586436 0.6120377 32.15665 -2.884643077850342 0.3142458498477936
