Pedestrian 0.0 0 -1.82858145236969 264.1764221191406 156.77420043945312 286.9507141113281 210.56591796875 0.5293205 1.9427152 0.6438101 -12.31169 1.3623432 26.465223 -2.264005661010742 0.41118234395980835
Pedestrian 0.0 0 0.9573410153388977 217.06507873535156 156.30165100097656 244.24267578125 213.49366760253906 0.5391567 1.8596067 0.59276104 -12.580328 1.3217628 23.84468 0.4718620777130127 0.2875087857246399
Pedestrian 0.0 0 -0.3385493755340576 823.27734375 151.1854705810547 864.2897338867188 216.6503448486328 0.87763876 1.7075746 0.62077844 6.145832 1.1427346 19.140215 -0.02785322070121765 0.19647903740406036
Pedestrian 0.0 0 1.32746160030365 762.2985229492188 144.96336364746094 784.2979736328125 191.78997802734375 0.8487357 1.8715113 0.6845586 6.575936 0.75716895 29.266718 1.5484808683395386 0.16655287146568298
Pedestrian 0.0 0 2.0343375205993652 475.2450866699219 176.61431884765625 488.51873779296875 199.66770935058594 1.1931506 1.7244252 0.5148747 -9.75709 2.0138803 54.824787 1.8582130670547485 0.162247434258461
Pedestrian 0.0 0 2.5918445587158203 844.550537109375 181.7848663330078 885.149169921875 257.4037780761719 0.67853534 1.7445153 0.62904346 5.9888687 1.9614015 17.11172 2.9285073280334473 0.14288803935050964
Pedestrian 0.0 0 3.248425006866455 463.0170593261719 176.63111877441406 479.43157958984375 204.7510528564453 0.9707017 1.7714015 0.5627516 -8.848625 2.0135093 45.857433 3.0578081607818604 0.14262069761753082
Pedestrian 0.0 0 1.3250086307525635 201.3337860107422 161.77569580078125 226.90658569335938 222.34043884277344 0.54779375 1.895816 0.5984514 -12.65955 1.5493976 22.987392 0.8216149806976318 0.1144193783402443
Cyclist 0.0 0 2.045875072479248 475.909912109375 173.8366241455078 498.2899475097656 202.7238311767578 1.7893618 1.7653651 0.632303 -7.7037807 1.828444 45.104992 1.8767107725143433 0.43206700682640076
Cyclist 0.0 0 1.8098065853118896 463.72784423828125 178.3018798828125 479.6720886230469 205.94122314453125 1.662532 1.713228 0.6220134 -8.821317 2.0665586 45.900757 1.6199390888214111 0.24612201750278473
Cyclist 0.0 0 2.017585277557373 341.2416076660156 178.80429077148438 366.7585754394531 216.9309844970703 1.2436216 1.7233663 0.64261526 -11.9041 2.005117 33.46712 1.675845742225647 0.1634468138217926
Car 0.0 0 1.820359468460083 360.2654113769531 184.52407836914062 487.7685241699219 267.82666015625 3.8681114 1.4537354 1.6525778 -3.7652276 1.7292216 15.069927 1.5755215883255005 0.9755575656890869
Car 0.0 0 2.0186524391174316 404.7453308105469 183.04541015625 471.50244140625 214.0116729736328 4.361332 1.4678793 1.7006037 -9.007081 2.0381432 38.03378 1.7861182689666748 0.1507803350687027
Car 0.0 0 0.7207915782928467 0.0 193.8037109375 74.18246459960938 221.9876251220703 3.4991436 1.5542936 1.6842098 -33.637608 2.8033743 42.082615 0.0464634895324707 0.14998964965343475
Car 0.0 0 -0.9137923121452332 0.0 194.42593383789062 108.17267608642578 261.5162658691406 3.8078504 1.4172151 1.5220565 -14.895817 2.0250866 18.395975 -1.5944395065307617 0.1378704458475113
Car 0.0 0 1.819634199142456 520.8462524414062 173.6376190185547 554.305419921875 195.71182250976562 3.6471334 1.5416884 1.5716188 -5.2533035 1.6010934 52.446648 1.7198024988174438 0.11745822429656982
