Pedestrian 0.0 0 -1.7177377939224243 768.3943481445312 166.90960693359375 791.355712890625 219.11526489257812 0.92899865 1.7810682 0.6464341 5.858463 1.5786247 25.103014 -1.488464593887329 0.7945436835289001
Pedestrian 0.0 0 2.2002358436584473 934.0382080078125 163.68765258789062 990.7573852539062 233.29966735839844 1.3197249 1.598057 0.53613085 8.310356 1.3879867 17.108019 2.6524250507354736 0.26040685176849365
Pedestrian 0.0 0 -0.022727951407432556 735.4176025390625 169.45584106445312 749.4655151367188 194.4736328125 0.9985437 1.8169297 0.45831722 9.643991 1.5704938 52.704273 0.15825295448303223 0.22897392511367798
Pedestrian 0.0 0 -1.732051134109497 768.9757690429688 156.32827758789062 786.1105346679688 195.2740478515625 0.69484633 1.8310639 0.68953323 7.919632 1.054453 34.2902 -1.505071997642517 0.2072201818227768
Pedestrian 0.0 0 -3.191110610961914 677.688232421875 175.9777069091797 685.790771484375 199.74327087402344 0.5625065 1.71241 0.44331798 5.1694274 1.9401467 52.284073 -3.0925588607788086 0.18890655040740967
Pedestrian 0.0 0 -2.9662787914276123 726.535400390625 174.5458221435547 734.0175170898438 193.82168579101562 0.5516647 1.7183481 0.6888932 10.784667 1.8716497 64.80873 -2.801382064819336 0.15665070712566376
Cyclist 0.0 0 -1.7932521104812622 685.9801635742188 169.8914337158203 705.3037109375 206.18055725097656 1.7917813 1.8318896 0.60982615 4.3842626 1.6826965 37.34383 -1.676384449005127 0.5042582750320435
Cyclist 0.0 0 2.6630680561065674 918.95263671875 161.74293518066406 995.8721923828125 229.1845245361328 1.6173186 1.5809195 0.46590084 8.208226 1.3208196 17.17022 3.109002113342285 0.3293664753437042
Cyclist 0.0 0 -1.7417635917663574 678.0147705078125 177.46951293945312 686.8426513671875 201.09136962890625 1.5047444 1.6831611 0.3866962 5.2352567 2.0240815 52.472893 -1.6423219442367554 0.20553430914878845
Car 0.0 0 -0.48253893852233887 905.1659545898438 194.55841064453125 969.3423461914062 214.65283203125 4.2266674 1.4828246 1.7827271 25.53935 3.2113998 56.438293 -0.057592883706092834 0.41784602403640747
Car 0.0 0 0.3767859935760498 749.6026000976562 165.89852905273438 831.3475341796875 195.53302001953125 4.1268563 1.5865295 1.6690325 10.067304 1.2145158 40.50451 0.6203973293304443 0.1816343069076538
Car 0.0 0 1.1127376556396484 1101.1231689453125 183.69979858398438 1151.0721435546875 206.64193725585938 3.3771079 1.5497044 1.6090876 37.270767 2.3621979 52.230167 1.7325243949890137 0.15695616602897644
