Pedestrian 0.0 0 -0.1907678246498108 818.8172607421875 108.86748504638672 934.3680419921875 300.7015075683594 1.0193435 1.8729349 0.5318376 2.7422507 1.1651717 7.3571963 0.16601157188415527 0.43703532218933105
Pedestrian 0.0 0 -1.461171269416809 764.3408203125 164.62159729003906 775.39404296875 188.63514709472656 1.141408 1.7397511 0.66933286 12.375275 0.5175377 52.68949 -1.2304807901382446 0.23110923171043396
Car 0.0 0 -0.540962815284729 419.9159851074219 175.67469787597656 533.3173217773438 218.48922729492188 3.7480016 1.4314829 1.566261 -4.461311 1.2377983 25.831793 -0.711982011795044 0.8248631954193115
Car 0.0 0 0.02860894799232483 89.88813781738281 177.44033813476562 281.8470458984375 239.82138061523438 4.474507 1.5863816 1.7143344 -11.472511 1.4843218 20.07513 -0.49057504534721375 0.804609477519989
Car 0.0 0 2.003565788269043 326.1780090332031 179.32815551757812 391.3633117675781 207.1295166015625 4.389044 1.392925 1.5942266 -12.833426 1.2849878 38.256214 1.67990243434906 0.7433900237083435
Car 0.0 0 -1.4518523216247559 564.9037475585938 166.65037536621094 598.476806640625 192.3361053466797 3.889351 1.5290498 1.6433433 -1.181798 0.6458265 44.77158 -1.4782423973083496 0.6905743479728699
Car 0.0 0 -0.01972717046737671 0.0 184.0923309326172 100.99805450439453 219.52780151367188 4.151971 1.5508223 1.6516036 -26.058495 1.6802263 33.66425 -0.6784561276435852 0.2972370386123657
Car 0.0 0 0.375460147857666 119.95115661621094 163.51087951660156 233.29119873046875 197.47320556640625 4.1001525 1.4793625 1.606218 -19.087734 0.6967341 32.400887 -0.15691465139389038 0.24852831661701202
Car 0.0 0 -1.6245975494384766 517.2041625976562 182.46176147460938 547.2642822265625 208.9566192626953 3.5638933 1.4946653 1.5751392 -4.1301613 1.5548714 42.535828 -1.7213925123214722 0.21398907899856567
Car 0.0 0 1.9404983520507812 549.9584350585938 168.8557586669922 586.2459106445312 190.59230041503906 3.7495043 1.628189 1.5700617 -2.530791 0.68163896 55.83192 1.8952006101608276 0.2106572836637497
