Car 0.0 0 -1.8335585594177246 690.50341796875 185.3065185546875 796.284912109375 256.7846374511719 3.404436 1.4440476 1.5854825 2.9666643 1.7675674 16.955954 -1.6603487730026245 0.9696524739265442
Car 0.0 0 3.3029909133911133 320.31365966796875 176.55816650390625 460.5898132324219 235.25027465820312 3.8008173 1.6597975 1.666037 -6.5193357 1.7766441 21.612984 3.0100302696228027 0.9371989369392395
Car 0.0 0 3.608208179473877 66.34757995605469 178.81271362304688 363.8080139160156 274.3077392578125 4.0284467 1.4508871 1.5912665 -6.4001875 1.5566651 11.914104 3.1152498722076416 0.9035126566886902
Car 0.0 0 -0.21118000149726868 763.4129638671875 185.81959533691406 883.657470703125 231.84324645996094 3.628306 1.4589591 1.5910884 7.0746174 1.9128885 24.314646 0.07196378707885742 0.8868873715400696
Car 0.0 0 -2.3440263271331787 922.7738037109375 177.07359313964844 1242.0 375.0 3.9140935 1.4976766 1.6386807 3.1168919 1.5293418 3.3721306 -1.5979418754577637 0.8340980410575867
Car 0.0 0 3.821767568588257 0.0 181.87686157226562 210.7031707763672 358.0707702636719 4.091068 1.5509042 1.6761616 -6.6686316 1.6555774 7.392265 3.0877883434295654 0.8274999856948853
Car 0.0 0 0.5644388198852539 0.0 186.4325714111328 321.04290771484375 317.5321044921875 4.377774 1.5345327 1.630477 -6.374081 1.7301029 9.497139 -0.02666674554347992 0.8094010353088379
Car 0.0 0 3.52248215675354 171.75233459472656 183.1727752685547 418.1947021484375 269.3922119140625 4.168762 1.5829157 1.6739527 -6.163812 1.8011777 14.345464 3.1166627407073975 0.7978379726409912
Car 0.0 0 3.2367947101593018 454.84796142578125 176.67665100097656 531.325439453125 205.06109619140625 4.0974355 1.5450714 1.6958529 -6.5486474 1.7652844 40.516308 3.0765507221221924 0.7211800813674927
Car 0.0 0 3.1694281101226807 478.1262512207031 172.03439331054688 546.548095703125 200.77696228027344 4.207736 1.7739698 1.7532204 -6.173201 1.7237418 45.625626 3.0349435806274414 0.7195954322814941
