Pedestrian 0.0 0 1.0758382081985474 794.505615234375 124.42748260498047 890.8915405273438 318.002685546875 0.9641129 1.8413306 0.53613573 2.3565507 1.3096536 7.242962 1.3903932571411133 0.9118692278862
Pedestrian 0.0 0 0.0464475154876709 1105.249267578125 190.74391174316406 1150.2921142578125 260.3271789550781 0.8615145 1.6454283 0.71125245 12.848235 1.9074585 17.423258 0.6818478107452393 0.7917176485061646
Pedestrian 0.0 0 1.5383597612380981 681.3900756835938 145.42630004882812 700.9042358398438 203.64244079589844 0.7886678 1.8154364 0.58796054 2.7003846 0.7232371 22.462389 1.6580036878585815 0.7772082090377808
Pedestrian 0.0 0 1.0465807914733887 766.4000244140625 144.09410095214844 819.7742309570312 250.32379150390625 0.73222727 1.6515439 0.53598034 2.9807312 1.087202 11.411578 1.3020747900009155 0.7740293145179749
Pedestrian 0.0 0 1.6039713621139526 451.23614501953125 138.4284210205078 490.8157958984375 218.510986328125 1.0759168 1.8050857 0.8772455 -3.155591 0.8583906 16.531506 1.4153568744659424 0.7694580554962158
Pedestrian 0.0 0 1.120398998260498 550.6612548828125 129.37844848632812 614.530517578125 232.84347534179688 0.99885035 1.795644 0.80751896 -0.46391377 0.91007096 12.896151 1.0844414234161377 0.7240399122238159
Pedestrian 0.0 0 -0.09617216885089874 698.4911499023438 132.38253784179688 797.1884765625 325.74066162109375 0.8858371 1.8034579 0.6801952 1.3310611 1.3563632 6.9692655 0.0925452709197998 0.7181808948516846
Pedestrian 0.0 0 0.9104922413825989 457.1912536621094 136.75233459472656 522.8434448242188 262.6136169433594 0.82048744 1.8267398 0.6102084 -1.7995204 1.1934543 10.759462 0.7447760105133057 0.6876994371414185
Pedestrian 0.0 0 1.5079249143600464 518.16845703125 143.17941284179688 555.6795043945312 222.3710174560547 1.0315349 1.8417976 0.83163226 -1.6888142 0.97542095 17.015228 1.4089958667755127 0.6256995797157288
Pedestrian 0.0 0 2.2464661598205566 383.0354309082031 142.2412109375 416.5067443847656 195.93551635742188 0.9579835 1.8215806 0.66427785 -7.148817 0.52518594 24.551281 1.9631215333938599 0.5413995385169983
Pedestrian 0.0 0 2.1593270301818848 593.606689453125 140.73045349121094 639.857177734375 216.8868865966797 0.9568638 1.8038435 0.7269056 0.25605702 0.8634643 17.342394 2.17409086227417 0.5070177316665649
Pedestrian 0.0 0 -0.7228875756263733 710.8746337890625 140.36856079101562 772.4059448242188 259.3783874511719 0.67402786 1.8252949 0.69651127 2.1355355 1.211444 11.310838 -0.5362798571586609 0.37163040041923523
Pedestrian 0.0 0 1.258277177810669 573.7636108398438 153.72802734375 610.1423950195312 244.88897705078125 0.5860827 1.5157871 0.4629386 -0.27334183 1.0722842 12.104409 1.2356990575790405 0.3667565882205963
Pedestrian 0.0 0 1.2723966836929321 499.5668029785156 133.84739685058594 548.457763671875 251.17442321777344 0.7422841 1.8438156 0.6003205 -1.3784869 1.1123179 11.567338 1.1537854671478271 0.3647710978984833
Pedestrian 0.0 0 1.4625062942504883 556.3231811523438 133.98443603515625 585.30810546875 209.9439239501953 0.7967803 1.7957819 0.6172447 -0.87477815 0.69769657 17.152882 1.4115514755249023 0.34800538420677185
Pedestrian 0.0 0 1.0360316038131714 606.0321044921875 132.74969482421875 669.1748657226562 254.6379852294922 0.7909109 1.7931231 0.6597528 0.44804037 1.0923219 10.901118 1.0771088600158691 0.2981099486351013
Pedestrian 0.0 0 -1.469350814819336 104.4156723022461 146.0387420654297 161.43763732910156 268.3437194824219 0.96524775 1.9260397 0.6947282 -7.8490047 1.3850054 11.718732 -2.0595076084136963 0.2760280668735504
Pedestrian 0.0 0 0.8028591871261597 231.6264190673828 130.05023193359375 348.3489074707031 253.2842559814453 1.9281591 1.924365 0.5780729 -5.250577 1.1382221 11.661836 0.3798091411590576 0.1404692679643631
Cyclist 0.0 0 0.8028591871261597 231.6264190673828 130.05023193359375 348.3489074707031 253.2842559814453 1.9281591 1.924365 0.5780729 -5.250577 1.1382221 11.661836 0.3798091411590576 0.3848108947277069
