Pedestrian 0.0 0 1.7622859477996826 441.87432861328125 174.0144805908203 489.73870849609375 284.35906982421875 0.78359026 1.6902885 0.6098901 -2.3290708 1.7097057 11.452832 1.561659812927246 0.18573303520679474
Pedestrian 0.0 0 -3.0960259437561035 861.7128295898438 139.2473602294922 894.1107788085938 192.3748016357422 1.0374336 1.8228285 0.575683 9.322557 0.6701263 25.220549 -2.7419614791870117 0.15024210512638092
Pedestrian 0.0 0 -1.4719502925872803 575.6917114257812 146.11135864257812 593.9496459960938 192.8499298095703 0.5408434 1.9233087 0.7092424 -1.0847349 0.8231974 29.980885 -1.5081154108047485 0.10472087562084198
Pedestrian 0.0 0 -0.5776610374450684 1163.8634033203125 124.8741226196289 1242.0 302.8294372558594 0.9650668 1.7933677 0.54907125 6.4829016 1.3102022 7.602709 0.128403902053833 0.10383091121912003
Cyclist 0.0 0 1.0987228155136108 860.5772705078125 136.1550750732422 899.1868896484375 188.9539794921875 1.687514 1.7841345 0.55520904 9.379152 0.5443947 25.249111 1.4543904066085815 0.18689663708209991
Car 0.0 0 -1.9023514986038208 820.8988647460938 177.16140747070312 1066.754150390625 321.46124267578125 3.5284996 1.3761768 1.5606934 3.709131 1.4399037 8.7995 -1.503435492515564 0.9770610928535461
Car 0.0 0 -1.7659802436828613 778.886474609375 175.6156463623047 915.2079467773438 267.8285217285156 4.158732 1.4934993 1.6686753 4.334971 1.5555823 13.968366 -1.4650626182556152 0.9627290964126587
Car 0.0 0 -1.6642823219299316 769.1702880859375 160.17010498046875 854.6189575195312 230.51210021972656 4.5125356 1.6630685 1.7609819 5.2487907 1.3635463 19.429173 -1.400430679321289 0.8967039585113525
Car 0.0 0 -0.784337043762207 752.7726440429688 181.3922576904297 827.6905517578125 211.2344512939453 3.8185658 1.4634396 1.5945839 9.471357 1.9332039 37.99957 -0.5400652885437012 0.1038595512509346
Car 0.0 0 -0.6157573461532593 765.046142578125 160.4966583251953 864.133056640625 198.56631469726562 3.7040744 1.505933 1.6109275 8.432717 1.0174681 29.917837 -0.34102240204811096 0.10137573629617691
