Pedestrian 0.0 0 -1.6120445728302002 789.7374267578125 161.3300323486328 804.857666015625 196.01792907714844 0.857368 1.8241142 0.74127936 10.231458 0.81744546 37.676533 -1.3468788862228394 0.3008230924606323
Pedestrian 0.0 0 2.898094415664673 509.445068359375 165.96006774902344 521.9697875976562 187.92724609375 0.9760382 1.8782408 0.5075708 -7.6687427 0.63624185 60.86192 2.7727527618408203 0.28011611104011536
Pedestrian 0.0 0 1.3640092611312866 273.8774108886719 176.50270080566406 322.09527587890625 267.53570556640625 1.0904131 1.7765813 0.69092023 -6.3214526 1.7002019 14.438124 0.9513213634490967 0.25740429759025574
Pedestrian 0.0 0 -3.629965305328369 992.6539306640625 152.75619506835938 1026.67919921875 219.71954345703125 0.5525439 1.6958392 0.57806605 10.374223 0.9948231 18.198084 -3.111842393875122 0.19396188855171204
Pedestrian 0.0 0 -0.09520381689071655 769.2859497070312 157.66452026367188 801.98828125 190.18031311035156 1.7709967 1.8464215 0.5644653 10.346259 0.551085 40.56027 0.15455365180969238 0.10702603310346603
Cyclist 0.0 0 1.0382928848266602 876.4063110351562 153.28607177734375 906.8743896484375 189.0838623046875 1.6971952 1.652347 0.5500613 13.553274 0.39766738 33.510754 1.4226256608963013 0.48221632838249207
Cyclist 0.0 0 -0.14068326354026794 769.6332397460938 158.42434692382812 802.366455078125 190.5962677001953 1.7566314 1.8296441 0.5712968 10.374361 0.57556754 40.585472 0.10957551002502441 0.41277629137039185
Cyclist 0.0 0 -2.0483615398406982 980.3175048828125 149.0437774658203 1030.5262451171875 217.2110137939453 1.6480904 1.6937573 0.42135444 10.35384 0.9137576 18.394075 -1.5356760025024414 0.2951984703540802
Car 0.0 0 1.8509635925292969 286.33038330078125 179.81887817382812 346.667236328125 211.3260040283203 4.5057974 1.5169462 1.6917145 -14.754476 1.4855944 36.366005 1.4655345678329468 0.8972234129905701
Car 0.0 0 -0.8272620439529419 0.0 208.36436462402344 288.16748046875 370.0 3.7362323 1.4747247 1.5456883 -3.2002652 1.6860931 3.4427783 -1.5761700868606567 0.882249653339386
Car 0.0 0 -0.25363045930862427 798.82666015625 163.205078125 948.7493896484375 212.42471313476562 4.4740477 1.5997895 1.7373917 9.008027 1.0391964 24.073452 0.10442924499511719 0.8651317358016968
Car 0.0 0 1.5649051666259766 438.4224548339844 173.42901611328125 467.0198974609375 198.8116912841797 4.0050373 1.4737397 1.6306399 -9.316704 1.0645688 43.17852 1.3523914813995361 0.7609328031539917
Car 0.0 0 -1.2804577350616455 387.43218994140625 172.78948974609375 424.1581115722656 195.8014373779297 3.6596782 1.597428 1.565531 -14.29454 1.063487 50.919136 -1.5541434288024902 0.23701351881027222
