Pedestrian 0.0 0 -3.2754409313201904 809.6607055664062 152.66880798339844 850.649658203125 210.39852905273438 1.1572638 1.7747978 0.5812212 6.827113 1.1545978 22.558746 -2.9815666675567627 0.294494092464447
Pedestrian 0.0 0 -1.1741737127304077 372.730712890625 170.08297729492188 394.4299011230469 213.3728790283203 0.6735698 1.7962109 0.6614553 -9.54621 1.6815919 30.301298 -1.479373574256897 0.24289724230766296
Pedestrian 0.0 0 2.740954637527466 878.7877197265625 149.45692443847656 926.8053588867188 212.91021728515625 1.1002469 1.7626432 0.62023675 8.205802 1.1130635 20.360264 3.124070644378662 0.18299929797649384
Pedestrian 0.0 0 0.965301513671875 960.3697509765625 105.54136657714844 1056.6883544921875 228.60537719726562 1.5777202 1.9044144 0.6022625 6.515532 0.86310995 11.979628 1.4634373188018799 0.1428648978471756
Pedestrian 0.0 0 2.085176467895508 350.0564270019531 146.2900390625 379.4062805175781 204.36216735839844 0.678259 1.8199855 0.63524115 -7.860129 0.9878267 23.0021 1.755902886390686 0.1360243558883667
Pedestrian 0.0 0 0.6834845542907715 389.1299743652344 189.58905029296875 417.98883056640625 240.71092224121094 0.70777416 1.4762827 0.43358028 -6.1671977 1.9807322 21.393177 0.402815580368042 0.12769334018230438
Pedestrian 0.0 0 0.23865030705928802 238.90802001953125 147.89866638183594 283.9513244628906 213.50241088867188 1.0335027 1.8152945 0.59894025 -9.874147 1.1251239 20.364485 -0.21282099187374115 0.11774833500385284
Cyclist 0.0 0 1.0117300748825073 958.3204956054688 106.96465301513672 1056.6160888671875 226.63592529296875 1.7994051 1.8519597 0.5634392 6.5428987 0.8326541 12.078904 1.5081629753112793 0.2535744309425354
Car 0.0 0 -1.3980883359909058 576.70947265625 176.86871337890625 605.6044921875 197.63055419921875 3.5015886 1.4553416 1.5501984 -1.3826468 1.7616225 53.133724 -1.4241044521331787 0.5146627426147461
Car 0.0 0 1.8276262283325195 620.099853515625 177.62413024902344 650.3976440429688 196.7088165283203 3.912038 1.4934157 1.5602876 2.0970418 1.9017156 59.6055 1.8627936840057373 0.1265413612127304
