Car 0.0 0 -2.5418291091918945 21.152488708496094 186.0879364013672 310.2123107910156 293.8419494628906 3.6566885 1.5512221 1.6212819 -7.00233 1.7794541 11.514316 -3.0882132053375244 0.9731042385101318
Car 0.0 0 -1.656958818435669 648.9038696289062 184.1631317138672 698.5166015625 224.5123748779297 4.204355 1.4988335 1.6874306 2.5427988 2.003716 30.08285 -1.5726327896118164 0.950092613697052
Car 0.0 0 0.470648854970932 137.81576538085938 181.6901397705078 402.60809326171875 271.39306640625 4.398671 1.6180338 1.7077236 -6.563367 1.802848 14.1276245 0.03573918342590332 0.8708146214485168
Car 0.0 0 0.23044151067733765 330.81500244140625 183.6048126220703 487.4700622558594 235.03416442871094 4.3578825 1.4808087 1.5930418 -6.081814 1.8224539 22.021727 -0.03901524096727371 0.7983633279800415
Car 0.0 0 0.18429350852966309 415.4715576171875 184.00062561035156 522.7670288085938 218.9834442138672 4.3717875 1.4607819 1.6333389 -6.127965 1.9605658 31.491913 -0.007893342524766922 0.7963706254959106
Car 0.0 0 -2.7159764766693115 220.08436584472656 188.2947540283203 432.1338806152344 256.8653869628906 4.2831573 1.4555743 1.556774 -6.4870267 1.8304297 16.606125 -3.088388442993164 0.7832959890365601
Car 0.0 0 -2.6627233028411865 0.0 0.0 1242.0 375.0 3.9315488 1.4690318 1.6283711 3.0149539 1.5360585 1.8396144 -1.6397860050201416 0.6459940075874329
Car 0.0 0 3.221651554107666 489.576416015625 182.4894256591797 549.3706665039062 206.6442108154297 3.875135 1.5711533 1.6370661 -6.0849795 2.2320297 48.555305 3.0969808101654053 0.4143386781215668
Car 0.0 0 3.2104201316833496 476.4122619628906 182.5544891357422 544.38037109375 208.72784423828125 4.0103607 1.5384362 1.657793 -6.0736876 2.1444798 44.08579 3.073512315750122 0.3888283669948578
Car 0.0 0 0.2673933506011963 373.59686279296875 177.0959014892578 474.98809814453125 213.44361877441406 3.701942 1.4210063 1.5196705 -7.5013328 1.5975592 29.178665 0.015759706497192383 0.359503835439682
