Pedestrian 0.0 0 -3.4255456924438477 907.5402221679688 174.76284790039062 931.6851196289062 202.74957275390625 1.3357208 1.8367627 0.6703165 20.48373 1.9647317 47.82113 -3.0208489894866943 0.10727423429489136
Cyclist 0.0 0 -0.22471898794174194 905.5534057617188 175.06866455078125 935.4851684570312 202.8260040283203 1.705928 1.8150532 0.70010656 20.512304 1.9635265 47.75592 0.18097710609436035 0.4672117829322815
Cyclist 0.0 0 -1.7599046230316162 1136.33447265625 162.33010864257812 1159.1202392578125 211.26255798339844 1.5922135 1.6902088 0.35539427 19.109161 1.3270539 25.714523 -1.120816707611084 0.21921107172966003
Car 0.0 0 -1.5910382270812988 721.45458984375 178.51087951660156 774.2899780273438 230.72677612304688 4.4866624 1.6066755 1.6434357 4.681726 1.8218936 25.05513 -1.4063115119934082 0.9468052387237549
Car 0.0 0 2.2625749111175537 27.105051040649414 183.38980102539062 335.56695556640625 314.6979675292969 4.236373 1.5161176 1.6353407 -6.126375 1.7084906 10.91677 1.7511816024780273 0.9444775581359863
Car 0.0 0 1.8051421642303467 557.9505004882812 180.74658203125 613.8491821289062 214.57179260253906 4.3065333 1.4571171 1.7108504 -1.1136893 1.8590194 34.42519 1.772802472114563 0.9138667583465576
Car 0.0 0 1.9018561840057373 470.920654296875 178.84317016601562 557.1989135742188 227.42201232910156 4.288654 1.4989442 1.6628939 -3.2650223 1.7263852 25.087433 1.7724378108978271 0.8852654695510864
Car 0.0 0 1.6276297569274902 623.243896484375 178.46763610839844 647.7612915039062 201.4002227783203 3.7483637 1.5313596 1.5257205 1.8067821 1.9440846 51.06361 1.6629979610443115 0.4009825587272644
Car 0.0 0 1.9756617546081543 575.4103393554688 182.9496612548828 614.1808471679688 203.45556640625 3.304845 1.3808594 1.6382269 -1.0957853 2.1378496 52.23496 1.9546868801116943 0.25232911109924316
Car 0.0 0 -0.8340567350387573 1107.634521484375 151.78717041015625 1188.6722412109375 176.80567932128906 4.27101 1.5301584 1.6390771 33.76662 0.24204662 45.343052 -0.19396129250526428 0.20543523132801056
