Pedestrian 0.0 0 3.336963653564453 165.62965393066406 196.220947265625 196.06228637695312 242.22789001464844 0.94083214 1.805994 0.72822434 -17.478167 2.7725282 29.330591 2.799562454223633 0.2009565532207489
Pedestrian 0.0 0 1.5143285989761353 794.4334716796875 175.2316436767578 828.6241455078125 248.94964599609375 1.0748024 1.7838928 0.7628601 4.9937468 1.8459085 18.102545 1.7834930419921875 0.1490999013185501
Pedestrian 0.0 0 1.2300612926483154 1015.6859130859375 200.18194580078125 1074.2333984375 298.10968017578125 1.1450732 1.7341585 0.60297275 8.208792 2.278584 13.741628 1.7685422897338867 0.12946046888828278
Cyclist 0.0 0 1.1308646202087402 994.363037109375 213.56715393066406 1065.281005859375 313.5207824707031 1.5975002 1.7039155 0.5348137 7.9287705 2.528225 13.781719 1.6529324054718018 0.12450820952653885
Car 0.0 0 1.7084747552871704 511.1642761230469 181.08641052246094 533.8812866210938 198.03817749023438 3.7493725 1.4423196 1.5368518 -7.884795 2.2071135 65.109406 1.5879608392715454 0.5465104579925537
Car 0.0 0 2.015101194381714 20.122026443481445 197.4126739501953 82.78021240234375 223.30828857421875 4.2168465 1.5415622 1.7537678 -38.219734 3.3018363 49.457508 1.357180118560791 0.2431240975856781
Car 0.0 0 1.5444902181625366 637.5733642578125 182.40402221679688 665.033203125 209.51416015625 3.995071 1.5560614 1.591173 2.496924 2.1768763 44.855053 1.6000993251800537 0.20680652558803558
Car 0.0 0 1.4494205713272095 650.4874267578125 186.09275817871094 698.0115356445312 222.957763671875 3.9582062 1.440649 1.5939217 2.7130675 2.0584314 31.641685 1.5349547863006592 0.17190967500209808
Car 0.0 0 2.0428552627563477 214.18801879882812 188.204345703125 296.1804504394531 225.64413452148438 3.8488626 1.4398319 1.6129252 -15.311611 2.1467702 31.27217 1.5875427722930908 0.1540442258119583
Car 0.0 0 1.6123793125152588 243.40365600585938 194.8309326171875 281.6275939941406 223.9938507080078 3.3464377 1.4266833 1.7742783 -19.264013 2.7038295 40.02854 1.163838267326355 0.1530447006225586
Car 0.0 0 -0.7653235197067261 877.022216796875 216.5001983642578 1059.1519775390625 309.1600341796875 3.2554672 1.638777 1.5706065 7.4486537 2.6322834 15.172438 -0.308955579996109 0.14670270681381226
