Pedestrian 0.0 0 -1.9934641122817993 698.727783203125 163.18130493164062 721.6566772460938 203.38198852539062 0.8503577 1.7226876 0.7009809 4.3182673 1.3085492 31.42354 -1.8568980693817139 0.7679477334022522
Pedestrian 0.0 0 0.944072961807251 757.3705444335938 115.68158721923828 812.2589111328125 230.88050842285156 0.7383476 1.7323459 0.49322075 2.6720524 0.8729527 11.2832155 1.1766057014465332 0.4431496262550354
Cyclist 0.0 0 1.881131649017334 524.0978393554688 173.4143829345703 548.9588012695312 210.33343505859375 1.7757522 1.7323339 0.6862524 -3.5708926 1.7604682 34.821747 1.7789411544799805 0.8606825470924377
Cyclist 0.0 0 1.5595355033874512 503.8705139160156 174.15725708007812 528.5346069335938 235.6873321533203 1.6601727 1.7074139 0.681725 -2.7792063 1.7471466 20.926506 1.4275002479553223 0.8510865569114685
Cyclist 0.0 0 1.7091400623321533 467.51995849609375 174.6431427001953 502.030517578125 242.25869750976562 1.8205642 1.8156112 0.71779525 -3.5564206 1.8687057 20.342964 1.5360660552978516 0.7712962031364441
Car 0.0 0 -1.9802995920181274 765.8323364257812 183.22265625 1146.6512451171875 375.0 3.5178566 1.5271448 1.5938408 2.5446482 1.6446923 6.3706393 -1.6002814769744873 0.9707509279251099
Car 0.0 0 2.011091470718384 93.47781372070312 185.52162170410156 360.1549987792969 327.0808410644531 3.8419123 1.5039473 1.7118624 -4.98127 1.7131329 9.951122 1.5469850301742554 0.9676642417907715
Car 0.0 0 -1.4911744594573975 641.4629516601562 176.4475860595703 672.0958251953125 201.62762451171875 4.0193787 1.5331995 1.6632961 3.032408 1.7763692 46.641697 -1.42625093460083 0.819403886795044
Car 0.0 0 1.6662483215332031 425.3110656738281 182.3531036376953 484.66961669921875 227.72886657714844 4.548487 1.4235398 1.6577187 -5.527583 1.7968594 25.972963 1.4565562009811401 0.7910622954368591
Car 0.0 0 -1.291685700416565 502.6299133300781 183.29737854003906 545.8887329101562 209.67808532714844 3.9664538 1.4822087 1.6060765 -5.239598 2.1536384 44.275494 -1.4094786643981934 0.3263018727302551
Car 0.0 0 1.5696955919265747 616.7196655273438 166.27239990234375 640.7220458984375 192.11949157714844 4.1744804 1.951024 1.811875 1.437469 1.4545803 56.569942 1.5951006412506104 0.32555264234542847
