Pedestrian 0.0 0 -0.7592304944992065 862.1033325195312 147.42633056640625 882.3190307617188 182.99420166015625 0.8089151 1.8624058 0.60971045 13.852084 0.53132 38.219604 -0.4115218222141266 0.2848747968673706
Pedestrian 0.0 0 -1.9855711460113525 1157.4404296875 135.28091430664062 1191.4652099609375 196.06631469726562 0.53380215 2.0187929 0.75106007 18.96769 0.7712811 24.311668 -1.323027491569519 0.23669053614139557
Pedestrian 0.0 0 -3.557529926300049 912.4619140625 124.28837585449219 979.3435668945312 215.62551879882812 1.0765756 1.8043073 0.588386 6.7115383 0.84528196 14.553626 -3.1254348754882812 0.23283347487449646
Pedestrian 0.0 0 2.3487935066223145 1172.558349609375 162.0914764404297 1198.08642578125 197.87094116210938 0.9707544 1.8640475 0.5155656 30.183596 1.3036973 37.902267 3.0213069915771484 0.19219104945659637
Pedestrian 0.0 0 2.402109384536743 1150.307861328125 115.5814208984375 1242.0 294.2417297363281 1.019471 1.8116089 0.54627776 6.3535247 1.231225 7.60879 3.0978448390960693 0.1256781369447708
Pedestrian 0.0 0 1.8155226707458496 1010.2154541015625 113.61280059814453 1050.1181640625 200.3745880126953 0.7096913 1.7924085 0.58088326 8.897288 0.56890464 15.360417 2.34053373336792 0.11962204426527023
Cyclist 0.0 0 1.2178072929382324 649.697509765625 168.6064910888672 675.605224609375 206.36326599121094 1.8560171 1.7948261 0.6593086 2.5219407 1.5932723 35.279728 1.2891700267791748 0.5174246430397034
Car 0.0 0 1.5462225675582886 582.0856323242188 174.57037353515625 608.0072631835938 201.5497283935547 3.965704 1.7005337 1.6105076 -1.0552721 1.8192886 47.75152 1.5241268873214722 0.6615046858787537
Car 0.0 0 1.6811127662658691 442.7810363769531 177.64312744140625 482.7555236816406 208.56434631347656 3.954539 1.4757882 1.5893801 -7.553104 1.7360085 37.107555 1.4803097248077393 0.2404918521642685
Car 0.0 0 1.3952069282531738 663.4719848632812 173.17694091796875 694.420166015625 196.73411560058594 3.9349585 1.6624489 1.5932391 4.996326 1.6874337 52.998135 1.4892027378082275 0.17424176633358002
Car 0.0 0 -1.1000940799713135 207.72410583496094 162.3834228515625 287.573974609375 205.90579223632812 4.62081 2.2278533 2.000447 -19.62053 1.6922357 39.249313 -1.563657522201538 0.16597430408000946
