Pedestrian 0.0 0 0.1730332225561142 359.22869873046875 181.66856384277344 384.7122497558594 241.79336547851562 0.5733649 1.6618146 0.7130803 -6.787808 1.9168619 20.450682 -0.14743675291538239 0.47177475690841675
Pedestrian 0.0 0 -0.06854599714279175 269.4371337890625 185.7509765625 302.9715576171875 276.67431640625 0.5788118 1.7770859 0.58718294 -6.61022 2.0456638 14.607521 -0.49349498748779297 0.32965096831321716
Pedestrian 0.0 0 0.9308164119720459 306.5238952636719 176.94961547851562 357.8946228027344 252.97035217285156 0.9283501 1.7475063 0.733033 -6.6703877 1.8486785 17.200722 0.5608739852905273 0.2979709804058075
Pedestrian 0.0 0 3.7408487796783447 28.101734161376953 135.50460815429688 73.9817123413086 216.35508728027344 0.623794 1.7754587 0.5246397 -12.533354 0.955632 16.123066 3.080068826675415 0.2786300480365753
Pedestrian 0.0 0 1.7893457412719727 43.09370803833008 128.021728515625 93.70283508300781 225.1818389892578 0.7053419 1.8531951 0.6618803 -10.709238 0.9984392 14.217654 1.1437773704528809 0.2753126323223114
Pedestrian 0.0 0 2.8582918643951416 711.235107421875 179.39764404296875 756.51025390625 247.4869384765625 1.0489928 1.7555276 0.6039119 3.211869 1.9317691 19.030464 3.025491237640381 0.23164749145507812
Pedestrian 0.0 0 -1.096675157546997 190.5714874267578 189.3058624267578 243.89085388183594 295.70318603515625 0.7763753 1.6857303 0.47506294 -6.542016 1.967516 11.945526 -1.5977154970169067 0.2182529717683792
Pedestrian 0.0 0 0.7342896461486816 91.75636291503906 195.08921813964844 163.4053192138672 322.9539489746094 0.72748935 1.6088467 0.34863514 -6.3197637 1.905169 9.377573 0.1412801742553711 0.21255424618721008
Pedestrian 0.0 0 1.8464313745498657 121.11283874511719 173.3804473876953 147.77764892578125 222.7560577392578 0.7491666 1.615963 0.56095916 -15.898454 1.6342025 24.063147 1.2625728845596313 0.194326713681221
Cyclist 0.0 0 2.699822425842285 753.6550903320312 163.20376586914062 842.7257690429688 238.60658264160156 1.9743694 1.7528598 0.6549616 4.449573 1.5288829 17.278336 2.951869249343872 0.4027194678783417
Car 0.0 0 -1.5001336336135864 456.4668884277344 187.17323303222656 504.45233154296875 230.5847930908203 3.5053384 1.5099325 1.5979465 -5.0321155 2.104805 28.126883 -1.677168369293213 0.940634548664093
Car 0.0 0 3.339782238006592 220.36354064941406 182.56118774414062 372.059814453125 239.3201904296875 3.9405737 1.5826471 1.7021555 -9.389971 1.8927803 21.781895 2.9327640533447266 0.9366201758384705
Car 0.0 0 1.6555001735687256 477.7543029785156 182.45899963378906 519.6687622070312 219.36798095703125 4.1270137 1.6114877 1.6500486 -5.332106 2.1021597 34.715572 1.5030970573425293 0.6343187093734741
Car 0.0 0 1.7679252624511719 404.3644104003906 181.6114959716797 453.84564208984375 214.21585083007812 4.136638 1.4671663 1.5948056 -8.9168415 1.9263935 35.69996 1.5231614112854004 0.35312217473983765
