Pedestrian 0.0 0 3.2552123069763184 282.6785583496094 171.34625244140625 314.0868835449219 225.2823486328125 0.79546314 1.5668432 0.56366956 -9.099237 1.302495 20.920584 2.8449509143829346 0.6927713751792908
Pedestrian 0.0 0 -1.0842318534851074 8.629817962646484 154.9884033203125 37.07823181152344 198.39096069335938 0.75547373 1.8468364 0.67408764 -25.143555 0.7627626 30.51872 -1.7733609676361084 0.6824386715888977
Pedestrian 0.0 0 2.016810655593872 400.82452392578125 158.68096923828125 442.5333557128906 231.60928344726562 1.0749309 1.9662485 0.73245764 -5.1188617 1.3795588 19.655333 1.7620388269424438 0.5291197896003723
Pedestrian 0.0 0 0.18240252137184143 545.15087890625 163.1280517578125 576.3464965820312 220.29823303222656 0.871195 1.7579961 0.65319693 -1.4099752 1.2253611 22.112848 0.11872601509094238 0.4895916283130646
Cyclist 0.0 0 -0.4413151144981384 730.0897827148438 158.947998046875 773.172607421875 197.5890655517578 1.883627 1.7695686 0.60754657 6.802172 0.78405195 32.891098 -0.23738116025924683 0.8743178844451904
Cyclist 0.0 0 -3.4596335887908936 893.7451782226562 145.05886840820312 960.7584838867188 198.10987854003906 1.8722237 1.7147206 0.7411655 10.5773 0.5707347 23.31752 -3.033773183822632 0.8040735125541687
Cyclist 0.0 0 -0.2026394009590149 968.6096801757812 136.56117248535156 1053.71240234375 206.7338104248047 1.8163111 1.7539831 0.61226666 10.410098 0.6573158 18.24106 0.31595420837402344 0.6950696706771851
Cyclist 0.0 0 -0.4641430377960205 284.5954895019531 169.917724609375 357.3256530761719 236.04063415527344 1.7673253 1.7115512 0.55534005 -7.7030096 1.4392241 19.142466 -0.8467203378677368 0.42950356006622314
Cyclist 0.0 0 -1.3846542835235596 841.5357666015625 161.90225219726562 857.3988037109375 201.26153564453125 1.618163 1.6299795 0.34619045 10.382232 0.8612801 30.06442 -1.0521433353424072 0.35057249665260315
Cyclist 0.0 0 -1.0709800720214844 338.03668212890625 177.16854858398438 354.6201477050781 201.70111083984375 1.5979934 1.6689425 0.35691687 -17.884073 1.4436165 48.91202 -1.4215173721313477 0.28754690289497375
Cyclist 0.0 0 0.14576619863510132 544.6448974609375 163.125244140625 577.4175415039062 220.9739227294922 0.94218004 1.781727 0.6411737 -1.4017124 1.2481447 22.130312 0.08251166343688965 0.13487201929092407
Car 0.0 0 -1.3433690071105957 386.4674072265625 179.80630493164062 500.9955749511719 256.0856018066406 3.7033803 1.4193685 1.55908 -3.316528 1.4080977 15.010827 -1.560818076133728 0.9774748682975769
Car 0.0 0 -0.5977770686149597 1004.0585327148438 151.0313262939453 1113.5491943359375 188.52549743652344 3.737937 1.5864909 1.6393639 19.682669 0.3410627 30.785805 -0.028930559754371643 0.48643168807029724
Car 0.0 0 -1.5117944478988647 479.8284606933594 174.2118377685547 502.5968017578125 192.97129821777344 3.724882 1.4240146 1.553084 -8.905332 0.9479451 55.597088 -1.6706215143203735 0.4357025921344757
