Car 0.0 0 -0.33638304471969604 753.72412109375 182.19046020507812 939.1071166992188 249.33172607421875 3.9612129 1.5308186 1.6741427 5.613791 1.7703139 17.587133 -0.02740706503391266 0.9711525440216064
Car 0.0 0 -2.448118209838867 0.0 179.8283233642578 279.17425537109375 358.8490295410156 4.4851975 1.5719608 1.658232 -5.9935665 1.6502703 7.2298455 -3.1402957439422607 0.9365665316581726
Car 0.0 0 3.549781560897827 64.05464172363281 177.79840087890625 358.6549377441406 273.95599365234375 4.045004 1.4768864 1.5946611 -6.568591 1.5671755 12.150087 3.0541677474975586 0.9313036799430847
Car 0.0 0 -1.7076963186264038 634.367431640625 181.29302978515625 680.9873657226562 214.73446655273438 3.8734467 1.3489561 1.5415635 2.02011 1.7479775 32.094555 -1.6448367834091187 0.9279073476791382
Car 0.0 0 -0.726897120475769 992.8238525390625 178.1230010986328 1242.0 336.90203857421875 3.6209295 1.5072697 1.6026348 6.305669 1.5709914 7.7898664 -0.0464080274105072 0.9161939024925232
Car 0.0 0 0.2349194884300232 355.57586669921875 180.02162170410156 490.865966796875 226.5409698486328 4.3773603 1.5780892 1.7086165 -6.598615 1.8420329 25.640165 -0.01696907728910446 0.8895840644836426
Car 0.0 0 0.6372110843658447 0.0 192.6619415283203 326.7778015136719 315.38629150390625 4.2849555 1.4358299 1.5588492 -6.2780347 1.725717 9.637672 0.05984830856323242 0.8855558037757874
Car 0.0 0 -0.7750303149223328 1131.7685546875 201.40383911132812 1242.0 375.0 3.7503614 1.4544418 1.6129712 6.4639764 1.7130755 5.5613475 0.08528804779052734 0.8074871897697449
Car 0.0 0 -2.757434606552124 243.3883514404297 184.76304626464844 428.76068115234375 248.46192932128906 3.8755789 1.4346334 1.5535195 -6.553528 1.73542 17.377325 -3.118072271347046 0.772229790687561
Car 0.0 0 3.512944221496582 165.87242126464844 185.2917938232422 393.50189208984375 261.01715087890625 3.9488657 1.4314723 1.5843787 -6.698274 1.7028967 14.826663 3.0886175632476807 0.650615394115448
