Pedestrian 0.0 0 -1.2523082494735718 943.3928833007812 136.1811065673828 983.950439453125 219.3353729248047 0.6128397 1.8164988 0.6604757 7.896214 1.0157402 16.209106 -0.7989959716796875 0.4973045587539673
Car 0.0 0 -1.6895790100097656 647.9420776367188 177.04058837890625 691.7587890625 213.2404327392578 3.8551655 1.6129947 1.6339272 2.7705164 1.8252462 34.558235 -1.609580636024475 0.947278618812561
Car 0.0 0 1.7986174821853638 435.2142639160156 187.8289337158203 490.9901123046875 225.74179077148438 3.5932312 1.4551469 1.572758 -6.2729564 2.1355202 30.944645 1.5986123085021973 0.9309166073799133
Car 0.0 0 2.2270665168762207 0.0 208.25146484375 246.87123107910156 375.0 3.9426632 1.4861253 1.6267022 -6.07256 1.9912112 8.295021 1.5951378345489502 0.9231195449829102
Car 0.0 0 -2.1703648567199707 916.2584228515625 177.10107421875 1242.0 375.0 3.8491673 1.5186716 1.5918487 2.9474428 1.5519671 3.6075351 -1.485329270362854 0.8790760636329651
Car 0.0 0 -1.050176978111267 131.3258819580078 199.5013427734375 208.6337890625 232.556396484375 4.1779737 1.5211998 1.6849358 -23.53416 3.0293438 38.714153 -1.5963817834854126 0.8494056463241577
Car 0.0 0 -1.0618712902069092 86.23287963867188 200.911865234375 164.69952392578125 234.06015014648438 4.0270853 1.5266845 1.7656612 -25.997435 3.1177478 38.82551 -1.6518996953964233 0.8086199760437012
Car 0.0 0 -1.0946929454803467 174.14439392089844 197.04542541503906 249.70875549316406 230.3601837158203 4.3497324 1.504968 1.6727394 -20.875702 2.852365 37.978035 -1.5972892045974731 0.790238082408905
Car 0.0 0 1.7337590456008911 465.58843994140625 187.4447021484375 507.2300720214844 218.49114990234375 3.660462 1.417128 1.50285 -6.2356787 2.1925702 36.491737 1.5645145177841187 0.7837637662887573
Car 0.0 0 2.2765722274780273 0.0 206.87030029296875 84.90193176269531 238.67918395996094 4.2156215 1.4169523 1.8048851 -30.797056 3.3498614 38.8511 1.6063017845153809 0.5934085845947266
