Pedestrian 0.0 0 1.7343522310256958 464.5321960449219 181.6489715576172 489.55218505859375 231.0884246826172 1.8152456 1.8582941 0.6833301 -5.2525806 2.2154808 28.35727 1.5511993169784546 0.2833077907562256
Cyclist 0.0 0 1.7792693376541138 463.13299560546875 180.51797485351562 490.87860107421875 229.23577880859375 1.9537398 1.830052 0.6871139 -5.2584796 2.1425257 28.396606 1.5961636304855347 0.697749674320221
Cyclist 0.0 0 1.5263298749923706 490.31207275390625 182.43096923828125 507.78863525390625 227.39451599121094 1.8774066 1.7964073 0.63670665 -4.700048 2.211044 30.226355 1.3720701932907104 0.6743071675300598
Car 0.0 0 -1.7882239818572998 642.7664794921875 183.50074768066406 716.7203369140625 238.37342834472656 3.2914424 1.5010033 1.5677793 2.0151858 1.8536105 22.137894 -1.6974453926086426 0.971842348575592
Car 0.0 0 -1.7538329362869263 562.417724609375 186.1563262939453 602.8063354492188 215.9906005859375 3.578838 1.5425102 1.6589966 -1.6330583 2.3334467 40.950905 -1.7936902046203613 0.9298654198646545
Car 0.0 0 -1.5405210256576538 404.2165832519531 189.905029296875 456.46240234375 237.4351348876953 3.5708523 1.4081932 1.6115555 -6.1248436 2.0367367 24.66432 -1.7839255332946777 0.9136099815368652
Car 0.0 0 1.2866873741149902 707.5640258789062 184.70556640625 851.9956665039062 279.85699462890625 3.6569889 1.41806 1.5358785 2.853018 1.664403 13.09564 1.5011956691741943 0.9119183421134949
Car 0.0 0 -1.905778408050537 759.6011352539062 149.25843811035156 1072.6754150390625 361.57073974609375 4.2665477 1.7281559 1.7011515 2.8809967 1.5364534 8.012183 -1.5605974197387695 0.8679488301277161
Car 0.0 0 -1.8126720190048218 606.3480224609375 180.45289611816406 666.5027465820312 219.68511962890625 3.7418 1.4365616 1.5664431 0.95732987 1.7652701 29.182386 -1.7798787355422974 0.8191377520561218
Car 0.0 0 -1.708574891090393 541.4395751953125 186.02894592285156 571.0365600585938 209.88099670410156 3.6416821 1.5601232 1.6074638 -3.883768 2.5327628 51.29546 -1.784144401550293 0.5972702503204346
Car 0.0 0 -1.0871715545654297 0.0 198.54623413085938 23.55674171447754 285.13323974609375 4.1799607 1.4967077 1.7029526 -15.167069 2.1482434 16.04251 -1.844526767730713 0.45746105909347534
Car 0.0 0 -2.3724467754364014 987.1112060546875 0.0 1242.0 375.0 3.4482574 1.5225769 1.557626 2.6035738 1.1404506 2.1091423 -1.4825166463851929 0.40592825412750244
Car 0.0 0 -1.603649377822876 416.9659729003906 190.4031524658203 460.4529113769531 229.83810424804688 3.7801046 1.4879234 1.6879256 -7.4701333 2.2942638 31.089159 -1.839460015296936 0.383592426776886
