Pedestrian 0.0 0 -0.18891111016273499 854.9303588867188 140.77304077148438 931.2493286132812 275.8628845214844 0.8758387 1.8086089 0.68103206 3.8765182 1.3794606 10.070219 0.17855310440063477 0.4060237407684326
Pedestrian 0.0 0 -1.8720719814300537 786.7156372070312 132.5276641845703 831.5071411132812 223.7337646484375 0.6879577 1.8276918 0.71245253 4.0273266 1.0199444 14.81276 -1.6066066026687622 0.3750273287296295
Pedestrian 0.0 0 -0.22442826628684998 893.6680908203125 159.9825897216797 941.0401611328125 251.102294921875 0.77939135 1.8064672 0.5529779 6.176135 1.5516468 14.641919 0.17473888397216797 0.33052703738212585
Pedestrian 0.0 0 -1.7860029935836792 782.776123046875 152.70831298828125 824.166259765625 247.33837890625 0.6544019 1.7826169 0.6446656 3.6747942 1.4034753 13.930062 -1.528075933456421 0.3052155077457428
Cyclist 0.0 0 0.41045042872428894 256.4460754394531 182.495849609375 370.291259765625 278.08453369140625 1.8441172 1.7035959 0.605683 -5.473818 1.8852011 13.240919 0.018444538116455078 0.5048777461051941
Cyclist 0.0 0 1.07706618309021 850.8048706054688 139.6975555419922 924.3619384765625 270.6722412109375 0.7142797 1.7491722 0.6976135 3.7916303 1.3067243 10.033487 1.4383747577667236 0.1478913426399231
Car 0.0 0 -1.416925072669983 476.5233154296875 188.1690673828125 567.9929809570312 257.1826477050781 4.314515 1.4216204 1.6091394 -2.1053183 1.8508439 18.016424 -1.5332529544830322 0.9429529905319214
Car 0.0 0 -1.4937382936477661 534.2246704101562 181.20384216308594 586.90380859375 223.63465881347656 4.0075994 1.4094791 1.644624 -1.8048959 1.7429276 26.768976 -1.5610612630844116 0.9320679903030396
Car 0.0 0 -2.3105618953704834 940.6546020507812 178.17898559570312 1242.0 375.0 3.8844016 1.4652637 1.5969962 3.299104 1.5067649 3.6284754 -1.572672963142395 0.8624234795570374
Car 0.0 0 -1.6528340578079224 683.7847290039062 175.22975158691406 726.0816040039062 210.1576385498047 3.6297638 1.4154675 1.5165172 4.0285196 1.5250998 31.336954 -1.5249804258346558 0.829485297203064
Car 0.0 0 -1.71156644821167 706.9424438476562 176.59622192382812 792.3230590820312 240.24703979492188 4.0559554 1.4792598 1.627735 3.5205786 1.5892149 19.068428 -1.5289937257766724 0.759676456451416
Car 0.0 0 -1.606077790260315 666.867919921875 174.14808654785156 691.8212280273438 198.01480102539062 3.4886992 1.5407041 1.5431169 4.6057825 1.6313587 48.55658 -1.5115067958831787 0.45080551505088806
