Pedestrian 0.0 0 1.3076435327529907 669.9212646484375 167.6171875 686.178955078125 202.1368865966797 1.1004758 1.8823841 0.62991035 3.7260334 1.5971746 39.938854 1.400667667388916 0.288523405790329
Cyclist 0.0 0 -2.0862793922424316 718.4061889648438 168.3144989013672 738.7294921875 198.4351806640625 1.6546478 1.7073793 0.3935905 6.815384 1.4504173 41.74162 -1.9244319200515747 0.6028937101364136
Car 0.0 0 2.010369300842285 173.84619140625 184.67605590820312 365.5323181152344 291.9356689453125 3.1225443 1.458088 1.6212542 -5.3756366 1.6762346 11.720643 1.580348014831543 0.9745693802833557
Car 0.0 0 -2.052187919616699 790.4953002929688 181.06936645507812 1183.0849609375 375.0 4.0463862 1.4860764 1.666282 3.2312188 1.5933526 7.31435 -1.6362040042877197 0.9707812070846558
Car 0.0 0 -1.8552801609039307 738.6951293945312 182.9008026123047 889.4815063476562 282.3022155761719 3.5626228 1.458678 1.5752459 3.3713868 1.6616989 12.7508335 -1.5967903137207031 0.9673067331314087
Car 0.0 0 1.884938359260559 301.4341125488281 181.94004821777344 434.80474853515625 257.3216857910156 4.0123363 1.4563049 1.7011994 -5.372493 1.6888592 16.42852 1.568878412246704 0.937593936920166
Car 0.0 0 1.7025573253631592 508.5577697753906 176.5626220703125 540.5897216796875 200.48985290527344 4.028852 1.4890501 1.5823617 -5.6167645 1.7442515 47.5536 1.5849876403808594 0.43590086698532104
Car 0.0 0 2.8552958965301514 692.9388427734375 173.60824584960938 738.0934448242188 191.0933837890625 3.5783682 1.489988 1.5683626 9.116963 1.556862 62.600483 2.9999163150787354 0.3575969934463501
Car 0.0 0 -2.4656765460968018 1087.8607177734375 223.4816131591797 1242.0 375.0 3.5658822 1.4543461 1.5214226 3.0654907 1.7242968 1.9893072 -1.470507025718689 0.3050628900527954
Car 0.0 0 -1.5706666707992554 591.302001953125 175.70541381835938 610.9420776367188 194.19139099121094 3.7950056 1.4722041 1.5802935 -0.76253 1.7170448 59.95546 -1.5833842754364014 0.30405256152153015
Car 0.0 0 0.586512565612793 233.9040069580078 176.234130859375 365.30731201171875 224.17051696777344 3.6156812 1.4563113 1.5620066 -9.9710655 1.5703118 23.163725 0.18002605438232422 0.2742553949356079
