Car 0.0 0 3.551024913787842 120.85843658447266 182.2453155517578 401.6842346191406 265.1569519042969 4.4191294 1.4137807 1.5965831 -6.3454065 1.5995532 13.370495 3.107917070388794 0.9789590239524841
Car 0.0 0 -1.845369577407837 769.93408203125 186.24557495117188 972.2656860351562 324.9987487792969 3.7323627 1.4632254 1.557312 3.2530322 1.6820757 9.871166 -1.5270289182662964 0.9763676524162292
Car 0.0 0 -1.799437165260315 720.8663940429688 178.83200073242188 842.1110229492188 265.1477966308594 3.7269514 1.5306373 1.591665 3.3403113 1.6701373 14.921416 -1.5792078971862793 0.9710586071014404
Car 0.0 0 -1.7462958097457886 676.7326049804688 183.0309295654297 729.65087890625 223.25408935546875 3.2875142 1.4333502 1.4906496 3.546119 1.8557215 28.23834 -1.6213716268539429 0.9178258776664734
Car 0.0 0 3.4233312606811523 286.67474365234375 179.81944274902344 451.2087707519531 245.19891357421875 3.7924051 1.6209927 1.6667807 -6.288564 1.8133852 18.98469 3.1034622192382812 0.9078900218009949
Car 0.0 0 0.8128594756126404 0.0 183.97372436523438 253.45199584960938 375.0 4.478433 1.5697596 1.7568041 -5.934768 1.6869862 6.5356135 0.07560586929321289 0.8928051590919495
Car 0.0 0 3.2662084102630615 433.20574951171875 176.76979064941406 530.2223510742188 209.5523681640625 4.2315774 1.4588429 1.6474116 -5.8906364 1.6447542 33.258068 3.090907335281372 0.7536892890930176
Car 0.0 0 -0.43968719244003296 792.7854614257812 160.0576934814453 931.8523559570312 205.39378356933594 4.059138 1.4388204 1.5899655 8.259459 1.0330653 23.903704 -0.10699965804815292 0.725099503993988
Car 0.0 0 3.347867965698242 387.3365173339844 182.64291381835938 518.5037231445312 226.24087524414062 4.342506 1.4874026 1.6562775 -5.5923896 1.849735 25.835169 3.134692668914795 0.6464845538139343
Car 0.0 0 -2.889047384262085 368.1893005371094 180.145751953125 494.9173889160156 227.50367736816406 3.7347894 1.4744523 1.5814066 -5.7960157 1.7207519 23.522665 -3.130636215209961 0.5829108357429504
