Car 0.0 0 -2.122612476348877 831.9237670898438 196.66775512695312 1242.0 375.0 3.4553728 1.4330356 1.5265707 2.9339316 1.666222 5.291138 -1.6163216829299927 0.9646413326263428
Car 0.0 0 3.6004691123962402 0.0 179.17088317871094 305.4333801269531 304.8309326171875 3.7152545 1.5513842 1.6432068 -6.4765496 1.6486324 10.036526 3.0274064540863037 0.9609653949737549
Car 0.0 0 -3.5822300910949707 833.7442016601562 194.0948028564453 1133.338623046875 285.1935729980469 4.4048624 1.4386319 1.6016825 6.3160634 1.8361963 12.639331 -3.1188104152679443 0.951851487159729
Car 0.0 0 -0.27586251497268677 817.17138671875 179.24923706054688 1035.81591796875 255.13897705078125 3.9337656 1.4746306 1.6090816 6.4767513 1.6193486 15.239166 0.12601399421691895 0.9278501868247986
Car 0.0 0 3.341825008392334 386.286376953125 177.05856323242188 496.8688659667969 219.04481506347656 4.039329 1.6117221 1.6980422 -6.6918173 1.7850918 28.781876 3.113382577896118 0.8620672821998596
Car 0.0 0 3.2135064601898193 420.9321594238281 171.55740356445312 519.3192138671875 211.04849243164062 4.403823 1.7856773 1.7893276 -6.5083055 1.7274065 33.77182 3.0231263637542725 0.8502652645111084
Car 0.0 0 -2.7912847995758057 260.2260437011719 165.2371368408203 435.6693115234375 237.2297821044922 4.058891 1.8317446 1.6857071 -6.923555 1.6383029 19.207352 -3.1372509002685547 0.8415166139602661
Car 0.0 0 3.9500396251678467 0.0 214.05332946777344 109.17867279052734 375.0 4.3121896 1.4607788 1.6313151 -6.255106 1.8008583 4.9308486 3.046804189682007 0.6625344157218933
Car 0.0 0 3.3895814418792725 286.3413391113281 179.8450927734375 438.2487487792969 234.20025634765625 4.017567 1.533363 1.6455271 -7.3547235 1.752405 21.585777 3.06119704246521 0.6136844158172607
Car 0.0 0 2.8375637531280518 731.93798828125 170.91903686523438 888.6978149414062 229.0706787109375 4.494094 1.7765915 1.7566264 6.2558618 1.7178345 23.005148 3.103076457977295 0.5912652015686035
