Pedestrian 0.0 0 -1.4894922971725464 482.43353271484375 173.80906677246094 498.57159423828125 213.6840362548828 0.96447104 1.7445414 0.63362485 -5.3506255 1.7880583 32.09612 -1.654679536819458 0.694479763507843
Cyclist 0.0 0 1.523444652557373 502.3876647949219 171.4499969482422 518.3652954101562 209.8154754638672 1.8462824 1.7526404 0.65402627 -4.733186 1.6888596 33.926758 1.3848274946212769 0.7044691443443298
Cyclist 0.0 0 -1.5795392990112305 483.6172790527344 173.26927185058594 498.5422058105469 213.40097045898438 0.9343286 1.7568042 0.64550877 -5.337049 1.7759409 32.1098 -1.744246006011963 0.23022398352622986
Car 0.0 0 -1.7834075689315796 641.3705444335938 173.56057739257812 703.8726806640625 218.68898010253906 3.2163477 1.44499 1.4848756 2.0469232 1.4713361 24.844568 -1.7012040615081787 0.9580275416374207
Car 0.0 0 -1.3455604314804077 0.0 194.243408203125 93.88379669189453 260.8009033203125 3.6000667 1.4418467 1.5275986 -14.841457 2.058628 18.837551 -2.0128583908081055 0.9521461129188538
Car 0.0 0 -1.632104516029358 428.3513488769531 182.2090301513672 477.3680114746094 222.81858825683594 3.8734734 1.3806782 1.5806913 -6.102998 1.7654431 27.566359 -1.8499830961227417 0.9105589389801025
Car 0.0 0 -1.7578357458114624 567.5339965820312 175.98184204101562 604.687255859375 203.13905334472656 3.557913 1.5564338 1.6084387 -1.5203258 1.7545439 43.70282 -1.7926095724105835 0.8790451288223267
Car 0.0 0 -1.8263614177703857 726.1240234375 145.05010986328125 922.1597900390625 290.347412109375 4.2793193 1.7421649 1.6730082 2.859195 1.4091444 10.791263 -1.5673580169677734 0.8695390820503235
Car 0.0 0 1.3440064191818237 695.0086059570312 175.29617309570312 801.473876953125 249.53773498535156 3.5554888 1.437907 1.5084826 2.869023 1.498235 15.903269 1.522491216659546 0.8617201447486877
Car 0.0 0 -1.8255409002304077 609.135009765625 170.7886962890625 661.9701538085938 207.06358337402344 3.2659392 1.5040388 1.534942 1.0292426 1.4187646 31.675821 -1.7930593490600586 0.8089447021484375
Car 0.0 0 -1.5905083417892456 432.35992431640625 181.34359741210938 470.64971923828125 217.16722106933594 3.680303 1.5441308 1.6716232 -7.5506577 1.9682133 34.024567 -1.808887243270874 0.6213914752006531
