Pedestrian 0.0 0 0.13085459172725677 415.7679748535156 168.62921142578125 430.317138671875 208.0305633544922 0.5152078 1.7017589 0.82331246 -8.224959 1.5196469 31.601051 -0.12377090752124786 0.2461061179637909
Pedestrian 0.0 0 -1.5567373037338257 520.0235595703125 179.03126525878906 532.2637329101562 212.67742919921875 0.829237 1.5767112 0.56970227 -4.034894 1.8754952 34.413406 -1.6734521389007568 0.23474957048892975
Pedestrian 0.0 0 1.494914174079895 805.35009765625 170.50221252441406 825.9751586914062 218.1693878173828 0.73318 1.8086891 0.7093072 7.877184 1.7198105 27.805159 1.7709797620773315 0.1486382931470871
Cyclist 0.0 0 -1.2208667993545532 422.918212890625 182.3459930419922 445.91143798828125 222.60394287109375 1.564841 1.5595839 0.3913768 -7.118336 1.9536448 29.125534 -1.4605697393417358 0.25529637932777405
Car 0.0 0 -2.779651403427124 316.32037353515625 179.7863311767578 436.8609924316406 225.7579803466797 3.7577112 1.5658543 1.6438121 -8.31844 1.8225505 25.763567 -3.091961145401001 0.9353716969490051
Car 0.0 0 1.352292537689209 692.3416137695312 169.27024841308594 741.3959350585938 201.3359832763672 4.1706448 1.6441969 1.7580966 5.69301 1.4607949 39.139343 1.4967344999313354 0.9270185232162476
Car 0.0 0 -2.280536651611328 862.9961547851562 200.8680419921875 1242.0 375.0 3.7808306 1.4743022 1.6020794 2.632342 1.6780725 3.316324 -1.6096163988113403 0.8688654899597168
Car 0.0 0 1.6841295957565308 558.3458862304688 176.86062622070312 591.8331909179688 204.4281463623047 3.2798698 1.4483755 1.4986922 -1.9379263 1.6806742 40.081287 1.635817289352417 0.8259821534156799
Car 0.0 0 -2.9511771202087402 476.43170166015625 165.60948181152344 547.548095703125 194.7245330810547 3.7752254 1.623748 1.6664876 -5.592093 1.2200786 41.17396 -3.086167335510254 0.3140355348587036
Car 0.0 0 1.8634779453277588 525.73583984375 172.92922973632812 569.8228149414062 203.02145385742188 3.970637 1.7618483 1.6248215 -3.8042724 1.7670518 44.36256 1.777933120727539 0.16008339822292328
