Pedestrian 0.0 0 -3.3893861770629883 837.0048828125 144.04339599609375 877.4031982421875 215.17811584472656 0.8160164 1.7280965 0.62811846 6.065143 1.0285501 17.871208 -3.0622029304504395 0.1860148310661316
Pedestrian 0.0 0 -1.3315203189849854 1095.7713623046875 131.1276397705078 1124.489013671875 188.4860076904297 0.5157174 1.9596171 0.71931964 17.34528 0.53441685 25.088324 -0.7266107201576233 0.16444255411624908
Pedestrian 0.0 0 1.9971859455108643 300.2853088378906 149.72230529785156 331.9117431640625 205.73403930664062 0.81153214 1.8147105 0.69346106 -9.729318 1.0656307 23.792896 1.6090162992477417 0.14586442708969116
Car 0.0 0 -2.028071403503418 812.3754272460938 169.4401092529297 1162.5252685546875 375.0 3.3307517 1.562989 1.5920143 3.214597 1.5381435 7.0106053 -1.5981438159942627 0.9645508527755737
Car 0.0 0 -1.3145055770874023 283.98175048828125 177.16505432128906 476.7679138183594 309.67578125 4.0950036 1.5829203 1.711435 -3.2222855 1.6603738 10.826067 -1.6037970781326294 0.956942617893219
Car 0.0 0 -1.61880362033844 665.74169921875 174.37814331054688 717.951171875 219.9892578125 3.616607 1.4452251 1.5962905 2.7059152 1.5019681 24.836885 -1.510284185409546 0.9533881545066833
Car 0.0 0 -1.8738893270492554 720.2333984375 177.88958740234375 891.9818725585938 289.28924560546875 3.7148972 1.4981062 1.6026573 2.9330542 1.5939224 11.773846 -1.6297427415847778 0.9532378911972046
Car 0.0 0 -1.6427217721939087 623.3463745117188 171.2735137939453 650.2069091796875 194.749755859375 3.599896 1.5698197 1.6018546 1.7961308 1.4644928 50.073044 -1.6068669557571411 0.22008129954338074
Car 0.0 0 -2.765733242034912 319.9942321777344 197.1369171142578 479.9126281738281 251.8099822998047 4.3536615 1.5123601 1.6767014 -6.3573666 2.285327 21.916391 -3.04805850982666 0.2117944210767746
Car 0.0 0 -0.5345926284790039 816.1044311523438 144.98838806152344 990.4055786132812 217.81027221679688 3.900458 1.7773374 1.6392443 7.4975967 1.0975896 18.71586 -0.1535680890083313 0.13843657076358795
