Pedestrian 0.0 0 1.249025821685791 624.71044921875 172.01541137695312 634.8595581054688 196.4908905029297 0.98939604 1.8287332 0.47628835 1.4637218 1.7664334 54.45092 1.2759008407592773 0.21518288552761078
Pedestrian 0.0 0 -0.10178676247596741 766.9447631835938 141.80133056640625 783.0562744140625 192.0814208984375 0.5333788 1.9062937 0.7055463 6.296033 0.7293366 27.735748 0.12143111228942871 0.15872272849082947
Car 0.0 0 -1.5226881504058838 574.3832397460938 178.08688354492188 602.6105346679688 202.88865661621094 3.5938501 1.489302 1.6259806 -1.3649533 1.8357043 45.900284 -1.5524168014526367 0.8141235113143921
Car 0.0 0 1.7924243211746216 443.73406982421875 180.6873779296875 491.4281921386719 211.7457275390625 4.226083 1.5704193 1.6860532 -7.8018785 2.0249217 39.693375 1.5983446836471558 0.21851974725723267
Car 0.0 0 1.655190348625183 463.7881164550781 184.55331420898438 496.60064697265625 210.36045837402344 4.2570815 1.45564 1.6571581 -8.057519 2.2194085 44.88311 1.4775601625442505 0.1311180144548416
Car 0.0 0 -2.754558801651001 859.4320678710938 163.87571716308594 909.1234130859375 180.0528564453125 4.045371 1.467137 1.5658659 25.570148 0.6532362 67.386314 -2.3918871879577637 0.12772934138774872
Car 0.0 0 1.758980393409729 429.9768981933594 181.28236389160156 477.1972351074219 214.24534606933594 3.958236 1.4666429 1.5327624 -7.5868216 1.9006037 35.11986 1.5462232828140259 0.1274312138557434
Car 0.0 0 -0.5463915467262268 667.7999267578125 168.6211700439453 724.885009765625 191.5913543701172 3.7293644 1.5887913 1.6433268 6.126724 1.2963738 51.425457 -0.42781251668930054 0.12350328266620636
Car 0.0 0 2.117927312850952 214.63848876953125 172.45213317871094 275.3045654296875 196.1724395751953 4.500931 1.5974638 1.7295748 -25.69025 1.5707575 50.902027 1.650526762008667 0.1113709956407547
Car 0.0 0 -2.171375036239624 836.1936645507812 164.00576782226562 885.1731567382812 187.2819061279297 3.8916411 1.7377043 1.678256 19.362257 1.0774875 55.962837 -1.8382823467254639 0.10526000708341599
