Cyclist 0.0 0 -2.115719795227051 936.9620361328125 132.06446838378906 1078.2718505859375 321.20513916015625 1.7482059 1.8938423 0.54801065 4.3315663 1.4857798 8.109619 -1.6251448392868042 0.9655260443687439
Car 0.0 0 2.210498332977295 6.793943405151367 191.8221435546875 146.74749755859375 250.2213897705078 3.8050315 1.6006018 1.6182762 -16.802893 2.2537527 22.920912 1.5779132843017578 0.9590552449226379
Car 0.0 0 1.67164146900177 437.474853515625 181.59901428222656 460.4343566894531 199.496826171875 3.8660607 1.4821411 1.6000572 -14.214095 2.27936 63.731026 1.4522004127502441 0.4788892865180969
Car 0.0 0 1.2742043733596802 650.2672729492188 186.14796447753906 705.9794921875 220.54888916015625 3.8593342 1.4287003 1.5075611 3.0648525 2.0855384 33.585182 1.365208387374878 0.38962677121162415
Car 0.0 0 -2.287774085998535 1020.2454833984375 174.53485107421875 1242.0 345.2386779785156 4.3032575 1.4703572 1.6706657 6.858443 1.4954449 8.4341 -1.6050479412078857 0.3528173565864563
Car 0.0 0 1.7647109031677246 472.39080810546875 180.88226318359375 498.3013916015625 197.9644317626953 3.9903784 1.4192955 1.5206726 -11.016787 2.152516 63.850822 1.5938535928726196 0.19724102318286896
Car 0.0 0 2.004378318786621 100.48621368408203 198.4940948486328 185.69215393066406 237.2552032470703 3.973893 1.4470408 1.6277106 -20.475924 2.6502774 31.76693 1.4318315982818604 0.18017303943634033
Car 0.0 0 2.2460248470306396 0.0 202.49609375 25.95268440246582 258.359375 3.5979042 1.4293717 1.6445864 -20.273567 2.420511 22.267126 1.507454752922058 0.17657583951950073
Car 0.0 0 1.238696813583374 720.8391723632812 186.35919189453125 763.4308471679688 211.20703125 3.9582322 1.532406 1.6266205 8.8597555 2.485819 48.83617 1.4181628227233887 0.17161324620246887
Car 0.0 0 2.179795265197754 184.22869873046875 189.62416076660156 261.0002746582031 221.77288818359375 3.9483387 1.5059909 1.5878242 -20.337065 2.4371996 37.993523 1.6883257627487183 0.16239377856254578
Car 0.0 0 1.8587514162063599 404.94854736328125 181.9434051513672 441.4595031738281 202.23292541503906 4.306882 1.4962648 1.6550229 -14.817106 2.2464979 57.34296 1.605887770652771 0.16059164702892303
