Pedestrian 0.0 0 0.8888721466064453 917.2603759765625 159.15444946289062 930.4832153320312 186.83619689941406 0.5538232 1.8335452 0.5920552 20.908285 0.9264909 48.13576 1.2986446619033813 0.17782028019428253
Pedestrian 0.0 0 -3.597423791885376 987.8722534179688 173.23577880859375 1040.3837890625 268.8194885253906 0.5820996 1.6327462 0.6352767 7.026517 1.6399785 12.657154 -3.090641498565674 0.17268915474414825
Pedestrian 0.0 0 2.373270034790039 868.9447631835938 128.09152221679688 934.3099365234375 213.55975341796875 1.175444 1.844928 0.735131 6.4669876 0.8790372 16.134699 2.754476547241211 0.13704119622707367
Cyclist 0.0 0 1.0157939195632935 808.7572021484375 127.7266616821289 845.917236328125 179.3402099609375 1.6040808 1.8137614 0.5218029 7.829191 0.22829151 26.195301 1.3062207698822021 0.19835445284843445
Car 0.0 0 2.0230929851531982 143.72055053710938 181.47378540039062 311.5323486328125 270.75189208984375 4.267923 1.7511439 1.7179188 -8.661798 1.9770424 16.721325 1.5451420545578003 0.8957453966140747
Car 0.0 0 -1.5901167392730713 588.1170043945312 176.15499877929688 613.7404174804688 200.15452575683594 4.071974 1.5309554 1.6415104 -0.677503 1.7633505 48.654324 -1.6040406227111816 0.6014237403869629
Car 0.0 0 1.8079427480697632 452.0098876953125 173.49105834960938 489.4374084472656 197.71116638183594 3.7627053 1.5799508 1.6637869 -9.457302 1.6253425 49.084465 1.6176011562347412 0.5896756649017334
Car 0.0 0 1.906747579574585 255.05038452148438 169.3403778076172 338.22039794921875 221.86257934570312 4.163039 1.8777683 1.6683635 -12.050619 1.7525074 27.929302 1.4994107484817505 0.24164696037769318
Car 0.0 0 1.7075575590133667 435.93829345703125 176.13760375976562 479.0311584472656 208.90586853027344 3.7388296 1.4914981 1.5590832 -7.410199 1.6605413 35.143986 1.499748945236206 0.22170810401439667
Car 0.0 0 1.8126087188720703 363.9927673339844 180.2124786376953 435.8055725097656 226.2239532470703 3.570723 1.4203033 1.544054 -7.1373973 1.6907399 24.665165 1.5309311151504517 0.14366327226161957
Car 0.0 0 1.7677836418151855 452.46484375 173.12615966796875 494.3905334472656 201.89781188964844 3.7381084 1.5171489 1.5811365 -7.544956 1.5332872 39.957066 1.581154465675354 0.14186741411685944
