Pedestrian 0.0 0 -0.6318534016609192 586.0664672851562 156.6815643310547 603.3202514648438 196.02310180664062 0.52876 1.956325 0.74759954 -0.81013495 1.1524816 36.334454 -0.6541463136672974 0.5723746418952942
Pedestrian 0.0 0 1.4104647636413574 1173.6951904296875 150.06088256835938 1208.1068115234375 213.39720153808594 0.7320134 1.9371737 0.72944283 18.110388 1.2403926 22.564161 2.0867996215820312 0.3825872540473938
Pedestrian 0.0 0 -2.0785269737243652 440.62261962890625 147.0277557373047 461.3192443847656 192.2272186279297 0.5356019 1.9432945 0.7102666 -6.973485 0.8332851 31.454893 -2.296696186065674 0.28895044326782227
Pedestrian 0.0 0 1.0968222618103027 1010.45751953125 160.87667846679688 1035.164306640625 200.7122802734375 0.6603555 1.5205033 0.59180945 15.904313 1.0636936 27.880949 1.6152201890945435 0.27919864654541016
Pedestrian 0.0 0 -2.401050329208374 1099.4984130859375 162.28648376464844 1142.7384033203125 222.41209411621094 0.8218499 1.7623248 0.6674007 15.259634 1.4529414 21.618843 -1.786409854888916 0.2633637487888336
Pedestrian 0.0 0 0.8351213932037354 871.9415893554688 150.7171173095703 913.697998046875 205.18154907226562 1.242487 1.7631698 0.62098503 9.367817 1.0468935 24.046593 1.2066036462783813 0.2353190928697586
Pedestrian 0.0 0 -2.3077445030212402 1202.7423095703125 187.31588745117188 1242.0 272.4941711425781 0.7274334 1.6435547 0.56090933 12.377704 1.9403725 14.417037 -1.5983093976974487 0.19849896430969238
Pedestrian 0.0 0 -1.5828969478607178 1087.402099609375 140.57977294921875 1111.8736572265625 192.6919708251953 0.5603215 1.8524433 0.72408295 17.647945 0.7055428 26.079077 -0.9879741072654724 0.17894971370697021
Pedestrian 0.0 0 -2.142062187194824 449.8106689453125 157.1343994140625 465.41741943359375 187.4185333251953 0.71640575 1.8919165 0.6857976 -9.656762 0.91023606 45.569122 -2.3508872985839844 0.15697145462036133
Pedestrian 0.0 0 0.03811156749725342 1005.8602905273438 153.16297912597656 1049.5040283203125 253.1855926513672 0.6304206 1.6612569 0.47313446 7.098835 1.3345703 12.348983 0.5598344802856445 0.15558584034442902
Pedestrian 0.0 0 -1.2038583755493164 1049.147216796875 133.2273712158203 1076.2113037109375 184.67803955078125 0.51855934 1.9173305 0.7313363 17.10469 0.4409859 27.33374 -0.6447040438652039 0.1398574709892273
Cyclist 0.0 0 0.8351213932037354 871.9415893554688 150.7171173095703 913.697998046875 205.18154907226562 1.242487 1.7631698 0.62098503 9.367817 1.0468935 24.046593 1.2066036462783813 0.2427724301815033
Cyclist 0.0 0 -1.8057754039764404 959.7447509765625 149.41171264648438 996.2144775390625 219.73770141601562 1.6847962 1.685902 0.43199527 9.194174 1.1242857 18.163958 -1.3371986150741577 0.13809505105018616
Cyclist 0.0 0 1.0215940475463867 1079.2325439453125 142.16943359375 1124.7215576171875 193.4329376220703 1.6754127 1.7912402 0.5628136 17.699484 0.7194239 26.059198 1.6182254552841187 0.1373680979013443
Car 0.0 0 -1.7498551607131958 678.0878295898438 181.8885955810547 773.0425415039062 250.40838623046875 4.0478916 1.4922346 1.6458291 2.7510595 1.7473874 18.298569 -1.6006299257278442 0.9770445227622986
Car 0.0 0 0.9197455048561096 872.6888427734375 182.06747436523438 986.744384765625 227.48974609375 4.099011 1.4399687 1.5691736 11.305102 1.799292 25.931814 1.3308583498001099 0.2421872764825821
