Pedestrian 0.0 0 1.0257247686386108 756.8257446289062 174.6656494140625 785.8274536132812 223.25186157226562 0.8725756 1.7051696 0.65683687 5.7362595 1.7718102 25.877481 1.2438673973083496 0.6169689297676086
Pedestrian 0.0 0 -2.974825382232666 674.5281982421875 172.66177368164062 688.73193359375 197.4351043701172 0.94710827 1.786315 0.562164 5.177858 1.7728121 52.42013 -2.876368522644043 0.49923524260520935
Pedestrian 0.0 0 -2.651953935623169 712.19482421875 171.1165771484375 725.9265747070312 198.52333068847656 0.52875453 1.659111 0.7752762 6.641601 1.5542916 44.145508 -2.5026259422302246 0.4709986746311188
Pedestrian 0.0 0 0.9722355604171753 835.262939453125 160.6429443359375 868.860107421875 211.6251678466797 1.0374738 1.8236758 0.701808 8.805194 1.3872346 26.402111 1.2941391468048096 0.3093140721321106
Pedestrian 0.0 0 -2.4232378005981445 1022.46533203125 160.93450927734375 1081.652099609375 244.16099548339844 0.8621098 1.6674036 0.60237443 9.099974 1.4289601 14.954653 -1.8765884637832642 0.19523343443870544
Pedestrian 0.0 0 -1.5206655263900757 774.9240112304688 171.8716583251953 788.1333618164062 205.1880645751953 0.86252713 1.704382 0.625018 8.860138 1.6544857 37.41059 -1.2881152629852295 0.17095206677913666
Cyclist 0.0 0 -0.30091917514801025 1010.3179321289062 158.47662353515625 1083.5875244140625 244.13296508789062 1.162114 1.7279532 0.6489989 9.0155325 1.4382751 15.006257 0.24007725715637207 0.11953196674585342
Car 0.0 0 2.1026394367218018 151.02235412597656 185.19699096679688 264.4600524902344 231.8701629638672 4.205447 1.4602234 1.6307749 -14.275937 1.938623 25.818459 1.5975453853607178 0.9546080827713013
Car 0.0 0 -0.18516528606414795 991.0262451171875 186.0034942626953 1073.697265625 213.94927978515625 4.2580214 1.6392287 1.4343574 26.242796 2.4854412 45.020252 0.3425939083099365 0.3191456198692322
Car 0.0 0 -0.7002937197685242 1142.079833984375 189.4818878173828 1204.6553955078125 213.3267059326172 2.9392004 1.5618796 1.763138 38.588196 2.7246969 49.503136 -0.038172073662281036 0.27646616101264954
Car 0.0 0 2.057528495788574 189.19105529785156 185.17242431640625 264.15972900390625 214.020263671875 4.586159 1.4595231 1.8011397 -21.568354 2.1948502 40.754128 1.570770263671875 0.2528558075428009
