Pedestrian 0.0 0 3.6253976821899414 0.0 193.6413116455078 79.20032501220703 365.2913818359375 0.9286483 1.7106116 0.4855706 -6.299004 1.9396718 7.602134 2.93346905708313 0.42141807079315186
Pedestrian 0.0 0 1.3847178220748901 281.7099609375 178.9872283935547 331.9506530761719 270.1551513671875 1.0007398 1.8554479 0.81551164 -6.5334435 1.9922862 15.410876 0.9837367534637451 0.3827069103717804
Pedestrian 0.0 0 -0.10441525280475616 616.7555541992188 172.6707305908203 627.552001953125 201.17599487304688 0.6385613 1.8618081 0.7186691 0.7670229 1.8501953 47.51024 -0.08827228099107742 0.3193266987800598
Pedestrian 0.0 0 1.852416753768921 772.2684326171875 176.5265655517578 811.9736328125 264.77545166015625 0.7015229 1.7322807 0.61297256 3.65317 1.8095773 14.655945 2.096700668334961 0.2317953258752823
Pedestrian 0.0 0 -2.20763897895813 6.596329689025879 126.05516815185547 71.44834899902344 234.24012756347656 0.62970424 1.7422935 0.5846243 -9.52696 0.98896694 11.981379 -2.8794138431549072 0.21171724796295166
Pedestrian 0.0 0 0.40833181142807007 109.5932388305664 189.3992462158203 193.35330200195312 316.286865234375 0.8585229 1.7099653 0.5173499 -6.4735723 1.9500813 10.1292095 -0.160342276096344 0.17111900448799133
Pedestrian 0.0 0 2.7634379863739014 222.49391174316406 186.12255859375 270.25799560546875 289.1154479980469 0.5678882 1.7487981 0.61269367 -6.4893622 1.9917071 12.771476 2.293320417404175 0.1534762978553772
Pedestrian 0.0 0 0.5553706884384155 337.8532409667969 185.56475830078125 373.9585266113281 252.13629150390625 0.72308964 1.6802849 0.50561136 -6.6152816 2.0150611 18.65681 0.21462392807006836 0.14805932343006134
Cyclist 0.0 0 -0.24655106663703918 771.3731689453125 160.63290405273438 870.0421142578125 244.95401000976562 1.9577985 1.7809167 0.59012794 4.473187 1.5231571 15.564103 0.0333101749420166 0.21494361758232117
Car 0.0 0 -1.451904535293579 451.9248352050781 185.84262084960938 504.963134765625 231.2258758544922 3.2933934 1.4849434 1.5195142 -4.7706776 1.9885395 26.263083 -1.6315947771072388 0.9489132165908813
Car 0.0 0 3.39913272857666 176.79478454589844 179.5670623779297 363.0405578613281 247.43003845214844 4.3615613 1.7399465 1.7804178 -9.31698 1.9382424 20.009405 2.9633572101593018 0.8981969356536865
Car 0.0 0 1.6469186544418335 478.18890380859375 182.6190185546875 520.7525634765625 221.1768035888672 3.9731696 1.5924 1.6196522 -5.0155134 2.0653086 32.872177 1.4955101013183594 0.8740952014923096
Car 0.0 0 1.7895314693450928 481.48828125 180.79119873046875 518.8261108398438 203.19728088378906 4.528789 1.4614685 1.6675942 -7.738712 2.0485423 51.017307 1.638991117477417 0.15623165667057037
Car 0.0 0 -0.18345901370048523 610.3974609375 165.62449645996094 676.6237182617188 191.87432861328125 4.203113 1.7227674 1.7074896 2.196252 1.2486553 48.486626 -0.13819390535354614 0.15474365651607513
Car 0.0 0 0.392636775970459 417.5312194824219 174.423828125 469.45770263671875 190.66854858398438 4.324363 1.4492782 1.6085037 -15.175532 1.5951766 65.74185 0.16577529907226562 0.1500273495912552
