Pedestrian 0.0 0 1.6098781824111938 467.93011474609375 178.9745330810547 510.6912841796875 267.5257263183594 0.5986817 1.7386637 0.83062416 -2.4769683 1.8655514 14.563196 1.44140625 0.3578905463218689
Pedestrian 0.0 0 -1.1410255432128906 602.8514404296875 154.55552673339844 623.5088500976562 188.6065216064453 1.0302136 1.8150889 0.7598077 0.14071423 0.8400465 39.08585 -1.137425422668457 0.34010079503059387
Pedestrian 0.0 0 1.772175669670105 386.37738037109375 134.69789123535156 457.67926025390625 297.430419921875 0.72330785 1.7281259 0.6402317 -2.1312099 1.323288 8.039101 1.5130313634872437 0.3060952126979828
Pedestrian 0.0 0 -1.2587532997131348 1053.1546630859375 149.85081481933594 1072.23876953125 186.2727813720703 0.69142634 1.9681311 0.70668745 24.735233 0.72546786 39.479855 -0.6990559697151184 0.18167096376419067
Pedestrian 0.0 0 1.2732493877410889 840.7783203125 154.27459716796875 855.3817749023438 189.84603881835938 0.43899074 1.927724 0.655548 12.938774 0.9212079 39.325684 1.591109275817871 0.1505499929189682
Pedestrian 0.0 0 -2.0426502227783203 305.3478698730469 150.10342407226562 322.057373046875 186.4339599609375 0.670042 1.9193866 0.58515257 -15.87075 0.7178039 38.557125 -2.4331305027008057 0.13669979572296143
Pedestrian 0.0 0 -1.8458143472671509 847.4185791015625 154.94952392578125 861.0746459960938 186.13665771484375 0.8056871 1.9342217 0.6130558 15.253375 0.82414675 45.16478 -1.520114541053772 0.11142939329147339
Cyclist 0.0 0 0.8896291255950928 915.5765380859375 142.08575439453125 963.6682739257812 199.8245391845703 1.4723169 1.768154 0.589046 10.386367 0.82628566 22.879793 1.3157660961151123 0.10617633163928986
Car 0.0 0 2.110165596008301 255.6717529296875 183.8495635986328 412.4237060546875 255.34002685546875 4.1917453 1.4891936 1.7089013 -6.6981444 1.7965167 17.924759 1.7525516748428345 0.9240522980690002
Car 0.0 0 2.4400291442871094 521.7291259765625 175.86265563964844 654.9971313476562 223.78025817871094 4.591289 1.5038651 1.7438809 -0.7157948 1.6179765 25.096863 2.411515474319458 0.8876680731773376
Car 0.0 0 -0.552628219127655 919.20947265625 154.21609497070312 1127.1220703125 229.7094268798828 4.1732607 1.7616882 1.7077175 10.016943 1.3271179 17.77007 -0.03932959586381912 0.7957739233970642
Car 0.0 0 -3.6477530002593994 1193.1351318359375 162.645751953125 1242.0 203.7012176513672 3.5574322 1.5135142 1.601148 24.913292 1.1375439 27.774055 -2.9165985584259033 0.10194026678800583
