Pedestrian 0.0 0 2.4291646480560303 1100.14892578125 103.99040985107422 1231.7733154296875 284.78399658203125 1.0012451 1.8427694 0.5344571 5.819493 1.1412234 7.649416 3.079526901245117 0.1498543620109558
Cyclist 0.0 0 2.0873003005981445 162.87013244628906 182.1729278564453 192.48037719726562 213.1372833251953 2.0284433 1.7293786 0.54725295 -25.138294 2.284494 41.930153 1.5472279787063599 0.7045258283615112
Cyclist 0.0 0 -3.0507118701934814 583.4483032226562 173.5216522216797 616.9475708007812 206.16064453125 1.8013557 1.7847843 0.6255859 -0.5712552 1.82237 39.849125 -3.0650463104248047 0.21248634159564972
Cyclist 0.0 0 2.420196771621704 139.34007263183594 182.90237426757812 180.06396484375 221.20010375976562 1.7769297 1.7870696 0.5247487 -21.910095 2.288882 35.07854 1.861884355545044 0.20583167672157288
Cyclist 0.0 0 2.3454370498657227 964.453857421875 162.15711975097656 1015.0944213867188 211.9391632080078 1.5955051 1.6582375 0.5735911 12.877384 1.3022827 24.55019 2.8285179138183594 0.16049924492835999
Car 0.0 0 -1.6821359395980835 581.5850830078125 177.6793670654297 618.5008544921875 206.17495727539062 4.1681485 1.5282744 1.6652263 -0.6587738 1.8214092 41.603447 -1.6979691982269287 0.5216993689537048
Car 0.0 0 1.8268632888793945 389.9878845214844 182.8167724609375 459.919677734375 226.5672607421875 3.7855532 1.452628 1.5986394 -6.804551 1.8481276 26.716667 1.577472448348999 0.3206963837146759
Car 0.0 0 1.7418889999389648 428.1181335449219 183.40103149414062 477.2863464355469 219.2399139404297 3.7046628 1.4217354 1.4958539 -6.8684273 1.9117333 31.611576 1.527938723564148 0.3151947259902954
Car 0.0 0 -1.7286574840545654 697.236572265625 149.85379028320312 757.488037109375 197.4875946044922 3.2531662 1.5642214 1.5805593 4.006423 0.809288 25.31876 -1.5717194080352783 0.227348193526268
Car 0.0 0 -1.174473524093628 236.07611083984375 177.8300323486328 403.0093688964844 261.2867431640625 4.5040984 1.5641447 1.8148072 -6.2604227 1.6909956 16.065258 -1.546057939529419 0.17134831845760345
