Pedestrian 0.0 0 1.708756685256958 750.6073608398438 163.8817138671875 802.020751953125 288.40191650390625 0.57802874 1.677528 0.6302898 2.2805111 1.5570117 10.099275 1.930841326713562 0.7317351698875427
Pedestrian 0.0 0 -0.21285265684127808 788.5606079101562 137.1027374267578 882.0787353515625 299.6319580078125 0.9033481 1.7767198 0.6249035 2.494455 1.3862559 8.233 0.08133816719055176 0.6382355690002441
Pedestrian 0.0 0 0.6752487421035767 65.69593048095703 175.056884765625 183.171630859375 342.3587951660156 0.8489134 1.788956 0.6917181 -5.483361 1.8152125 8.101382 0.08023428916931152 0.5163317918777466
Pedestrian 0.0 0 1.2847394943237305 824.669921875 139.01974487304688 888.4935302734375 284.9781799316406 0.7414827 1.7860383 0.5811435 3.0764778 1.3723791 9.20751 1.6072041988372803 0.4581793248653412
Pedestrian 0.0 0 -1.8877888917922974 696.002197265625 164.76693725585938 713.1863403320312 197.08888244628906 0.9703399 1.8231723 0.7054158 5.367303 1.3673662 41.239193 -1.7583658695220947 0.31275200843811035
Pedestrian 0.0 0 2.009305238723755 363.7783203125 178.1175537109375 382.0716857910156 206.37139892578125 1.5816652 1.7559896 0.48258114 -15.123677 2.09757 45.95862 1.6913950443267822 0.11834441125392914
Cyclist 0.0 0 -2.6738765239715576 831.2623291015625 124.96949005126953 1042.320068359375 333.907470703125 1.621338 1.660583 0.66938746 2.860781 1.2803677 6.569496 -2.2631759643554688 0.5565348267555237
Cyclist 0.0 0 1.4700024127960205 757.35107421875 170.66156005859375 813.7644653320312 302.4747009277344 1.7903808 1.6616445 0.5683513 2.3481383 1.6343642 10.017387 1.700251579284668 0.5155051946640015
Cyclist 0.0 0 2.009305238723755 363.7783203125 178.1175537109375 382.0716857910156 206.37139892578125 1.5816652 1.7559896 0.48258114 -15.123677 2.09757 45.95862 1.6913950443267822 0.3140444755554199
Cyclist 0.0 0 1.2847394943237305 824.669921875 139.01974487304688 888.4935302734375 284.9781799316406 0.7414827 1.7860383 0.5811435 3.0764778 1.3723791 9.20751 1.6072041988372803 0.16751286387443542
Car 0.0 0 2.172865867614746 0.0 200.6297149658203 195.0294647216797 303.1376037597656 3.9110117 1.4871517 1.5732441 -9.698565 2.0833755 13.504836 1.5500589609146118 0.9241958856582642
Car 0.0 0 1.8290176391601562 391.630126953125 183.3602294921875 445.0948791503906 214.23365783691406 4.0269246 1.390451 1.5932053 -9.493017 1.9425824 35.877666 1.570351243019104 0.9022408723831177
Car 0.0 0 -1.5064184665679932 600.2301025390625 174.8697967529297 630.6527099609375 200.350830078125 4.124697 1.5590079 1.704436 0.36210614 1.6954707 46.596714 -1.4986475706100464 0.8057311773300171
Car 0.0 0 1.651360273361206 196.72372436523438 197.7073211669922 240.8461151123047 230.35643005371094 4.1524158 1.4654827 1.716914 -20.599817 2.853919 38.049675 1.1551493406295776 0.35562586784362793
Car 0.0 0 -0.9141404628753662 0.0 158.93492126464844 55.377586364746094 197.60426330566406 3.8025734 1.8393787 1.8632821 -30.251669 1.1776501 36.254463 -1.6095232963562012 0.34261858463287354
Car 0.0 0 2.099721670150757 324.28125 176.9374542236328 387.995361328125 207.45306396484375 4.0685196 1.6385797 1.6227003 -14.544216 1.8858159 41.468616 1.76239812374115 0.3168269395828247
Car 0.0 0 -0.5997533798217773 0.0 0.0 1242.0 375.0 3.7313454 1.4729315 1.5716969 -2.4288116 1.7299513 1.017221 -1.7739300727844238 0.3126630485057831
