Car 0.0 0 1.8809374570846558 289.17767333984375 195.38705444335938 449.3923645019531 299.5183410644531 3.488729 1.4128693 1.5719575 -3.9589772 1.8515769 12.28821 1.569261074066162 0.9622036814689636
Car 0.0 0 -0.3819749057292938 809.0264892578125 166.6707763671875 996.8694458007812 223.5842742919922 4.5780997 1.5316174 1.7334597 8.07894 1.3655769 20.288424 -0.003017369657754898 0.952186107635498
Car 0.0 0 -1.6717181205749512 653.17724609375 181.09828186035156 704.360107421875 222.48876953125 3.6621008 1.4155928 1.5472091 2.4891088 1.748296 27.24548 -1.5806124210357666 0.9255676865577698
Car 0.0 0 -1.3282132148742676 428.88824462890625 183.18519592285156 489.3738098144531 224.64144897460938 4.0413938 1.6460984 1.6792824 -6.5902786 2.130044 31.720413 -1.5330604314804077 0.901542603969574
Car 0.0 0 2.1400206089019775 0.0 202.1147918701172 331.4908752441406 375.0 4.1898665 1.4963859 1.6713809 -3.618461 1.7925931 5.1644325 1.5288584232330322 0.8976172804832458
Car 0.0 0 2.8354179859161377 744.73876953125 165.7528839111328 861.5340576171875 207.92372131347656 4.30243 1.6719255 1.7231547 7.811979 1.3907495 29.567211 3.09372615814209 0.7440182566642761
Car 0.0 0 2.8119583129882812 783.7963256835938 156.7954864501953 933.4033813476562 211.9361572265625 4.268374 1.7260329 1.7196945 7.9461327 1.2237216 23.449146 3.1386804580688477 0.6463218331336975
Car 0.0 0 1.824500560760498 479.201171875 184.5867462158203 521.4100952148438 213.7635498046875 3.8117821 1.5882955 1.5722636 -6.494254 2.3174877 42.842167 1.674060344696045 0.6003674268722534
Car 0.0 0 -0.5735672116279602 935.9139404296875 155.5792694091797 1026.4830322265625 184.2092742919922 4.4890213 1.6235499 1.6876792 21.524008 0.6442929 41.97739 -0.09976980835199356 0.5794736742973328
Car 0.0 0 -1.434740424156189 414.1330261230469 195.0873565673828 466.64599609375 236.60122680664062 3.5089006 1.3959969 1.5236 -6.5653214 2.3160677 28.026392 -1.6648461818695068 0.5486640334129333
