Pedestrian 0.0 0 -2.024789333343506 783.3449096679688 171.75999450683594 809.63818359375 213.87132263183594 0.8848979 1.6640466 0.70598096 7.4509377 1.6211746 29.013546 -1.7734124660491943 0.6175211668014526
Pedestrian 0.0 0 -1.4628006219863892 1080.9903564453125 156.58102416992188 1174.9603271484375 331.3706970214844 0.60763156 1.7171377 0.7413203 5.3718944 1.5576295 7.5589237 -0.8449499607086182 0.4801344871520996
Pedestrian 0.0 0 -0.3092159330844879 962.8463134765625 175.1241912841797 1008.9790649414062 238.55398559570312 0.9166705 1.5816767 0.54927766 9.508044 1.6409099 18.361948 0.1685798168182373 0.3129924535751343
Pedestrian 0.0 0 -3.159531593322754 760.1079711914062 178.55972290039062 773.9734497070312 209.8899383544922 0.77778417 1.804868 0.6889996 9.131474 2.1416514 42.127647 -2.9460763931274414 0.26601162552833557
Pedestrian 0.0 0 3.1376655101776123 73.13714599609375 192.4403839111328 89.4777603149414 220.90431213378906 0.8285832 1.7524637 0.6050017 -33.43386 3.0035799 45.584076 2.50483775138855 0.17407876253128052
Car 0.0 0 -1.6130297183990479 598.5889892578125 180.42213439941406 627.52392578125 206.7951202392578 4.017104 1.5551561 1.6582583 0.12234633 2.056859 45.755196 -1.6103557348251343 0.7287291884422302
Car 0.0 0 2.0021960735321045 415.78759765625 187.65335083007812 466.0107116699219 211.79232788085938 4.310554 1.4936919 1.7261866 -11.617716 2.5609908 49.731064 1.7727010250091553 0.6342624425888062
Car 0.0 0 -1.2735320329666138 323.1880187988281 183.2576446533203 430.0224304199219 241.9647979736328 4.481391 1.4854424 1.7489027 -6.771428 1.8254142 21.301167 -1.581319808959961 0.28665691614151
Car 0.0 0 1.5963160991668701 162.25057983398438 193.1907501220703 187.88255310058594 213.33062744140625 4.283438 1.5157418 1.7558758 -36.89383 3.3067577 61.233093 1.0540497303009033 0.1806894838809967
Car 0.0 0 -3.745368242263794 1188.410888671875 123.5018081665039 1242.0 173.9110870361328 4.2169485 1.5918956 1.6543282 21.978317 0.03374034 23.895979 -3.0017483234405518 0.17980387806892395
