Pedestrian 0.0 0 2.043653964996338 199.22360229492188 162.1412811279297 313.5347900390625 362.8592834472656 0.7073886 1.7490844 0.70696765 -3.2030907 1.581773 6.618481 1.592919111251831 0.8730623126029968
Pedestrian 0.0 0 -1.025960087776184 992.718505859375 163.2985382080078 1084.001953125 317.8734436035156 0.82028955 1.7349795 0.58538896 5.1260605 1.5320351 8.510002 -0.4838091731071472 0.8698121309280396
Pedestrian 0.0 0 -1.9041913747787476 777.9404296875 174.56594848632812 815.7482299804688 244.3571319580078 0.75883347 1.5788231 0.6297269 4.484639 1.423174 16.648216 -1.641060709953308 0.6120068430900574
Pedestrian 0.0 0 1.1141530275344849 806.6299438476562 170.61424255371094 844.3388061523438 244.7548828125 0.53493774 1.6033945 0.6208307 4.900534 1.3692003 15.845012 1.414101004600525 0.5974900722503662
Pedestrian 0.0 0 2.51003360748291 494.8956604003906 179.41375732421875 521.1863403320312 228.32020568847656 0.75811046 1.8601183 0.67420894 -3.6368256 1.7817954 27.824242 2.38006329536438 0.5519039630889893
Pedestrian 0.0 0 -0.9279803037643433 502.35845947265625 172.29644775390625 526.6172485351562 215.4914093017578 0.832657 1.7039069 0.5854897 -3.5052843 1.3418638 28.840307 -1.0489282608032227 0.5302352905273438
Pedestrian 0.0 0 0.008652478456497192 669.7579345703125 176.3789825439453 685.1452026367188 204.18492126464844 0.9951599 1.8064014 0.55833113 4.9838862 1.4744134 46.99784 0.1143026351928711 0.5126951336860657
Pedestrian 0.0 0 2.3338124752044678 890.50146484375 162.49063110351562 940.0746459960938 228.5112762451172 1.1341408 1.6972804 0.57439154 8.246473 1.2097576 18.948822 2.744288444519043 0.3514018654823303
Pedestrian 0.0 0 1.489367961883545 987.6942138671875 169.6013641357422 1024.7415771484375 251.44284057617188 0.99406505 1.9349072 0.7080219 9.858028 1.6547993 17.57968 2.000436782836914 0.345437228679657
Pedestrian 0.0 0 0.21720248460769653 1160.02783203125 81.98117065429688 1238.0 271.07684326171875 0.7880078 1.7762426 0.5594172 6.147235 0.84280187 7.2279143 0.921978235244751 0.3444287180900574
Pedestrian 0.0 0 -3.267237901687622 760.1128540039062 165.3985595703125 855.2409057617188 374.0 0.66518754 1.7900121 0.68135005 1.6227816 1.6673508 5.916277 -2.9995310306549072 0.335692822933197
Pedestrian 0.0 0 -3.0562291145324707 656.0559692382812 175.0778350830078 668.002685546875 197.77835083007812 0.89716995 1.7746695 0.49716637 4.78805 1.2731354 56.475883 -2.9716508388519287 0.2716113328933716
Pedestrian 0.0 0 -0.5459932684898376 700.2890014648438 172.8057098388672 713.6631469726562 198.33509826660156 0.5555432 1.6508111 0.74829495 6.897474 1.0893109 46.90003 -0.39997243881225586 0.2683534026145935
Pedestrian 0.0 0 1.4084223508834839 400.32025146484375 172.93368530273438 443.0063781738281 258.1552734375 1.5760468 1.7154424 0.6292426 -3.8861141 1.5442532 15.304989 1.159765601158142 0.22340092062950134
Cyclist 0.0 0 -2.05489444732666 1104.826171875 104.14915466308594 1238.0 339.3795471191406 1.7432455 1.771936 0.45671016 5.060697 1.1906676 6.30762 -1.3787436485290527 0.5073944926261902
Cyclist 0.0 0 2.0243940353393555 495.9913635253906 141.05157470703125 522.3236694335938 181.65521240234375 1.5929365 1.787569 0.53880674 -4.1707587 0.007785637 32.46278 1.896615743637085 0.3394603133201599
Cyclist 0.0 0 -0.8473210334777832 879.5477294921875 168.75588989257812 945.2904052734375 234.59063720703125 1.8116752 1.6730887 0.5169489 8.14607 1.3503962 18.872332 -0.4398390054702759 0.3339458703994751
Cyclist 0.0 0 1.3471444845199585 397.70947265625 172.8820343017578 446.9877014160156 259.8349609375 1.7508438 1.7398802 0.63832563 -3.8732622 1.5686847 15.295731 1.099132776260376 0.3304545283317566
Cyclist 0.0 0 -0.5426117181777954 790.22119140625 152.8375701904297 919.7389526367188 374.0 0.796942 1.7771599 0.6298502 2.0247002 1.5572702 5.935531 -0.21387383341789246 0.12177861481904984
Car 0.0 0 1.6815133094787598 552.5779418945312 169.3883056640625 602.5614013671875 212.7457733154297 4.561487 1.9146278 1.87477 -1.065528 1.380737 34.066387 1.6502455472946167 0.7522190809249878
Car 0.0 0 1.5755585432052612 624.7495727539062 174.15602111816406 646.2119750976562 195.85523986816406 3.85006 1.6126993 1.5944629 2.6509378 1.0674717 55.348774 1.6234171390533447 0.5376230478286743
