Pedestrian 0.0 0 -2.4838366508483887 953.4788818359375 148.0794219970703 1051.955078125 316.3548889160156 0.68664384 1.7309201 0.65493214 4.2156763 1.476441 7.866338 -1.9918726682662964 0.6984369158744812
Pedestrian 0.0 0 -0.9530988931655884 364.5066833496094 160.73406982421875 412.3098449707031 253.85696411132812 0.64520895 1.7849722 0.6485713 -4.416971 1.5530163 14.235212 -1.2539644241333008 0.5232115983963013
Car 0.0 0 -1.8850352764129639 728.7319946289062 178.48611450195312 952.4150390625 326.1994934082031 3.5670872 1.4568548 1.5543861 2.5711393 1.5421213 9.063376 -1.6086132526397705 0.9751230478286743
Car 0.0 0 -1.2438440322875977 37.293495178222656 176.82205200195312 445.8165283203125 375.0 4.29384 1.5974396 1.6834147 -2.6929107 1.6450211 6.3821363 -1.6431242227554321 0.96832674741745
Car 0.0 0 -1.708669662475586 660.0115356445312 173.29942321777344 721.151123046875 218.666259765625 3.7683625 1.4397999 1.5697469 2.6512525 1.4566735 24.842054 -1.602347731590271 0.958773672580719
Car 0.0 0 -1.320360541343689 340.8489685058594 180.81761169433594 518.57763671875 302.9027099609375 4.170163 1.5211383 1.6777356 -2.6388748 1.6701758 11.365014 -1.5485105514526367 0.9459301829338074
Car 0.0 0 -2.159740924835205 808.188720703125 117.84162902832031 1242.0 375.0 3.813681 1.5582626 1.627594 2.331946 1.4248109 3.6780212 -1.5946801900863647 0.945598304271698
Car 0.0 0 -1.734222412109375 643.9890747070312 171.4801025390625 686.6275024414062 202.53643798828125 3.8862507 1.5264527 1.5856502 2.780182 1.4592817 37.467735 -1.6601561307907104 0.8440139293670654
Car 0.0 0 -1.583546757698059 545.119873046875 173.25222778320312 577.5547485351562 204.0679931640625 3.9364467 1.5592693 1.6430895 -2.6670866 1.5820453 38.58803 -1.652553915977478 0.8328556418418884
Car 0.0 0 -1.4374066591262817 422.05279541015625 178.62547302246094 513.8307495117188 252.18295288085938 3.5996783 1.4281156 1.5378677 -3.110261 1.5722852 16.135487 -1.627830147743225 0.4884016513824463
