Pedestrian 0.0 0 -0.08840806037187576 591.0243530273438 175.1035919189453 605.4854736328125 207.44020080566406 0.75138634 1.7824644 0.6317018 -0.6920342 1.909183 40.17289 -0.10563275218009949 0.18094433844089508
Pedestrian 0.0 0 -0.8418418169021606 129.13711547851562 178.29127502441406 165.9996795654297 215.89608764648438 1.6924416 1.7202132 0.4584754 -21.892591 1.9843357 34.127537 -1.4122138023376465 0.11219871789216995
Cyclist 0.0 0 2.1886773109436035 142.68234252929688 181.3287811279297 176.36802673339844 214.3909912109375 1.9945828 1.7753245 0.54078007 -25.156668 2.260603 40.271526 1.6303107738494873 0.521182119846344
Cyclist 0.0 0 -0.4545358419418335 982.363037109375 153.5162353515625 1044.997802734375 209.8014678955078 1.6556094 1.7866707 0.625412 12.952481 1.1731869 23.257742 0.053597450256347656 0.27268800139427185
Cyclist 0.0 0 -0.8664372563362122 128.45166015625 179.81375122070312 163.9845428466797 217.83970642089844 1.6690117 1.7349962 0.43666494 -21.931837 2.072441 34.087997 -1.4381508827209473 0.2698908746242523
Cyclist 0.0 0 -0.11746403574943542 589.0100708007812 175.41348266601562 608.4088134765625 209.07899475097656 1.0049413 1.850424 0.68055844 -0.6668485 1.9945507 40.12244 -0.1340828388929367 0.10375159978866577
Car 0.0 0 -1.6762363910675049 574.9559326171875 174.75538635253906 608.7349243164062 202.1343231201172 3.5442362 1.5053847 1.5837935 -1.1245292 1.6207771 41.789406 -1.703139305114746 0.27686023712158203
Car 0.0 0 1.8202967643737793 381.4927673339844 182.553955078125 455.00579833984375 227.440673828125 3.9995935 1.4330015 1.6084908 -6.8270535 1.8086296 25.90566 1.5626201629638672 0.17329944670200348
Car 0.0 0 -1.2865487337112427 349.1594543457031 183.43759155273438 463.42230224609375 251.4044647216797 4.12187 1.4521464 1.6566552 -5.0064626 1.7489119 18.131878 -1.5559501647949219 0.16437362134456635
Car 0.0 0 1.7193784713745117 453.47430419921875 174.9384307861328 495.4126892089844 206.7437286376953 3.9824817 1.5871043 1.615901 -7.171259 1.7039096 38.286606 1.5342192649841309 0.1515623778104782
Car 0.0 0 1.7745414972305298 422.1479187011719 176.15689086914062 475.1337890625 212.3662567138672 3.8172548 1.438054 1.4736103 -6.8864827 1.5887644 30.923058 1.5554198026657104 0.14460985362529755
Car 0.0 0 2.0414531230926514 131.52561950683594 182.9530029296875 354.32318115234375 287.24786376953125 4.3121233 1.4866465 1.725952 -6.2720222 1.6976054 12.8732815 1.588087797164917 0.12010885775089264
