Pedestrian 0.0 0 -1.8121951818466187 475.8423156738281 177.10360717773438 490.65576171875 210.17019653320312 0.68966424 1.743257 0.6332104 -6.818371 1.9735465 38.593796 -1.9870609045028687 0.18601518869400024
Pedestrian 0.0 0 -1.4587879180908203 439.7186279296875 174.41729736328125 455.06005859375 210.7602996826172 1.0768368 1.7593493 0.6224222 -8.043375 1.8379593 35.545036 -1.6813268661499023 0.15656356513500214
Pedestrian 0.0 0 2.276136636734009 1198.231201171875 144.45559692382812 1242.0 270.7723388671875 0.5043678 1.6262611 0.47243002 8.1857395 1.2610044 9.559476 2.984274387359619 0.13809213042259216
Pedestrian 0.0 0 0.3539707064628601 268.0188293457031 183.87571716308594 277.487548828125 202.42068481445312 0.5879871 1.6648077 0.6583104 -30.653248 2.6717699 65.54226 -0.08349381387233734 0.11110354959964752
Cyclist 0.0 0 -1.4433871507644653 442.4015197753906 173.38148498535156 457.4761657714844 209.688720703125 1.0722154 1.7581422 0.59454596 -7.911187 1.7848753 35.51441 -1.66256844997406 0.11695566028356552
Car 0.0 0 -1.2006027698516846 444.767822265625 161.71775817871094 491.6667785644531 196.36196899414062 4.458713 2.3412042 1.7662623 -10.005593 1.5889913 51.107655 -1.3939324617385864 0.5689831972122192
Car 0.0 0 1.9755306243896484 312.5322265625 184.24163818359375 364.2333984375 210.01123046875 4.1085677 1.5136287 1.6188534 -17.39469 2.2779362 46.313362 1.6162455081939697 0.2318045049905777
Car 0.0 0 1.7748842239379883 550.9228515625 171.1676483154297 576.7014770507812 188.03016662597656 4.117651 1.5400641 1.6270214 -4.3400507 1.3864062 68.04819 1.7111914157867432 0.20736533403396606
Car 0.0 0 1.9817254543304443 340.8062744140625 179.926513671875 394.25982666015625 205.35032653808594 4.204679 1.5185874 1.7276257 -15.574291 1.9957635 46.472416 1.6583589315414429 0.12785224616527557
Car 0.0 0 2.1728384494781494 920.565185546875 180.13967895507812 1012.7354736328125 218.00531005859375 4.0479183 1.5447589 1.6381372 15.69274 1.8833563 31.791595 2.6313633918762207 0.11615758389234543
