Pedestrian 0.0 0 -3.2325453758239746 684.3006591796875 169.03343200683594 699.54052734375 199.7023468017578 0.8479294 1.815968 0.641238 4.8510656 1.5901026 43.050514 -3.120335578918457 0.1822413057088852
Pedestrian 0.0 0 1.6889724731445312 281.10443115234375 185.46995544433594 306.4263610839844 244.12579345703125 1.0955749 1.8537158 0.63857704 -10.415419 2.2790017 23.682787 1.2746427059173584 0.171727254986763
Cyclist 0.0 0 0.4349444508552551 210.94332885742188 143.05441284179688 286.0964050292969 212.03778076171875 1.6115636 1.734591 0.6151036 -9.287179 0.98563683 18.472668 -0.03090267814695835 0.14813493192195892
Car 0.0 0 -1.4208738803863525 465.4888610839844 176.91586303710938 537.2693481445312 227.66848754882812 3.8290956 1.407483 1.6282936 -3.2981682 1.5437921 22.230576 -1.5681612491607666 0.9592048525810242
Car 0.0 0 -1.230263352394104 298.8401794433594 178.0625 410.2726745605469 240.10328674316406 3.722122 1.4316787 1.5774319 -6.570676 1.5814128 18.825626 -1.5660722255706787 0.955618679523468
Car 0.0 0 -1.5542304515838623 547.1533203125 170.66094970703125 570.43798828125 192.45567321777344 3.667847 1.5215325 1.6231655 -3.705575 1.3687891 52.244457 -1.6250394582748413 0.48617127537727356
Car 0.0 0 -1.592808723449707 522.136962890625 167.80943298339844 540.2437744140625 184.90013122558594 3.698826 1.524453 1.5684475 -7.282196 1.0748458 66.29302 -1.7022186517715454 0.26765796542167664
Car 0.0 0 -1.1937216520309448 187.3582000732422 160.91033935546875 239.27638244628906 189.0682830810547 3.877583 1.7452997 1.6349888 -25.659414 1.0053588 46.745533 -1.6957329511642456 0.13217370212078094
Car 0.0 0 -0.954765260219574 286.0163879394531 184.1385955810547 342.3420715332031 209.396240234375 3.6881523 1.5275248 1.5824932 -19.391598 2.2997265 47.374027 -1.343288540840149 0.13009773194789886
Car 0.0 0 1.9996240139007568 828.9815673828125 183.19412231445312 871.1788330078125 201.9312286376953 4.3662586 1.4681137 1.735061 20.349928 2.375997 61.13624 2.3209502696990967 0.12332826107740402
