Pedestrian 0.0 0 -3.6064915657043457 1185.4964599609375 126.86724090576172 1224.0 244.44644165039062 0.6168961 1.7479051 0.5156305 9.353968 0.9522749 10.831359 -2.8941545486450195 0.4414990246295929
Pedestrian 0.0 0 -2.4759788513183594 832.1478271484375 173.46002197265625 906.7627563476562 318.4157409667969 0.6344311 1.7975814 0.6672892 3.3924487 1.7119577 9.208152 -2.1229910850524902 0.3395175039768219
Pedestrian 0.0 0 -1.4619239568710327 825.48193359375 159.89822387695312 841.2356567382812 197.3472137451172 0.79097176 1.685207 0.6033724 10.41671 0.75958806 32.29652 -1.1499245166778564 0.3197244703769684
Pedestrian 0.0 0 0.5618970394134521 303.0451354980469 172.0616912841797 319.64105224609375 199.8314666748047 0.965133 1.9049631 0.453432 -20.266182 1.3274161 48.80183 0.16829228401184082 0.29195451736450195
Pedestrian 0.0 0 -0.14513999223709106 848.5706176757812 113.77433013916016 958.7686157226562 352.43145751953125 0.72526467 1.792518 0.66170615 2.3308394 1.2930621 5.713727 0.24218964576721191 0.28869515657424927
Pedestrian 0.0 0 2.8378891944885254 423.9214782714844 170.55213928222656 439.97296142578125 195.61671447753906 1.0732716 1.8480057 0.4548357 -12.865892 1.115826 52.5978 2.5979907512664795 0.17801600694656372
Pedestrian 0.0 0 1.213035225868225 760.6689453125 132.0958251953125 810.4611206054688 232.11236572265625 0.86664766 1.8000655 0.63334674 3.311494 0.9305441 13.186191 1.459080457687378 0.17186829447746277
Pedestrian 0.0 0 -1.7085316181182861 1104.98388671875 25.719730377197266 1224.0 370.0 1.5142827 1.7912775 0.51332206 3.2452037 1.0642176 4.107049 -1.0398228168487549 0.11974672973155975
Pedestrian 0.0 0 0.13317328691482544 332.6484680175781 171.2743682861328 366.3575134277344 205.28431701660156 1.636688 1.8103958 0.6709912 -13.780579 1.3207115 38.133556 -0.2136005163192749 0.10189058631658554
Cyclist 0.0 0 -1.8939013481140137 1116.755126953125 128.33236694335938 1176.9869384765625 223.7313232421875 1.6604722 1.7742976 0.43575045 10.655544 0.8056843 14.001422 -1.24337637424469 0.3523327708244324
Cyclist 0.0 0 0.13317328691482544 332.6484680175781 171.2743682861328 366.3575134277344 205.28431701660156 1.636688 1.8103958 0.6709912 -13.780579 1.3207115 38.133556 -0.2136005163192749 0.2480611950159073
Cyclist 0.0 0 -1.7085316181182861 1104.98388671875 25.719730377197266 1224.0 370.0 1.5142827 1.7912775 0.51332206 3.2452037 1.0642176 4.107049 -1.0398228168487549 0.18020093441009521
Cyclist 0.0 0 1.9721558094024658 132.84527587890625 176.42529296875 163.85118103027344 216.61273193359375 1.6845716 1.6799735 0.5050581 -19.655298 1.5111202 30.425217 1.3985836505889893 0.17370082437992096
Car 0.0 0 -1.5201643705368042 558.1461791992188 167.3849639892578 577.7364501953125 184.24464416503906 3.9325712 1.5234598 1.627326 -3.399413 0.3395341 65.85186 -1.571740746498108 0.5447047352790833
Car 0.0 0 2.186788558959961 35.58503723144531 146.4126434326172 197.20272827148438 213.62051391601562 4.28599 1.7484082 1.6856537 -13.9929 0.8632159 20.546768 1.5889102220535278 0.42425692081451416
Car 0.0 0 2.0496327877044678 40.53824996948242 193.12042236328125 138.36195373535156 235.38272094726562 3.818625 1.4631561 1.4998968 -20.062973 1.9942423 27.666384 1.4222098588943481 0.20586556196212769
