Pedestrian 0.0 0 1.0638749599456787 891.6073608398438 152.5735321044922 951.2048950195312 243.7550506591797 1.1028476 1.7873436 0.66135454 6.283564 1.3901632 14.723517 1.467244267463684 0.22061967849731445
Pedestrian 0.0 0 1.457503080368042 1215.6121826171875 119.59440612792969 1242.0 191.35789489746094 0.529321 1.8968208 0.6678802 16.769413 0.48944494 19.475302 2.1683833599090576 0.1724192500114441
Pedestrian 0.0 0 -1.868271827697754 753.9491577148438 146.20278930664062 775.8125 195.4904327392578 0.7748205 1.8670048 0.6207882 5.9071856 0.857821 27.74204 -1.6584725379943848 0.10105384886264801
Cyclist 0.0 0 1.1116156578063965 888.0050048828125 149.46493530273438 955.1101684570312 238.6787872314453 1.6532637 1.7261051 0.58468884 6.3030825 1.2739327 14.799363 1.5142502784729004 0.2969934046268463
Cyclist 0.0 0 -2.05001163482666 756.9017333984375 160.91209411621094 790.9398803710938 209.42359924316406 1.703824 1.7025816 0.4690219 5.891905 1.2838211 26.204212 -1.8288439512252808 0.20665200054645538
Cyclist 0.0 0 2.115363597869873 5.513956069946289 191.30458068847656 44.206058502197266 232.1387939453125 1.7822703 1.6760844 0.44890368 -25.444109 2.5015907 31.35247 1.4336192607879639 0.13573268055915833
Car 0.0 0 -1.5452815294265747 577.1218872070312 169.99179077148438 605.6473388671875 195.817138671875 3.9393065 1.4900668 1.6250867 -1.1191688 1.3252813 43.598206 -1.5709459781646729 0.784515380859375
Car 0.0 0 1.3280458450317383 674.68359375 167.05557250976562 714.4207763671875 192.34066772460938 3.779805 1.5281378 1.6246607 5.2610474 1.1780603 45.582405 1.442955732345581 0.3570895791053772
Car 0.0 0 1.7892096042633057 393.9993896484375 171.50582885742188 454.2842712402344 212.82774353027344 3.4178872 1.4468532 1.4778575 -6.9248643 1.4000063 26.993517 1.538087010383606 0.1919531375169754
Car 0.0 0 -2.2661688327789307 1134.5509033203125 121.330078125 1242.0 188.4577178955078 3.6386342 1.7939371 1.6688889 17.459633 0.417356 21.1026 -1.5749609470367432 0.10311722010374069
