Pedestrian 0.0 0 0.99080890417099 773.7870483398438 159.724365234375 794.3942260742188 203.40431213378906 0.5350597 1.8713636 0.687389 7.5045805 1.3092138 31.277714 1.226291298866272 0.33260002732276917
Car 0.0 0 -2.592482328414917 37.12859344482422 177.7306365966797 308.645263671875 280.7445068359375 3.4339604 1.540622 1.6007773 -6.985132 1.6254926 11.6836195 -3.131324529647827 0.9570503830909729
Car 0.0 0 -2.409712553024292 765.3524780273438 180.4041290283203 901.97119140625 235.40350341796875 3.5146973 1.3727726 1.6104097 6.191085 1.6072822 20.454062 -2.1157965660095215 0.9527465105056763
Car 0.0 0 -1.7882076501846313 626.459716796875 176.70944213867188 676.1475830078125 211.45614624023438 3.39072 1.4700156 1.5444125 1.7800517 1.6548338 32.720364 -1.7338593006134033 0.9409826397895813
Car 0.0 0 3.334507942199707 356.6805114746094 179.39654541015625 477.626708984375 218.1194610595703 4.3233023 1.4407779 1.6255919 -7.4796433 1.704828 28.122505 3.074559450149536 0.7532941102981567
Car 0.0 0 3.553074836730957 106.64250946044922 184.64219665527344 353.5834045410156 271.8730163574219 3.7954745 1.501021 1.5938946 -7.047475 1.7384349 13.58473 3.074517011642456 0.6414824724197388
Car 0.0 0 -1.6021397113800049 610.9141235351562 176.65196228027344 639.632568359375 202.4624786376953 3.7366378 1.4229629 1.5548189 0.822408 1.6553792 42.206356 -1.582656741142273 0.5845080614089966
Car 0.0 0 -2.9202940464019775 420.8476867675781 176.0287322998047 498.0480041503906 204.27427673339844 3.943017 1.5305654 1.6289549 -8.367581 1.7112311 40.13129 -3.125854015350342 0.5035990476608276
Car 0.0 0 -2.892455816268921 417.1938781738281 179.76516723632812 493.915771484375 212.0941162109375 3.375848 1.5199714 1.5432456 -7.517525 1.8646924 35.11375 -3.103362560272217 0.4985593557357788
Car 0.0 0 -0.029388345777988434 654.1968994140625 164.5529327392578 703.542724609375 181.50924682617188 4.340131 1.4942076 1.6064751 6.1087694 0.7630658 64.52242 0.06500697135925293 0.3813875913619995
