Car 0.0 0 -1.8930482864379883 747.2781982421875 189.76734924316406 994.505126953125 351.6470031738281 3.7098439 1.4314225 1.5725785 2.751914 1.677931 8.632763 -1.584456443786621 0.9836370348930359
Car 0.0 0 -1.674768328666687 672.2055053710938 179.43492126464844 750.5784301757812 248.68759155273438 3.8590984 1.660655 1.6891657 2.6039455 1.8578204 19.622948 -1.5428401231765747 0.958939254283905
Car 0.0 0 3.6126039028167725 64.1047592163086 167.234619140625 364.37152099609375 282.92950439453125 4.031525 1.7738698 1.7094084 -6.426533 1.6880693 11.959109 3.119504690170288 0.9166489243507385
Car 0.0 0 3.388892650604248 302.36114501953125 182.173583984375 458.0349426269531 241.40933227539062 3.7664435 1.516845 1.6015621 -6.2152 1.783054 19.669916 3.0828452110290527 0.904771625995636
Car 0.0 0 0.8581885695457458 0.0 194.60696411132812 219.2912139892578 375.0 4.2268214 1.5060579 1.6654271 -6.4854636 1.7581114 7.249511 0.12836098670959473 0.8501704335212708
Car 0.0 0 -1.670148253440857 656.7428588867188 183.4368438720703 715.950439453125 231.1315460205078 4.241829 1.4918892 1.6560706 2.5810103 1.8993286 25.630268 -1.5697849988937378 0.8158804774284363
Car 0.0 0 0.3708682060241699 244.37542724609375 188.08419799804688 437.99530029296875 255.30511474609375 3.9971828 1.4802561 1.5749176 -6.312279 1.8585079 17.079119 0.01684856414794922 0.7106876373291016
Car 0.0 0 0.3047718405723572 145.1130828857422 198.4463653564453 399.7501525878906 281.62213134765625 4.288648 1.4508467 1.5902241 -6.551374 1.9956186 14.28972 -0.12510141730308533 0.7002867460250854
Car 0.0 0 -2.861628293991089 365.3961486816406 179.94931030273438 485.5989074707031 220.9975128173828 4.3964014 1.5822345 1.661508 -7.3989425 1.8767767 29.016516 -3.1112985610961914 0.6618949174880981
Car 0.0 0 -1.6996387243270874 641.457275390625 178.0874481201172 685.1134643554688 214.63311767578125 3.7790394 1.6429503 1.6235398 2.4849968 1.9106444 34.921722 -1.6285994052886963 0.6579381823539734
