Pedestrian 0.0 0 -0.7993001341819763 495.0418701171875 175.0916748046875 510.6696472167969 206.22706604003906 0.56051165 1.7802387 0.7025373 -6.233803 1.9114172 41.747658 -0.9475259780883789 0.4244976341724396
Pedestrian 0.0 0 0.9328294992446899 70.5333251953125 150.41098022460938 112.95794677734375 214.1284637451172 0.80417585 1.8380916 0.6671735 -15.307479 1.1910242 21.251793 0.30861473083496094 0.39839282631874084
Pedestrian 0.0 0 3.3683645725250244 347.39935302734375 148.86166381835938 376.54327392578125 193.52999877929688 1.0804346 1.8900262 0.5648771 -10.644951 0.8752099 30.864944 3.0362510681152344 0.3791114389896393
Cyclist 0.0 0 2.056208372116089 84.21724700927734 167.5648651123047 287.075927734375 375.0 1.7021036 1.6960561 0.5255905 -3.0161939 1.6643251 5.2350526 1.5335075855255127 0.963189959526062
Car 0.0 0 -1.7435717582702637 653.5756225585938 177.9717254638672 745.7421264648438 240.9764862060547 4.0445776 1.3980665 1.6260703 2.1134887 1.5436796 18.410103 -1.6292716264724731 0.9711405038833618
Car 0.0 0 3.5988247394561768 68.69599151611328 188.59324645996094 364.697021484375 278.0589904785156 4.3004255 1.4256122 1.6292967 -6.7910976 1.7222896 12.694222 3.1075897216796875 0.9617404341697693
Car 0.0 0 -2.6305789947509766 195.25115966796875 187.13722229003906 411.86041259765625 260.4720764160156 4.0173106 1.4279367 1.5595505 -6.5232286 1.7536027 15.432967 -3.030484199523926 0.9349296689033508
Car 0.0 0 -1.690324068069458 630.8469848632812 174.6501922607422 672.7885131835938 207.0581512451172 3.6032338 1.412708 1.5141726 1.8515518 1.5010678 33.501328 -1.6351122856140137 0.834314227104187
Car 0.0 0 0.3919162452220917 291.3460388183594 176.07177734375 434.2208557128906 235.7525177001953 3.5163343 1.620822 1.59683 -7.037503 1.7170948 20.597713 0.06268668174743652 0.8062350749969482
Car 0.0 0 3.2248504161834717 422.0811767578125 174.40345764160156 499.1492614746094 204.40817260742188 3.71673 1.4782236 1.5697497 -7.5725746 1.5594466 36.650925 3.021103858947754 0.5956975221633911
Car 0.0 0 0.6468005180358887 1057.623291015625 132.4224090576172 1242.0 375.0 4.040256 1.6540523 1.6488022 4.647556 1.5427182 4.0645466 1.4990185499191284 0.5763812065124512
Car 0.0 0 -2.7568345069885254 391.1355895996094 176.680908203125 495.96234130859375 215.04238891601562 3.9205768 1.5250882 1.6460825 -6.9324236 1.6906651 30.027136 -2.9837307929992676 0.5387845635414124
