Pedestrian 0.0 0 -1.9023367166519165 340.390625 168.1642608642578 369.7938537597656 219.24790954589844 0.9445881 1.6990812 0.6727001 -8.549251 1.2903252 24.091007 -2.2433462142944336 0.7803768515586853
Pedestrian 0.0 0 -0.5827044248580933 349.0655517578125 168.2322235107422 380.7345275878906 218.18617248535156 0.87483805 1.7852073 0.6628268 -8.790543 1.3483167 25.811628 -0.9109494686126709 0.6403377652168274
Pedestrian 0.0 0 3.1144981384277344 428.297607421875 156.5509033203125 448.4009094238281 209.3178253173828 0.6756186 1.8424491 0.6493577 -5.9444118 1.0077537 25.083454 2.881805419921875 0.6225782632827759
Pedestrian 0.0 0 1.006873369216919 528.66552734375 160.5067138671875 558.6281127929688 214.98851013183594 0.92059135 1.9022622 0.67843777 -2.2228327 1.2057146 25.25375 0.9190797805786133 0.45407772064208984
Pedestrian 0.0 0 -1.1350536346435547 62.45783996582031 147.47357177734375 87.05386352539062 188.3236846923828 0.7490947 1.9160584 0.68385065 -25.20788 0.36841717 33.595966 -1.7787624597549438 0.4307047724723816
Pedestrian 0.0 0 -1.6290675401687622 413.8086242675781 160.01080322265625 437.65625 216.41639709472656 1.9638313 1.7453043 0.62992305 -5.8532233 1.1128818 22.903769 -1.8792695999145508 0.1043991819024086
Cyclist 0.0 0 -0.30691125988960266 817.2119140625 152.0475616455078 870.6476440429688 199.63623046875 1.7915243 1.7565042 0.60461676 8.888277 0.70783675 26.41046 0.01772594451904297 0.9370085000991821
Cyclist 0.0 0 -0.08611959218978882 882.0848388671875 146.48419189453125 948.3768310546875 205.69818115234375 1.8061346 1.760747 0.61806667 9.420232 0.75083923 21.600672 0.3251221179962158 0.917643129825592
Cyclist 0.0 0 -0.502857506275177 677.6920166015625 159.46922302246094 718.0520629882812 194.15435791015625 1.8801882 1.6968336 0.72369355 4.618134 0.6694223 35.26391 -0.37263932824134827 0.857171356678009
Cyclist 0.0 0 -0.6449315547943115 294.7525939941406 170.7376251220703 357.7652587890625 232.17318725585938 1.785018 1.7888632 0.5956696 -8.483192 1.5061725 21.499228 -1.0207579135894775 0.8284692168235779
Cyclist 0.0 0 -1.6290675401687622 413.8086242675781 160.01080322265625 437.65625 216.41639709472656 1.9638313 1.7453043 0.62992305 -5.8532233 1.1128818 22.903769 -1.8792695999145508 0.45145490765571594
Cyclist 0.0 0 -2.205205202102661 1034.6014404296875 149.98989868164062 1070.1544189453125 189.50003051757812 1.7002751 1.7663008 0.4586238 20.507713 0.4038107 32.46794 -1.6418527364730835 0.34265604615211487
Cyclist 0.0 0 0.7838858962059021 527.0658569335938 163.19085693359375 560.94970703125 215.52976989746094 1.0624884 1.8293966 0.64446 -2.2124176 1.2259208 25.29647 0.696648359298706 0.13437166810035706
Car 0.0 0 -1.403727412223816 424.847412109375 176.3248748779297 514.041748046875 239.41348266601562 3.668062 1.4450693 1.6390313 -3.3797836 1.3510451 18.03886 -1.5889413356781006 0.9723559617996216
Car 0.0 0 -0.4790794849395752 959.9501953125 152.79119873046875 1053.9510498046875 184.64569091796875 3.5918033 1.4861277 1.565117 19.16125 0.19486389 33.828617 0.03628373146057129 0.5453920364379883
Car 0.0 0 1.6360383033752441 482.8588562011719 170.21026611328125 505.2052917480469 190.0312042236328 3.7145581 1.5913861 1.5958823 -9.164795 0.76647276 58.68396 1.481117606163025 0.3719317317008972
