Pedestrian 0.0 0 1.4155853986740112 792.17724609375 161.56886291503906 812.95263671875 207.16082763671875 1.0974543 1.9710152 0.720957 8.431712 1.4834982 31.773743 1.6749743223190308 0.2898269295692444
Cyclist 0.0 0 2.1157727241516113 0.0 184.80978393554688 56.08091735839844 242.35174560546875 1.9218271 1.7273178 0.50373137 -18.622107 2.1260345 23.0524 1.4362837076187134 0.7822748422622681
Cyclist 0.0 0 -1.6951650381088257 692.4676513671875 170.66990661621094 704.76171875 202.5391387939453 1.6660684 1.6664991 0.44619396 4.692831 1.5526468 38.561516 -1.5740633010864258 0.13668803870677948
Car 0.0 0 -1.586971402168274 593.1231689453125 175.97317504882812 627.5283813476562 208.7495880126953 4.6116405 1.6392777 1.7428502 -0.061614186 1.8176143 38.846878 -1.588557481765747 0.8612221479415894
Car 0.0 0 -0.13936084508895874 884.3932495117188 149.6175079345703 983.7162475585938 182.72866821289062 4.2089143 1.5458566 1.655486 15.614107 0.4613754 35.06001 0.27962255477905273 0.24361443519592285
Car 0.0 0 2.077660322189331 533.8388671875 175.25877380371094 572.0435180664062 191.78504943847656 4.2399282 1.469382 1.6979227 -5.283233 1.7009704 67.09544 1.9990804195404053 0.23963266611099243
Car 0.0 0 1.0993144512176514 817.7433471679688 184.0750274658203 866.7830810546875 208.62591552734375 3.4999056 1.4333308 1.525144 14.613347 2.1726305 45.663017 1.409040927886963 0.16615459322929382
Car 0.0 0 1.9893150329589844 383.47320556640625 178.71112060546875 418.98095703125 200.2996063232422 3.7135305 1.817709 1.6485156 -18.427986 2.3515143 63.76059 1.707963228225708 0.16485893726348877
Car 0.0 0 2.2313804626464844 0.0 187.79148864746094 31.220895767211914 241.4579315185547 4.0064964 1.4856584 1.6097736 -20.940437 2.008431 23.174456 1.4965801239013672 0.1467437446117401
Car 0.0 0 1.224358081817627 807.7348022460938 189.6780242919922 851.8392333984375 212.5321502685547 3.4803107 1.4311241 1.8205696 15.0263405 2.6295469 49.59376 1.5185543298721313 0.14059101045131683
Car 0.0 0 -0.5164426565170288 779.810791015625 162.97755432128906 876.2891235351562 196.23175048828125 3.9416714 1.4597704 1.5838051 9.875785 1.0265791 32.88193 -0.22467327117919922 0.1367456167936325
