Pedestrian 0.0 0 0.7254763841629028 650.72265625 167.68589782714844 672.2216186523438 208.2475128173828 0.6149911 1.7656755 0.73372644 2.6401396 1.1652964 31.74276 0.8084583282470703 0.43988606333732605
Pedestrian 0.0 0 1.8727171421051025 688.6293334960938 186.72068786621094 723.5330200195312 253.8057403564453 0.57806194 1.6391288 0.7290679 2.5962107 1.7744092 18.03154 2.015716075897217 0.2341172993183136
Pedestrian 0.0 0 -0.8675059676170349 767.8500366210938 183.25477600097656 824.6548461914062 286.51385498046875 0.6804977 1.8404464 0.7560323 3.5687907 1.8754838 13.322205 -0.6057684421539307 0.20067353546619415
Pedestrian 0.0 0 -1.655064582824707 705.55908203125 179.50636291503906 740.1500854492188 256.0367431640625 0.7392955 1.7545794 0.7383958 2.8062437 1.7100822 16.864527 -1.4901762008666992 0.1580847054719925
Pedestrian 0.0 0 0.22437576949596405 485.17877197265625 172.73077392578125 521.46826171875 251.85606384277344 0.69415444 1.8187008 0.7752007 -2.3380919 1.6183487 16.924692 0.0870978832244873 0.13477268815040588
Pedestrian 0.0 0 -1.4910964965820312 0.0 239.1596221923828 195.62075805664062 374.0 0.6470164 1.8049066 0.7074386 -2.086048 2.0721138 2.8474243 -2.1233739852905273 0.13135859370231628
Pedestrian 0.0 0 -0.013676479458808899 726.462890625 152.71163940429688 741.720947265625 195.63156127929688 0.59793764 1.7173151 0.61779994 5.3521953 0.5664348 29.094055 0.16825127601623535 0.12011314928531647
Pedestrian 0.0 0 -3.2705838680267334 789.3853149414062 177.55795288085938 851.0332641601562 296.7868957519531 0.85224974 1.8349588 0.72574633 3.435599 1.7755914 11.479494 -2.9797863960266113 0.11444756388664246
Pedestrian 0.0 0 -1.953251600265503 245.07447814941406 219.06993103027344 359.971923828125 374.0 0.64780873 1.7145561 0.68908834 -2.5394588 2.053561 5.9801116 -2.3548264503479004 0.10591193288564682
Pedestrian 0.0 0 -3.111156463623047 665.2445678710938 169.19920349121094 688.4238891601562 217.50624084472656 0.8216343 1.7344769 0.64673626 2.7292578 1.2938653 26.164885 -3.0072224140167236 0.10491431504487991
Cyclist 0.0 0 -1.747591257095337 725.7020874023438 148.667724609375 744.9266357421875 191.67153930664062 1.7255119 1.7092483 0.47386235 5.453807 0.4052874 29.412928 -1.56425142288208 0.440319687128067
Cyclist 0.0 0 -1.8629252910614014 661.8787231445312 173.26983642578125 685.5462036132812 221.24795532226562 1.659101 1.7067894 0.4007291 2.6229117 1.4150625 26.404259 -1.7639133930206299 0.4068898856639862
Cyclist 0.0 0 1.0571192502975464 687.732177734375 178.42567443847656 745.5845336914062 257.1089782714844 1.7870187 1.8575373 0.61913466 2.808772 1.7861611 17.901005 1.2127561569213867 0.25266033411026
Cyclist 0.0 0 -2.82313871383667 504.7012023925781 181.33572387695312 565.9468383789062 227.45095825195312 1.8894697 1.5305104 0.9144006 -2.2687752 1.5261427 24.495428 -2.9154956340789795 0.12434853613376617
Car 0.0 0 -0.08028896152973175 429.4564514160156 178.15545654296875 503.3133544921875 205.59201049804688 3.846843 1.4494166 1.5893241 -7.389811 1.2735763 39.218746 -0.2665308117866516 0.21612319350242615
Car 0.0 0 -2.3453381061553955 578.0531616210938 163.46202087402344 639.3673095703125 190.1163787841797 3.9564312 1.6439762 1.6531314 0.44015297 0.5321739 46.302036 -2.335832357406616 0.10603050142526627
Car 0.0 0 -1.543420433998108 512.945556640625 181.1698760986328 560.3114624023438 224.54856872558594 3.31322 1.4389814 1.5688351 -2.2796955 1.4291152 25.528198 -1.632485270500183 0.10508833080530167
Car 0.0 0 -1.8982665538787842 722.1044921875 187.76824951171875 892.1995849609375 324.8753967285156 3.8478355 1.839313 1.451836 3.1113553 1.9606004 11.783271 -1.6401101350784302 0.10121450573205948
