Pedestrian 0.0 0 -3.0096781253814697 749.5137329101562 123.9215316772461 791.085205078125 215.98684692382812 0.7318561 1.7764641 0.6316752 3.1406243 0.832636 14.3414 -2.79409122467041 0.312392920255661
Cyclist 0.0 0 1.3926395177841187 672.0668334960938 164.3396759033203 692.0889282226562 206.21340942382812 1.5009513 1.6170485 0.52962404 2.8078554 1.2886071 28.63039 1.4903994798660278 0.29060328006744385
Car 0.0 0 1.8789165019989014 232.2700653076172 184.80813598632812 427.220458984375 328.3986511230469 3.172884 1.5389154 1.4956582 -3.5727642 1.7255435 9.620159 1.5233206748962402 0.9470945000648499
Car 0.0 0 -2.2183938026428223 892.3104858398438 188.02340698242188 1242.0 375.0 3.668 1.503818 1.5793532 3.240724 1.6374605 4.4860477 -1.5927913188934326 0.9428316354751587
Car 0.0 0 1.7857376337051392 367.4634704589844 194.59715270996094 476.76312255859375 269.89044189453125 4.250305 1.3956141 1.5658464 -4.252647 1.9660094 16.763514 1.5372940301895142 0.928989589214325
Car 0.0 0 -1.9340142011642456 735.3602905273438 156.7711639404297 962.8671264648438 314.8913269042969 4.1771193 1.842931 1.6780509 3.1261992 1.6558393 10.552656 -1.6460034847259521 0.8844448924064636
Car 0.0 0 2.2044692039489746 0.0 193.49029541015625 326.21002197265625 375.0 3.7377117 1.5285317 1.5904558 -3.5128937 1.7217175 4.8640738 1.5789905786514282 0.7848238945007324
Car 0.0 0 1.7257089614868164 478.1615295410156 184.9334716796875 524.6616821289062 219.95220947265625 4.2397037 1.6175724 1.718689 -5.525542 2.2716062 36.9177 1.577139973640442 0.7797785401344299
Car 0.0 0 -2.3103365898132324 468.8078918457031 192.2832794189453 539.4891357421875 220.35255432128906 4.443048 1.5204772 1.7159445 -6.5266585 2.761832 44.014874 -2.4575469493865967 0.326711505651474
Car 0.0 0 1.8180783987045288 528.288330078125 185.6481475830078 561.5904541015625 207.2164306640625 4.059393 1.5347121 1.6316118 -5.032225 2.5659416 56.001667 1.7284605503082275 0.32281461358070374
