Pedestrian 0.0 0 -0.3569919764995575 804.853271484375 150.64894104003906 818.0726928710938 185.9636993408203 0.5152076 2.0418458 0.74267775 11.720413 0.7583406 42.107445 -0.0855182334780693 0.2872064709663391
Pedestrian 0.0 0 -3.338188886642456 988.8409423828125 145.01290893554688 1055.82666015625 275.1288146972656 0.71298426 1.7468475 0.56025153 5.68015 1.3734298 10.061506 -2.824249029159546 0.21579529345035553
Pedestrian 0.0 0 -0.520078718662262 744.3645629882812 151.4537811279297 762.13037109375 193.41885375976562 0.51893264 1.9735556 0.762887 6.782652 0.96749294 34.37446 -0.32526466250419617 0.14818505942821503
Car 0.0 0 -1.5645774602890015 568.322265625 179.6549835205078 607.8268432617188 218.5683135986328 4.3203526 1.5771152 1.6432194 -1.007508 1.9013904 32.182533 -1.595873236656189 0.9352925419807434
Car 0.0 0 1.7767680883407593 363.2355041503906 182.51954650878906 426.7120056152344 227.07139587402344 4.1643343 1.653758 1.6981503 -8.845509 2.082827 29.855997 1.4887346029281616 0.9025529623031616
Car 0.0 0 2.309670925140381 0.0 203.8306884765625 158.09536743164062 353.1257629394531 3.7038624 1.4769341 1.5888637 -8.202145 1.9790325 9.800576 1.6128287315368652 0.8988538384437561
Car 0.0 0 1.9423279762268066 221.21337890625 192.30856323242188 345.0046691894531 261.5325012207031 3.9953506 1.5008795 1.5837225 -8.400564 2.0635238 18.817919 1.5224609375 0.8670063614845276
Car 0.0 0 1.603723168373108 429.29815673828125 182.72946166992188 461.76910400390625 212.55447387695312 3.899903 1.5491112 1.6695442 -9.316002 2.137932 40.919613 1.3798726797103882 0.6129513382911682
Car 0.0 0 1.7483532428741455 494.4427185058594 185.71658325195312 524.3358154296875 207.58367919921875 3.520144 1.4452983 1.5203803 -7.185129 2.3970752 51.579533 1.6099419593811035 0.178716778755188
Car 0.0 0 1.602568507194519 495.0345458984375 183.05007934570312 521.5858154296875 208.89892578125 3.752108 1.5161628 1.5528226 -6.4519806 2.191377 45.8054 1.4626327753067017 0.155073344707489
