Pedestrian 0.0 0 0.9068013429641724 1014.9090576171875 118.7705078125 1168.835693359375 363.3546142578125 0.70680374 1.7315456 0.68124783 3.5753121 1.3490167 5.486922 1.4843049049377441 0.28403428196907043
Pedestrian 0.0 0 2.140354871749878 560.4067993164062 172.07603454589844 572.611572265625 196.7867431640625 0.9738484 1.8560541 0.47456867 -3.3230503 1.7979778 54.73374 2.079716205596924 0.27252331376075745
Pedestrian 0.0 0 1.2465463876724243 706.7804565429688 164.414794921875 721.6530151367188 196.0892333984375 0.9506564 1.7850116 0.5655414 5.9090457 1.3097788 41.17809 1.389073133468628 0.24742135405540466
Pedestrian 0.0 0 -1.5928040742874146 722.9800415039062 148.20460510253906 738.3240966796875 189.12713623046875 0.4878473 1.9898965 0.7306149 5.8745127 0.7916544 35.37605 -1.4282466173171997 0.2274571806192398
Pedestrian 0.0 0 2.39170503616333 1072.2879638671875 125.51737213134766 1203.9234619140625 302.1697998046875 1.0536182 1.8340342 0.56381714 5.660731 1.3429356 7.833338 3.0174684524536133 0.207444429397583
Cyclist 0.0 0 2.3942627906799316 1133.1724853515625 107.7509536743164 1242.0 254.89956665039062 1.6703148 1.8260553 0.34797984 7.5341187 1.0185105 9.17485 3.081780195236206 0.3075922429561615
Car 0.0 0 -1.3426986932754517 386.0130615234375 192.6850128173828 529.769775390625 292.2503662109375 4.4565253 1.4200011 1.6096995 -2.6659174 1.8517046 13.438402 -1.538536548614502 0.966992199420929
Car 0.0 0 -1.4437861442565918 485.51806640625 186.26844787597656 555.4556274414062 239.89736938476562 4.1102605 1.418807 1.6192856 -2.698488 1.8698093 22.176653 -1.56487238407135 0.9504813551902771
Car 0.0 0 -1.7172143459320068 663.135986328125 178.41006469726562 721.5003662109375 221.29112243652344 3.7265832 1.4513383 1.6105213 2.9403121 1.6726568 26.80036 -1.6079397201538086 0.902208149433136
Car 0.0 0 -1.7632215023040771 703.9706420898438 180.6747589111328 822.3983154296875 266.4781188964844 3.8837972 1.4632878 1.580602 2.8899307 1.6430099 14.601007 -1.5678201913833618 0.869139552116394
Car 0.0 0 -1.5898264646530151 646.9288940429688 180.2198944091797 674.9730834960938 206.42330932617188 3.630592 1.498688 1.6356515 3.0497136 1.9688237 44.16126 -1.5208773612976074 0.7337982058525085
