Pedestrian 0.0 0 3.166350841522217 535.0117797851562 175.5251922607422 548.0733642578125 200.36692810058594 0.89871943 1.7278764 0.5282986 -4.821905 1.9164493 50.542614 3.0712358951568604 0.41119906306266785
Pedestrian 0.0 0 -0.07838082313537598 1046.58642578125 157.34266662597656 1149.4931640625 320.2303771972656 0.93932533 1.785747 0.73389876 5.6280675 1.6160532 8.45677 0.5088207721710205 0.31568843126296997
Pedestrian 0.0 0 -1.2213795185089111 604.9819946289062 178.33438110351562 623.1304321289062 214.07302856445312 1.1587477 1.6767329 0.50760245 0.1620007 1.9452739 34.67438 -1.216707468032837 0.29328665137290955
Pedestrian 0.0 0 2.981940269470215 444.7582092285156 165.20602416992188 457.9021301269531 192.4288787841797 0.7967834 1.8310639 0.5245857 -10.789184 1.3170036 48.91984 2.764867067337036 0.27518123388290405
Pedestrian 0.0 0 -0.56297767162323 230.57382202148438 197.32786560058594 274.5334167480469 282.5065612792969 0.535042 1.5707177 0.57308704 -6.9346523 2.0553305 13.896733 -1.0258355140686035 0.20491361618041992
Pedestrian 0.0 0 0.9524219036102295 0.0 212.73822021484375 91.74844360351562 375.0 0.71787894 1.7157698 0.5716769 -6.316067 2.1763465 7.948822 0.2809875011444092 0.19120129942893982
Pedestrian 0.0 0 0.5081747770309448 582.4349365234375 131.49783325195312 624.2315673828125 180.98374938964844 1.4796824 1.8117968 0.5582381 -0.2960775 0.2980071 27.012674 0.49721455574035645 0.12025294452905655
Cyclist 0.0 0 0.5107812881469727 582.39599609375 131.4591064453125 624.20751953125 180.8601837158203 1.4800569 1.8072473 0.55756706 -0.29715446 0.29324967 26.992699 0.4997730255126953 0.42170801758766174
Cyclist 0.0 0 -1.4564627408981323 608.0612182617188 181.01174926757812 620.1915283203125 215.65243530273438 1.9070233 1.6070452 0.37434384 0.16881803 2.0129275 34.89612 -1.4516249895095825 0.27656081318855286
Car 0.0 0 1.7347838878631592 367.8811950683594 185.9473419189453 453.9247741699219 247.03375244140625 4.0227714 1.4280187 1.6357793 -5.3993344 1.8263072 19.84207 1.4691013097763062 0.9698405861854553
Car 0.0 0 1.6522669792175293 428.8998107910156 184.72792053222656 476.1626281738281 224.4915771484375 3.6049054 1.3856913 1.5137311 -6.1260524 1.8804772 28.155157 1.4380242824554443 0.8281624913215637
Car 0.0 0 1.2655383348464966 652.0538330078125 163.17874145507812 761.9200439453125 241.6891326904297 4.204068 1.8616363 1.6952738 2.4044223 1.6325749 19.32684 1.3893108367919922 0.8279626369476318
Car 0.0 0 -1.577515721321106 545.8870239257812 175.81793212890625 568.983642578125 197.6512908935547 3.0799568 1.4654074 1.5620662 -3.716601 1.6796048 50.456707 -1.651042103767395 0.4062994420528412
Car 0.0 0 -1.6968458890914917 657.8072509765625 149.7477264404297 698.5200805664062 183.0812530517578 3.5210705 1.6277003 1.6403385 3.4112604 0.49976173 37.017986 -1.6049540042877197 0.20184604823589325
