Car 0.0 0 -1.893519639968872 770.3251953125 190.99819946289062 1042.8310546875 367.617431640625 3.5423157 1.3737506 1.5444155 2.8001988 1.6144357 7.7656145 -1.5474423170089722 0.9847751259803772
Car 0.0 0 0.5019404292106628 84.12056732177734 177.78785705566406 338.1372985839844 264.2526550292969 3.6059768 1.4133124 1.5396456 -6.91318 1.5054946 12.652615 0.0018780231475830078 0.9296517968177795
Car 0.0 0 -0.3927883803844452 847.9252319335938 173.02877807617188 1121.086181640625 266.0465393066406 3.9599688 1.5214151 1.6503613 6.3933463 1.5251 12.766955 0.07147741317749023 0.917310893535614
Car 0.0 0 -2.7825043201446533 246.19471740722656 177.86849975585938 429.6510009765625 240.75489807128906 3.8839376 1.4523995 1.5433514 -6.5731597 1.5801773 17.558325 -3.1407151222229004 0.8907818794250488
Car 0.0 0 0.34752288460731506 169.27540588378906 179.2587432861328 401.32061767578125 251.19639587402344 4.129401 1.3895944 1.5210799 -6.6565094 1.5311368 14.99921 -0.07015535980463028 0.8815467953681946
Car 0.0 0 0.7708311676979065 0.0 175.55824279785156 252.12513732910156 333.57122802734375 3.8147333 1.489756 1.5427269 -6.18133 1.5229146 7.790909 0.10012578964233398 0.8698177933692932
Car 0.0 0 0.6487541198730469 0.0 176.3894805908203 347.49462890625 304.181640625 4.0636644 1.6075605 1.7069063 -6.1071153 1.6631708 10.203249 0.10940432548522949 0.869610607624054
Car 0.0 0 -1.6362606287002563 636.8330688476562 176.65609741210938 669.8026123046875 203.742431640625 4.011844 1.4638494 1.6272606 2.4156096 1.6938673 41.56867 -1.5782146453857422 0.8389688730239868
Car 0.0 0 2.8316965103149414 725.1456909179688 177.64569091796875 871.4346923828125 230.5541229248047 4.2423635 1.6193359 1.6846205 5.942698 1.7803531 23.222706 3.0822205543518066 0.8303837180137634
Car 0.0 0 -2.8305625915527344 309.82550048828125 175.08229064941406 462.5154113769531 227.90440368652344 4.165421 1.5504965 1.6338986 -6.815636 1.6216778 22.089014 -3.129847764968872 0.8001574873924255
Car 0.0 0 -0.3215694725513458 780.0103759765625 175.87400817871094 943.7493286132812 239.7473602294922 3.5478406 1.5209949 1.5837107 6.165355 1.6003246 18.060081 0.007405757904052734 0.7573564052581787
Car 0.0 0 2.8680920600891113 708.2550048828125 176.16329956054688 826.5514526367188 220.98057556152344 3.8672678 1.5491946 1.6319939 5.5741935 1.6731548 26.011648 3.079195261001587 0.7243316769599915
