Pedestrian 0.0 0 0.9897534847259521 815.2977905273438 204.01153564453125 864.5448608398438 287.6378479003906 1.0460244 1.8384244 0.62430906 5.3178797 2.5934784 16.886024 1.2948486804962158 0.17182663083076477
Pedestrian 0.0 0 0.2354799211025238 857.3401489257812 219.0097198486328 922.9927368164062 306.27789306640625 1.2347565 1.7638122 0.6081181 6.0876703 2.814507 15.816305 0.6029002666473389 0.12863774597644806
Pedestrian 0.0 0 1.3808119297027588 767.127685546875 179.63209533691406 800.005126953125 248.6511688232422 1.6626828 1.6974497 0.519965 4.443341 1.881874 18.749693 1.6135014295578003 0.1278342455625534
Cyclist 0.0 0 1.3808119297027588 767.127685546875 179.63209533691406 800.005126953125 248.6511688232422 1.6626828 1.6974497 0.519965 4.443341 1.881874 18.749693 1.6135014295578003 0.1863163560628891
Cyclist 0.0 0 0.6758997440338135 843.1013793945312 217.30125427246094 926.5869140625 306.4302062988281 1.812022 1.7517645 0.49734655 6.0033774 2.7929895 15.988218 1.0350978374481201 0.1690072864294052
Car 0.0 0 1.8579975366592407 382.9073181152344 181.81106567382812 450.6293640136719 221.1759796142578 4.062441 1.5046777 1.6865917 -8.133161 1.9099884 30.564959 1.59792959690094 0.949637770652771
Car 0.0 0 2.2799582481384277 0.0 203.47244262695312 134.46951293945312 372.9989013671875 4.045243 1.452737 1.6219673 -8.067343 1.9200236 8.959222 1.5468937158584595 0.8640397191047668
Car 0.0 0 1.6491364240646362 374.87738037109375 167.51123046875 411.4124755859375 198.44187927246094 3.79113 1.4947014 1.4974301 -11.070203 1.2368737 36.87615 1.3574966192245483 0.20471763610839844
Car 0.0 0 1.9053694009780884 355.4707946777344 179.1124267578125 402.7850341796875 205.96664428710938 3.9142232 1.5998862 1.6736866 -14.650795 2.0154061 45.88378 1.5962995290756226 0.1287500113248825
Car 0.0 0 -1.0430762767791748 988.849609375 190.71450805664062 1034.550537109375 209.36700439453125 4.0175004 1.5248816 1.7709678 35.726303 3.1584735 64.19132 -0.5352108478546143 0.11975445598363876
Car 0.0 0 1.8940242528915405 489.01287841796875 177.43035888671875 527.7160034179688 199.91290283203125 4.1883154 1.6126345 1.6712812 -7.7036986 1.9750097 54.863808 1.754521369934082 0.11928950995206833
Car 0.0 0 3.307560920715332 147.21092224121094 155.80316162109375 252.78457641601562 190.238525390625 4.0858655 1.5438485 1.6556851 -19.152126 0.779762 33.82309 2.7923316955566406 0.11037946492433548
