Pedestrian 0.0 0 1.8744205236434937 331.4759826660156 123.51114654541016 422.1707763671875 315.4865417480469 0.73910385 1.7651293 0.64955246 -2.2968342 1.3118014 7.0052834 1.5575934648513794 0.5932912826538086
Pedestrian 0.0 0 -1.4825389385223389 183.98947143554688 165.103759765625 201.4097900390625 202.30453491210938 0.6683742 1.9343944 0.7385664 -21.995691 1.5317495 37.975346 -2.00753116607666 0.33491945266723633
Pedestrian 0.0 0 1.5479979515075684 448.3788757324219 181.93104553222656 488.2515563964844 273.89251708984375 0.61663836 1.6557058 0.7123892 -2.6978176 1.8299632 13.441721 1.3499248027801514 0.29415595531463623
Pedestrian 0.0 0 -2.843935489654541 678.5713500976562 170.8343048095703 691.7791137695312 198.78282165527344 0.67359746 1.7526474 0.6412299 4.7282248 1.6263506 45.671425 -2.7407760620117188 0.2429685890674591
Pedestrian 0.0 0 1.5314216613769531 932.3795166015625 173.2596893310547 958.661865234375 234.25148010253906 1.0026002 1.7915335 0.6782047 10.077467 1.8044795 21.792168 1.9645684957504272 0.21611358225345612
Pedestrian 0.0 0 2.425260066986084 1052.144775390625 149.38783264160156 1075.2669677734375 186.1790008544922 0.8853502 1.9545802 0.5812684 24.287725 0.7082665 38.68568 2.9858860969543457 0.15633918344974518
Cyclist 0.0 0 -0.06302899122238159 297.2432861328125 187.08106994628906 333.81341552734375 222.87872314453125 1.7411352 1.8218638 0.68218684 -15.52446 2.5841248 37.951183 -0.45132461190223694 0.27637630701065063
Cyclist 0.0 0 2.225050926208496 917.06640625 171.20761108398438 965.9755859375 232.95472717285156 1.3410065 1.8079667 0.65991426 9.93944 1.7601184 21.729616 2.6540534496307373 0.14067696034908295
Car 0.0 0 2.0339603424072266 0.0 199.14198303222656 268.98284912109375 348.74267578125 4.4480906 1.4965268 1.7683305 -6.663456 1.9575319 10.333449 1.4612188339233398 0.962440013885498
Car 0.0 0 2.3272924423217773 383.9444274902344 183.4999542236328 546.5838623046875 246.07028198242188 4.690104 1.4694208 1.6993736 -3.9293377 1.803901 20.206799 2.135233163833618 0.8873720169067383
