Pedestrian 0.0 0 0.6569275259971619 378.67449951171875 171.68702697753906 464.2107849121094 326.02490234375 0.8164241 1.811304 0.6147669 -2.3751242 1.7979661 8.906331 0.3963143825531006 0.2209896296262741
Pedestrian 0.0 0 -2.8542468547821045 424.6708984375 194.16665649414062 484.58880615234375 308.127685546875 0.77914596 1.7177311 0.6166699 -2.482458 2.0628574 11.3339 -3.069871187210083 0.21779541671276093
Pedestrian 0.0 0 3.658818244934082 113.29095458984375 134.3289337158203 240.33287048339844 301.07000732421875 1.0289015 1.8039596 0.68409723 -4.923462 1.3875176 8.158691 3.115856885910034 0.20257844030857086
Car 0.0 0 -1.7537871599197388 872.1716918945312 182.0196533203125 960.39404296875 238.98007202148438 4.0230455 1.3996578 1.57785 8.544837 1.6881253 20.545593 -1.3596526384353638 0.9696070551872253
Car 0.0 0 -2.4421768188476562 327.4649963378906 179.5173797607422 548.8760375976562 279.1005859375 4.000091 1.6652018 1.6972544 -3.3897953 1.8094853 13.932733 -2.6808371543884277 0.6795520782470703
Car 0.0 0 -2.92466139793396 656.5150756835938 176.66751098632812 734.8600463867188 208.52101135253906 3.8953369 1.62691 1.6808014 4.5595503 1.8390046 38.625896 -2.807161331176758 0.4634854197502136
Car 0.0 0 0.22720050811767578 1007.9046630859375 25.581462860107422 1242.0 375.0 3.8802304 1.5299402 1.5782495 3.4161468 1.5076789 2.2007565 1.2256942987442017 0.41416135430336
Car 0.0 0 -1.6603150367736816 853.1140747070312 170.87307739257812 895.8056030273438 209.7151641845703 4.076736 1.8505242 1.6611239 13.297546 1.7565064 36.556133 -1.3114376068115234 0.33720865845680237
Car 0.0 0 1.2683868408203125 893.94677734375 163.62107849121094 940.15625 192.52590942382812 3.682798 1.6945833 1.5722636 18.719917 1.153649 44.207897 1.668945550918579 0.22822710871696472
Car 0.0 0 -1.4469398260116577 671.1961059570312 167.0623321533203 702.5950317382812 193.158203125 3.6999831 1.6244861 1.586076 5.0020933 1.2643089 46.895626 -1.340677261352539 0.16864395141601562
