Pedestrian 0.0 0 1.882570505142212 243.34226989746094 166.57452392578125 289.79754638671875 240.50762939453125 1.1460086 1.8127387 0.7508865 -8.743341 1.6591326 18.306335 1.4369924068450928 0.13105127215385437
Pedestrian 0.0 0 -2.452277421951294 110.38175964355469 154.97572326660156 159.30743408203125 257.8309326171875 0.5473074 1.6974976 0.41744927 -8.04366 1.4027967 12.141395 -3.037389039993286 0.11372537910938263
Pedestrian 0.0 0 -1.905562162399292 308.3479309082031 118.5780029296875 365.7020263671875 247.27947998046875 0.71958834 1.8969545 0.621909 -4.2593484 1.0973284 11.107643 -2.2717299461364746 0.10141836106777191
Cyclist 0.0 0 2.012284517288208 374.499755859375 178.4757080078125 403.1251525878906 218.6488494873047 1.523652 1.5788952 0.51415014 -9.03108 1.8142442 29.367315 1.7139416933059692 0.15434126555919647
Cyclist 0.0 0 1.5435576438903809 742.297607421875 128.48654174804688 775.7767944335938 245.29124450683594 1.4995112 1.8254521 0.49803358 2.419937 1.1324246 12.0548 1.7416691780090332 0.10631728172302246
Car 0.0 0 1.7885360717773438 330.8128356933594 185.8144989013672 467.97509765625 288.0566711425781 3.9699523 1.5632434 1.6266263 -3.8208675 1.8438479 13.571282 1.5140992403030396 0.973969578742981
Car 0.0 0 1.770876169204712 417.72613525390625 172.33554077148438 511.0574645996094 248.13812255859375 4.1928854 1.8304597 1.6617573 -3.852664 1.8182981 19.521503 1.5760252475738525 0.9049329161643982
Car 0.0 0 1.6204246282577515 523.8050537109375 176.3381805419922 561.1028442382812 208.71682739257812 4.176323 1.5530169 1.709568 -3.4635882 1.7432017 37.185345 1.5275486707687378 0.6601014733314514
Car 0.0 0 3.034783124923706 651.2984619140625 175.38621520996094 722.5830078125 204.76478576660156 3.734413 1.5723401 1.5887388 4.143038 1.7143133 39.550575 3.139155387878418 0.2354835867881775
Car 0.0 0 -2.7728052139282227 364.3824157714844 171.15835571289062 452.29229736328125 206.204833984375 3.450338 1.5200806 1.569209 -9.014005 1.4468927 32.239304 -3.0454399585723877 0.11737538129091263
Car 0.0 0 1.3730181455612183 791.1072387695312 181.4389190673828 908.1859741210938 258.32818603515625 4.145016 1.4840345 1.7217686 5.2763815 1.7070937 16.559729 1.6814754009246826 0.10450495779514313
