Pedestrian 0.0 0 0.26310187578201294 413.1449890136719 155.42739868164062 524.7948608398438 314.1827087402344 1.150824 1.7877363 0.7204433 -1.6331258 1.5070807 8.356712 0.07010746002197266 0.6629990935325623
Pedestrian 0.0 0 -0.6292352676391602 1012.8263549804688 173.29244995117188 1073.3680419921875 277.1711730957031 0.6379348 1.6822075 0.5768635 7.2316318 1.567142 11.757294 -0.07780398428440094 0.1790725439786911
Pedestrian 0.0 0 0.5625724196434021 680.9664916992188 162.51197814941406 732.2684936523438 254.0277862548828 0.86777 1.8105031 0.57440674 2.0382855 1.4562666 14.482463 0.7023956775665283 0.1533173769712448
Pedestrian 0.0 0 1.6648221015930176 840.1029052734375 173.58177185058594 868.7811279296875 244.0305938720703 0.630259 1.7317137 0.62563455 6.244528 1.5632532 17.792198 2.0023608207702637 0.15221528708934784
Pedestrian 0.0 0 1.0220025777816772 836.6851196289062 135.59471130371094 889.1234130859375 240.5224151611328 0.75052476 1.8082724 0.56849736 4.543966 1.036043 12.60478 1.3679966926574707 0.13669492304325104
Pedestrian 0.0 0 0.939152717590332 938.9368286132812 158.39767456054688 1006.88134765625 267.75628662109375 0.903295 1.7112814 0.55621606 5.947009 1.3670734 11.548563 1.4146939516067505 0.11151313036680222
Pedestrian 0.0 0 2.7414026260375977 628.6756591796875 173.61117553710938 690.4025268554688 271.6429138183594 0.9910719 1.7363322 0.54672897 0.95023054 1.615961 12.936231 2.814725875854492 0.10302548855543137
Pedestrian 0.0 0 -1.4937193393707275 758.3497924804688 127.31306457519531 803.0333862304688 233.88568115234375 0.68500715 1.7985759 0.7102589 3.0358682 0.9026137 12.363893 -1.2529398202896118 0.10162243992090225
Cyclist 0.0 0 -1.9614646434783936 845.7720947265625 143.1564483642578 904.1677856445312 251.60511779785156 1.5332519 1.7733556 0.3885739 4.6336126 1.164365 12.329017 -1.6019666194915771 0.12996287643909454
Car 0.0 0 1.8879796266555786 497.0877380371094 141.7493438720703 581.5615234375 195.28611755371094 3.3699977 1.47473 1.5565983 -1.9230683 0.4088779 21.288448 1.797890305519104 0.19230540096759796
