Cyclist 0.0 0 1.7621549367904663 438.17279052734375 175.3172607421875 477.00299072265625 258.6109924316406 1.6727194 1.7383007 0.53500944 -3.396434 1.795979 15.946323 1.55229914188385 0.9604111909866333
Car 0.0 0 -1.7203049659729004 629.53369140625 181.45217895507812 691.7196655273438 225.29254150390625 4.0947857 1.4164543 1.6442385 1.7130269 1.7547463 26.24645 -1.655130386352539 0.9535862803459167
Car 0.0 0 3.4706954956054688 275.6295471191406 182.7647247314453 439.2711486816406 235.4458770751953 4.0704155 1.4060712 1.5607285 -7.079766 1.696802 20.345377 3.135822296142578 0.9464120268821716
Car 0.0 0 2.4385571479797363 924.326416015625 184.40420532226562 1242.0 350.3372497558594 3.9210935 1.5554892 1.6465582 5.684415 1.697423 7.86897 3.064148187637329 0.9443783760070801
Car 0.0 0 -0.5137548446655273 823.8947143554688 194.7119598388672 1178.2783203125 304.26953125 4.3608 1.4222132 1.603759 5.5088687 1.769954 10.588848 -0.034037262201309204 0.9393150806427002
Car 0.0 0 -0.4254537522792816 809.5106201171875 168.8674774169922 1044.068603515625 258.6130065917969 3.5443194 1.5173129 1.5705851 5.545461 1.4502712 13.021758 -0.022853918373584747 0.848856508731842
Car 0.0 0 -0.9100568294525146 1139.2686767578125 185.076171875 1242.0 375.0 3.8934793 1.4652532 1.6304123 6.3080163 1.5691396 5.232517 -0.03173387050628662 0.8242596983909607
Car 0.0 0 3.4299862384796143 310.7205810546875 183.49569702148438 459.24798583984375 232.5409393310547 4.2256446 1.4764926 1.5704015 -7.0992465 1.826344 22.882475 3.1291542053222656 0.7876710295677185
Car 0.0 0 3.916299343109131 0.0 184.04330444335938 134.364013671875 375.0 4.054233 1.5502734 1.6743926 -7.0502815 1.6682929 6.6702447 3.103209972381592 0.7680383920669556
Car 0.0 0 -2.4959328174591064 0.0 152.94505310058594 258.6014404296875 302.72467041015625 3.9147491 1.7420542 1.6699244 -6.9136815 1.5108553 9.229649 -3.138840436935425 0.6986584067344666
Car 0.0 0 -1.669717788696289 612.5726318359375 179.23463439941406 645.6292724609375 205.88916015625 3.6308355 1.4252478 1.5339478 1.019682 1.8077168 41.34002 -1.6450570821762085 0.6882449388504028
