Pedestrian 0.0 0 1.2492022514343262 884.5415649414062 132.1297607421875 959.482421875 275.2042236328125 0.6763791 1.6836371 0.66079736 3.7554529 1.2047701 8.8514 1.6504610776901245 0.5548108220100403
Pedestrian 0.0 0 -1.3767147064208984 779.8589477539062 129.93505859375 851.5111694335938 271.6710510253906 0.63217473 1.7779894 0.8041262 2.663238 1.239956 9.511765 -1.103711485862732 0.3636332154273987
Cyclist 0.0 0 3.5543570518493652 221.26219177246094 181.13880920410156 348.21966552734375 284.7550048828125 1.8426791 1.6730897 0.59423 -5.438715 1.8148779 12.005962 3.1290102005004883 0.27765849232673645
Cyclist 0.0 0 -1.983872890472412 875.8399047851562 132.27023315429688 960.8277587890625 281.02581787109375 0.83135134 1.7420778 0.6803018 3.7123482 1.2671589 8.868465 -1.5874347686767578 0.10091233998537064
Car 0.0 0 -1.4440737962722778 461.5710144042969 183.49574279785156 557.7362670898438 256.2710876464844 4.512064 1.4130383 1.6559553 -2.2535717 1.6964552 16.928738 -1.5764167308807373 0.9513164758682251
Car 0.0 0 -1.4801509380340576 524.9517211914062 181.38768005371094 580.6903076171875 226.68032836914062 4.1437044 1.4308403 1.604665 -1.9980686 1.7593143 25.657974 -1.5578672885894775 0.9374577403068542
Car 0.0 0 -1.740775465965271 703.6491088867188 175.81178283691406 800.5592651367188 243.6290740966797 4.1097875 1.4769777 1.655282 3.349708 1.559435 17.958353 -1.556368112564087 0.8573906421661377
Car 0.0 0 -1.66431725025177 679.7518310546875 172.3570098876953 723.9854125976562 208.44769287109375 3.3478956 1.4162912 1.5072116 3.7275798 1.3971462 30.0081 -1.5407311916351318 0.8200427889823914
Car 0.0 0 -2.456101417541504 1024.553955078125 180.07936096191406 1242.0 375.0 3.9476676 1.4731318 1.6237881 3.224472 1.5179166 2.4291928 -1.530954122543335 0.6744193434715271
Car 0.0 0 -1.504223346710205 662.13525390625 174.98658752441406 688.8121948242188 198.19223022460938 3.496479 1.4584799 1.5230448 4.312221 1.6047854 47.531174 -1.413746953010559 0.6501903533935547
