Pedestrian 0.0 0 2.8718607425689697 742.9036254882812 146.17477416992188 796.84326171875 227.47036743164062 1.0849613 1.8466195 0.65703654 3.6500423 1.2409621 16.744793 3.08648419380188 0.6896864771842957
Pedestrian 0.0 0 -2.9697017669677734 626.1378784179688 174.10337829589844 635.3279418945312 195.12095642089844 0.6734315 1.7546169 0.6389238 1.7218416 1.8606713 60.658886 -2.941323757171631 0.24266256392002106
Pedestrian 0.0 0 -1.9742894172668457 993.6648559570312 132.05596923828125 1022.5227661132812 184.2415313720703 0.69575757 1.9631792 0.75013995 15.136775 0.42874798 27.524279 -1.4714901447296143 0.24185825884342194
Cyclist 0.0 0 -0.07990396022796631 997.9013671875 157.2493438720703 1041.146728515625 198.0303192138672 1.6732686 1.833174 0.7049104 18.730549 1.1320763 33.10379 0.4349985122680664 0.19304634630680084
Car 0.0 0 1.8241654634475708 333.02880859375 180.67596435546875 405.04351806640625 225.87295532226562 3.979811 1.5921595 1.7198824 -9.347613 1.9200255 28.165176 1.5037184953689575 0.897825300693512
Car 0.0 0 -1.585368037223816 589.2454223632812 176.96620178222656 615.9099731445312 202.17323303222656 4.0136642 1.5519803 1.667125 -0.5485147 1.8324095 47.11152 -1.5970103740692139 0.8592424392700195
Car 0.0 0 1.6666810512542725 546.9214477539062 181.22750854492188 573.9764404296875 202.12655639648438 3.9865234 1.465761 1.6565002 -3.7143734 2.1189117 54.2327 1.5982983112335205 0.6920610070228577
Car 0.0 0 1.8126091957092285 446.03369140625 174.76678466796875 481.7295837402344 200.76034545898438 3.967201 1.8223541 1.6644758 -10.6920395 1.9682944 52.896698 1.6131658554077148 0.2885667383670807
Car 0.0 0 1.8335827589035034 335.60247802734375 172.15701293945312 427.976806640625 225.03712463378906 4.449062 1.5218927 1.7006012 -7.1829495 1.5021917 23.019667 1.5311212539672852 0.26106247305870056
Car 0.0 0 1.872959852218628 359.90283203125 184.11819458007812 409.4327087402344 209.45184326171875 4.467093 1.4545616 1.7398602 -14.211016 2.2024236 45.645504 1.5711371898651123 0.19492250680923462
