Pedestrian 0.0 0 1.5930980443954468 381.46783447265625 166.6590576171875 405.86578369140625 221.82666015625 1.0107621 1.8272799 0.77534497 -7.066125 1.3367987 24.378334 1.310976505279541 0.8060886263847351
Pedestrian 0.0 0 -2.4806227684020996 77.46444702148438 166.32188415527344 192.29212951660156 336.6009521484375 0.87233305 1.78625 0.5974539 -5.138292 1.628391 7.866407 -3.0592401027679443 0.7601920366287231
Pedestrian 0.0 0 1.0492355823516846 0.0 151.40939331054688 137.92298889160156 374.0 0.6037025 1.6970323 0.5832697 -3.3051438 1.5352722 4.2776957 0.39139795303344727 0.7547681331634521
Pedestrian 0.0 0 1.160658597946167 647.748291015625 157.5589141845703 677.1227416992188 225.40162658691406 0.63556975 1.731706 0.55421746 1.553344 1.1217809 18.72312 1.2434329986572266 0.6594542860984802
Pedestrian 0.0 0 0.5024226903915405 176.0039520263672 158.9810791015625 253.96438598632812 294.180419921875 0.7336971 1.6334784 0.43181014 -4.8215775 1.3627467 8.894286 0.005666255950927734 0.5923659801483154
Pedestrian 0.0 0 -1.828144907951355 202.98886108398438 158.49691772460938 305.41070556640625 366.0261535644531 0.9371357 1.822518 0.6606677 -3.3846824 1.6218877 6.8761873 -2.2855591773986816 0.5719761252403259
Pedestrian 0.0 0 0.14554552733898163 423.5884094238281 176.65577697753906 434.230712890625 202.55120849609375 0.61156565 1.7509998 0.69572425 -11.74138 1.4241061 48.943756 -0.08990050852298737 0.4516097605228424
Pedestrian 0.0 0 -0.03181666135787964 680.2568359375 146.00164794921875 715.8125 215.0780487060547 0.90166235 1.7747891 0.57692283 2.4859588 0.8639012 18.785587 0.09975218772888184 0.4415740668773651
Pedestrian 0.0 0 1.4016385078430176 591.6267700195312 155.04049682617188 630.28271484375 233.4717254638672 0.5639321 1.6400908 0.7401719 0.16021085 1.0880253 15.355544 1.4120715856552124 0.3590044379234314
Pedestrian 0.0 0 1.7614731788635254 56.24393081665039 153.0013885498047 90.15225982666016 217.92953491210938 0.7432782 1.936181 0.70655024 -16.126955 1.0874679 21.905739 1.1268641948699951 0.33751899003982544
Pedestrian 0.0 0 0.19149833917617798 0.0 182.78602600097656 19.833139419555664 223.1615753173828 0.6810099 1.8425751 0.70886064 -27.47407 1.9039316 33.28329 -0.49857616424560547 0.30811941623687744
Pedestrian 0.0 0 -1.7200573682785034 605.6770629882812 194.3288116455078 658.747802734375 287.15936279296875 0.7748661 1.5172178 0.7967977 0.47201595 1.7456086 12.285441 -1.6816555261611938 0.3029385507106781
Pedestrian 0.0 0 1.8192720413208008 467.8414611816406 167.77906799316406 480.63140869140625 198.43478393554688 0.86711675 1.8222206 0.56163204 -7.63435 1.0073925 43.149246 1.6441553831100464 0.30199912190437317
Pedestrian 0.0 0 -0.20354057848453522 506.3975830078125 167.8162384033203 537.6170654296875 215.53677368164062 1.0768561 1.7738187 0.58034986 -3.0239544 1.266216 27.141098 -0.31449902057647705 0.2913927435874939
Pedestrian 0.0 0 2.8357677459716797 663.105712890625 146.64608764648438 704.4653930664062 213.12705993652344 1.0013374 1.7679261 0.5220784 2.194306 0.8422224 19.452482 2.94809627532959 0.2876502573490143
Pedestrian 0.0 0 -1.6284008026123047 101.31066131591797 165.248046875 144.5267333984375 285.5334167480469 0.3684274 1.6521144 0.48723844 -6.813181 1.4302163 10.157638 -2.219221353530884 0.2691879868507385
Pedestrian 0.0 0 0.17892390489578247 164.9805450439453 162.50877380371094 215.6919403076172 286.88690185546875 0.5450663 1.7138809 0.520712 -5.8905644 1.4535108 10.232671 -0.3434080481529236 0.23152658343315125
Pedestrian 0.0 0 1.2346975803375244 723.0286254882812 172.3861083984375 778.16455078125 263.7174987792969 1.6320378 1.8741158 0.6632101 3.1716042 1.6883384 15.590903 1.4353857040405273 0.15771646797657013
Cyclist 0.0 0 1.5017809867858887 433.58966064453125 163.37088012695312 471.141357421875 258.7370300292969 1.6757336 1.7332356 0.5908151 -2.9517007 1.405015 13.93954 1.293113112449646 0.9008129239082336
Cyclist 0.0 0 1.2346975803375244 723.0286254882812 172.3861083984375 778.16455078125 263.7174987792969 1.6320378 1.8741158 0.6632101 3.1716042 1.6883384 15.590903 1.4353857040405273 0.33323240280151367
Cyclist 0.0 0 -0.35797232389450073 499.703125 168.33309936523438 538.2940063476562 216.00897216796875 1.3258781 1.7632034 0.58860564 -3.1326706 1.2772884 27.12764 -0.4729419946670532 0.26829394698143005
Cyclist 0.0 0 1.0772396326065063 183.71934509277344 159.08895874023438 306.6473388671875 372.3177490234375 0.9425436 1.8768759 0.6863899 -3.4581215 1.6809922 6.871756 0.6110057830810547 0.13702483475208282
Car 0.0 0 1.8531568050384521 208.33372497558594 183.1373748779297 402.00140380859375 299.7231750488281 4.325966 1.4829646 1.642963 -4.4557495 1.515347 11.424431 1.4812839031219482 0.9275380969047546
