Pedestrian 0.0 0 -1.8114078044891357 761.38623046875 171.76438903808594 779.2952880859375 211.66041564941406 0.79469824 1.7267253 0.5928401 6.984088 1.6799247 31.630009 -1.5940890312194824 0.5542702078819275
Pedestrian 0.0 0 1.546402096748352 930.8427734375 164.513916015625 955.7530517578125 231.07313537597656 0.69671726 1.6606083 0.55871904 8.458333 1.4528869 18.429493 1.9766790866851807 0.47905153036117554
Pedestrian 0.0 0 -2.630183458328247 896.154052734375 164.1051025390625 925.0206909179688 227.84048461914062 0.5021226 1.6075516 0.50606304 7.6795506 1.3872426 18.549864 -2.2376708984375 0.3788885772228241
Pedestrian 0.0 0 -0.05569644272327423 668.2461547851562 174.14773559570312 679.3226318359375 196.91468811035156 0.8373098 1.7828554 0.5853308 4.9975266 1.885683 56.840755 0.03199958801269531 0.2813309133052826
Pedestrian 0.0 0 -1.178850531578064 848.3102416992188 181.7599639892578 872.4839477539062 225.31674194335938 0.8687887 1.6529908 0.60501677 9.71912 2.006965 28.120558 -0.8460800647735596 0.24664628505706787
Pedestrian 0.0 0 -1.8576747179031372 1076.871826171875 159.17926025390625 1121.3472900390625 238.25027465820312 0.9539388 1.6290094 0.5349442 10.372537 1.3476423 15.397647 -1.2648570537567139 0.14627864956855774
Cyclist 0.0 0 -1.9096417427062988 862.194580078125 161.51318359375 913.6318359375 250.19615173339844 1.6737862 1.7680273 0.47628742 5.784512 1.542289 15.224609 -1.5465428829193115 0.8801711797714233
Cyclist 0.0 0 2.4639482498168945 1057.39453125 159.74244689941406 1147.16796875 240.1766357421875 1.5893064 1.6696074 0.5370766 10.382202 1.3978031 15.306983 3.0599381923675537 0.13262708485126495
Car 0.0 0 2.879782199859619 752.607666015625 181.5234832763672 819.761962890625 205.0411376953125 4.0905766 1.5258825 1.595394 11.724823 2.116551 48.28157 3.1180131435394287 0.589797854423523
Car 0.0 0 0.8686487674713135 1151.91259765625 187.1940155029297 1231.853515625 213.79042053222656 3.8723345 1.4876882 1.7360182 35.690304 2.4099262 44.425404 1.5454448461532593 0.25414973497390747
