Car 0.0 0 -1.8958736658096313 725.6180419921875 185.2532958984375 902.161865234375 299.0412902832031 3.4895887 1.4208455 1.5404365 2.9045281 1.6444519 11.193327 -1.6419857740402222 0.9600969552993774
Car 0.0 0 3.3762967586517334 194.3268585205078 172.4684600830078 405.9699401855469 250.41543579101562 3.9549365 1.5755919 1.6915947 -6.6409926 1.5681566 15.740444 2.9770493507385254 0.9569171071052551
Car 0.0 0 0.6374053955078125 0.0 179.2001953125 308.46124267578125 319.0314025878906 4.187399 1.477641 1.6374396 -6.0678167 1.5609177 8.562536 0.020899534225463867 0.9202820062637329
Car 0.0 0 -3.4493367671966553 778.48828125 184.31959533691406 965.7581176757812 243.22584533691406 4.24077 1.4137882 1.5324882 6.5561113 1.7210786 18.476448 -3.1083600521087646 0.8386311531066895
Car 0.0 0 3.134516716003418 451.5318298339844 167.80447387695312 532.5018310546875 200.1465301513672 4.3038416 1.7254049 1.7416414 -6.5164866 1.4563769 39.712097 2.9718730449676514 0.8280653953552246
Car 0.0 0 0.18340826034545898 417.0516357421875 171.73440551757812 511.9133605957031 207.05087280273438 4.215467 1.6511717 1.7588052 -6.965994 1.5991849 34.64271 -0.015026584267616272 0.8008463978767395
Car 0.0 0 2.8522210121154785 700.9384155273438 169.5261993408203 827.6083984375 215.3614959716797 4.6515307 1.7726165 1.8162899 6.0958176 1.6442765 28.997704 3.0594213008880615 0.7670877575874329
Car 0.0 0 -0.19343668222427368 761.2282104492188 175.65740966796875 903.0338745117188 227.85804748535156 3.7234507 1.446108 1.5023416 6.332792 1.5317591 21.017914 0.09921646118164062 0.7590749859809875
Car 0.0 0 -2.2939040660858154 0.0 168.93980407714844 146.94454956054688 375.0 3.7517679 1.5425786 1.6396515 -6.3885756 1.5144335 6.151958 -3.098168134689331 0.7213001251220703
Car 0.0 0 0.4507448077201843 48.280426025390625 169.9556121826172 364.2611999511719 288.8330383300781 3.8922126 1.6635132 1.6159102 -6.010304 1.6233122 10.997226 -0.049429699778556824 0.5545139908790588
