Pedestrian 0.0 0 1.9083507061004639 578.4210815429688 171.757568359375 604.0562744140625 221.1260223388672 1.0753355 1.8408859 0.6604266 -0.4015753 1.4786375 27.397827 1.893694519996643 0.7318588495254517
Pedestrian 0.0 0 2.067781686782837 502.9283447265625 182.16836547851562 560.231201171875 282.0965576171875 0.91908646 1.6751778 0.64164925 -1.2545079 1.6886747 12.594552 1.9685020446777344 0.7316704988479614
Pedestrian 0.0 0 1.605081558227539 596.1541748046875 171.9805908203125 618.0350952148438 231.84353637695312 0.8647523 1.798486 0.64368844 0.15222414 1.5136139 22.023876 1.6119931936264038 0.7059952616691589
Pedestrian 0.0 0 2.834611415863037 764.7485961914062 160.03541564941406 807.6822509765625 234.96266174316406 0.893701 1.819713 0.5782952 4.52673 1.2996091 17.757452 3.0842154026031494 0.5826447606086731
Pedestrian 0.0 0 0.9085928797721863 93.65664672851562 155.15054321289062 205.10182189941406 328.42218017578125 0.91058457 1.8712356 0.658017 -5.2090936 1.5880342 8.218168 0.34365415573120117 0.5382932424545288
Pedestrian 0.0 0 -2.743511915206909 609.5618896484375 171.30624389648438 632.052490234375 212.1454315185547 0.8594999 1.8481294 0.6187669 0.878917 1.3877605 32.96378 -2.716855049133301 0.5212026238441467
Pedestrian 0.0 0 0.057406917214393616 621.8402709960938 173.60667419433594 638.2770385742188 209.4696502685547 0.749567 1.6860793 0.5533989 1.3507419 1.3158946 34.081234 0.09701919555664062 0.4635942876338959
Pedestrian 0.0 0 -0.0814511850476265 574.3092041015625 168.00067138671875 595.9337158203125 209.91136169433594 0.875766 1.7719253 0.623883 -0.7168089 1.2021666 30.723629 -0.10477782040834427 0.45606738328933716
Pedestrian 0.0 0 0.5036036372184753 412.0794372558594 180.37503051757812 463.3033752441406 273.6983337402344 0.7165949 1.6729163 0.61336005 -3.058277 1.6540209 13.267267 0.27704811096191406 0.4193486273288727
Pedestrian 0.0 0 2.7154555320739746 564.559326171875 171.38662719726562 580.65869140625 199.95797729492188 0.90598184 1.8110337 0.49391577 -1.8372425 1.1706995 45.954243 2.675497055053711 0.39700689911842346
Pedestrian 0.0 0 0.19962847232818604 502.7413330078125 171.1629638671875 528.35693359375 217.2866973876953 0.8337393 1.676745 0.6070517 -3.1788394 1.302007 26.447033 0.08000588417053223 0.2963555157184601
Pedestrian 0.0 0 -1.6176960468292236 696.5408935546875 161.24806213378906 712.4083251953125 205.72689819335938 0.5414253 1.818451 0.6227903 4.2356386 0.9914715 29.664455 -1.4758696556091309 0.27428027987480164
Pedestrian 0.0 0 1.5186034440994263 507.0803527832031 171.8169403076172 548.4440307617188 262.4068908691406 1.2161406 2.024856 0.89084554 -1.766173 1.8096384 16.723898 1.4133857488632202 0.2569099962711334
Pedestrian 0.0 0 -1.709472417831421 671.3753662109375 170.6511688232422 684.95458984375 202.10433959960938 0.7890165 1.8013879 0.6772102 4.4348745 1.1808437 41.543194 -1.6031218767166138 0.22849497199058533
Pedestrian 0.0 0 2.5553131103515625 833.0307006835938 163.7414093017578 868.99560546875 242.098876953125 0.54911083 1.5884993 0.4412217 5.1159825 1.2297311 14.842407 2.88724684715271 0.22448579967021942
Pedestrian 0.0 0 -0.05934951454401016 623.6380615234375 168.03512573242188 636.2865600585938 200.3358612060547 0.67299044 1.8045479 0.66097367 1.6034279 1.0531124 40.465736 -0.019745901226997375 0.21661566197872162
Pedestrian 0.0 0 1.3017250299453735 637.8352661132812 171.3301239013672 654.4266967773438 210.6253662109375 0.76032037 1.7797031 0.5774106 2.0357718 1.3200407 32.96262 1.3634066581726074 0.20734938979148865
Pedestrian 0.0 0 -1.4691520929336548 572.94921875 168.973388671875 586.2345581054688 203.35853576660156 0.9914376 1.7668823 0.5957615 -1.138986 1.1240644 37.42471 -1.4995768070220947 0.2053830921649933
Cyclist 0.0 0 3.332637310028076 348.0133056640625 182.89276123046875 446.5526428222656 260.6866760253906 1.9554039 1.6393162 0.74264956 -4.441553 1.6716746 15.604827 3.0553431510925293 0.29705068469047546
Cyclist 0.0 0 1.2825883626937866 496.8507995605469 175.47872924804688 545.667236328125 262.2831115722656 1.8186663 1.9103982 0.6342929 -1.9313158 1.7791027 16.767437 1.167911171913147 0.24055293202400208
