Pedestrian 0.0 0 1.1972639560699463 1094.8577880859375 137.51791381835938 1123.806884765625 191.35784912109375 0.58984584 1.9278686 0.6965325 18.082365 0.6629331 26.200348 1.8013535737991333 0.3189222812652588
Pedestrian 0.0 0 -1.5448522567749023 876.6176147460938 183.62498474121094 893.3587036132812 226.96470642089844 0.76489586 1.6191022 0.5810347 10.497734 2.0391443 27.647425 -1.1819672584533691 0.30632928013801575
Pedestrian 0.0 0 -1.6743894815444946 844.5781860351562 147.1704559326172 861.340576171875 187.87322998046875 0.53844285 2.0014937 0.7361172 12.020714 0.7389049 35.82082 -1.3506191968917847 0.29556170105934143
Pedestrian 0.0 0 -1.780989408493042 823.4086303710938 143.6484832763672 846.9241333007812 195.55844116210938 0.57982105 1.928825 0.73835546 8.41854 0.8439899 27.129671 -1.4801032543182373 0.282077431678772
Pedestrian 0.0 0 -3.3718695640563965 1151.0794677734375 172.08506774902344 1191.6207275390625 219.2039794921875 1.107396 1.8134885 0.78040427 22.001406 1.7842525 28.352812 -2.7119433879852295 0.1382487565279007
Cyclist 0.0 0 -1.5952163934707642 53.368038177490234 167.66421508789062 69.83889770507812 212.8207550048828 1.68166 1.7555708 0.4812223 -21.98134 1.5541632 28.85545 -2.2462105751037598 0.21057742834091187
Cyclist 0.0 0 -3.3718695640563965 1151.0794677734375 172.08506774902344 1191.6207275390625 219.2039794921875 1.107396 1.8134885 0.78040427 22.001406 1.7842525 28.352812 -2.7119433879852295 0.1920921802520752
Car 0.0 0 1.9236226081848145 258.94775390625 184.59620666503906 365.16741943359375 250.7117919921875 3.7083533 1.6564014 1.6159414 -8.425954 2.0230465 20.623613 1.5357600450515747 0.9622665643692017
Car 0.0 0 -1.5712202787399292 573.4739990234375 186.23463439941406 610.322265625 222.59417724609375 4.3301744 1.534211 1.6376413 -0.9023966 2.2100983 34.238277 -1.597570538520813 0.8679304718971252
Car 0.0 0 2.3247900009155273 0.0 188.1528778076172 147.11587524414062 354.4615783691406 4.2149653 1.5871155 1.7028967 -8.336458 1.832161 9.406257 1.599614143371582 0.7845099568367004
Car 0.0 0 1.7933993339538574 395.1045837402344 187.1119384765625 451.2802429199219 223.28518676757812 3.9750519 1.5050881 1.696844 -8.665118 2.2095358 33.616604 1.5411276817321777 0.7027221322059631
Car 0.0 0 -0.9610739946365356 0.0 159.4516143798828 79.18972778320312 204.70556640625 3.6735911 2.0005946 1.7667599 -27.047388 1.4084578 33.785683 -1.6361548900604248 0.22390830516815186
