Car 0.0 0 3.7314260005950928 0.0 149.4127960205078 185.94654846191406 292.5103759765625 3.7731369 1.5614617 1.6631415 -7.6918483 1.3060323 8.924685 3.020085573196411 0.9278149604797363
Car 0.0 0 -1.8125741481781006 465.4315185546875 174.24789428710938 510.62237548828125 205.0326690673828 4.016097 1.6776286 1.6524156 -7.12888 1.7627153 41.685257 -1.981952428817749 0.8871498703956604
Car 0.0 0 3.3533389568328857 137.16864013671875 153.2003936767578 319.2516784667969 230.04116821289062 3.6826124 1.7508653 1.688145 -9.273975 1.3034036 17.742409 2.8716959953308105 0.8825460076332092
Car 0.0 0 -2.3677854537963867 1147.0863037109375 182.69805908203125 1242.0 214.21424865722656 3.983739 1.4473616 1.6195067 29.572906 1.9740071 36.500187 -1.6868484020233154 0.8620284795761108
Car 0.0 0 -0.9477493166923523 1006.794189453125 193.81639099121094 1242.0 375.0 3.922442 1.4516958 1.6230459 4.8438907 1.6183672 4.642537 -0.14112889766693115 0.7366266846656799
Car 0.0 0 0.5538344383239746 0.0 163.9061279296875 272.088134765625 275.542236328125 3.6549156 1.6474295 1.5848371 -7.6371255 1.5157422 11.496515 -0.03252731263637543 0.715721070766449
Car 0.0 0 3.502683162689209 181.39013671875 169.23211669921875 342.96197509765625 224.556396484375 3.827584 1.5040087 1.6203755 -9.862377 1.4059049 20.583574 3.055863857269287 0.4676710367202759
Car 0.0 0 3.1690735816955566 234.07217407226562 176.67430114746094 361.87811279296875 219.24371337890625 4.2232785 1.4691864 1.6359297 -11.503917 1.6191806 26.71752 2.7624895572662354 0.45584413409233093
Car 0.0 0 3.212179660797119 285.58087158203125 165.15061950683594 386.834716796875 199.16969299316406 4.2841883 1.511541 1.668305 -12.64157 1.1696215 33.469593 2.851041316986084 0.4399751126766205
Car 0.0 0 -2.663492202758789 224.5057830810547 174.2406005859375 352.7008056640625 222.71197509765625 3.5210106 1.5368925 1.6175362 -10.603057 1.5848224 23.839611 -3.0819852352142334 0.4375767111778259
Car 0.0 0 3.9258813858032227 0.0 170.18629455566406 51.53803634643555 365.932861328125 3.8032968 1.518142 1.5994309 -7.6899877 1.4978101 6.5449014 3.060213804244995 0.4033063054084778
