Pedestrian 0.0 0 -0.5238059163093567 1040.569091796875 143.0077667236328 1111.0936279296875 252.49954223632812 0.81010675 1.7454674 0.5315197 7.542856 1.2700303 11.783617 0.045588016510009766 0.2191774845123291
Pedestrian 0.0 0 1.334805965423584 679.554931640625 167.30401611328125 694.1453247070312 195.93112182617188 1.6484871 1.6955957 0.502603 4.601238 1.3672259 43.58423 1.4399875402450562 0.1502709686756134
Cyclist 0.0 0 1.3170812129974365 679.4122924804688 167.49278259277344 694.2509155273438 196.3347625732422 1.6543932 1.7104608 0.4906561 4.60621 1.392874 43.64212 1.4222369194030762 0.35714423656463623
Car 0.0 0 1.921669840812683 356.7440490722656 184.00384521484375 400.541015625 206.27120971679688 4.1739655 1.4654641 1.6566069 -16.552223 2.2979128 51.72492 1.6119625568389893 0.8022008538246155
Car 0.0 0 2.0855259895324707 165.35182189941406 182.0964813232422 242.4154815673828 219.22677612304688 3.8809083 1.6863837 1.6187696 -20.017813 2.1686914 35.678677 1.574232578277588 0.4355493485927582
Car 0.0 0 1.9741928577423096 291.5648498535156 182.3540802001953 338.3836364746094 207.3070831298828 4.0849023 1.682839 1.6711075 -21.339111 2.3986175 52.27854 1.5866538286209106 0.3086816966533661
Car 0.0 0 1.4075747728347778 665.647216796875 183.54539489746094 715.041015625 219.70626831054688 3.9589548 1.4327726 1.5261854 3.4345176 1.9342647 31.798794 1.5151654481887817 0.21954534947872162
Car 0.0 0 2.0297765731811523 273.6001281738281 190.47706604003906 331.61138916015625 221.0785369873047 4.0747137 1.675331 1.6143849 -18.68878 2.8006208 43.975037 1.627917766571045 0.2103009670972824
Car 0.0 0 1.4424469470977783 656.5034790039062 184.16831970214844 694.9344482421875 214.176513671875 3.5922713 1.4298834 1.536767 3.3392224 2.048191 37.57996 1.5310707092285156 0.1934550404548645
Car 0.0 0 -0.22667646408081055 793.4484252929688 171.54623413085938 934.2906494140625 218.2203826904297 4.2639074 1.5209473 1.592131 8.486687 1.4786898 24.527687 0.10643434524536133 0.19318069517612457
