Pedestrian 0.0 0 1.297873854637146 1197.18408203125 198.9054412841797 1242.0 301.8984069824219 0.8116148 1.6832151 0.61273825 10.6659 2.1542807 12.537476 2.002786636352539 0.4257733225822449
Pedestrian 0.0 0 -2.3789970874786377 719.835205078125 200.9097442626953 745.1190185546875 241.23927307128906 0.8423645 1.7772393 0.7764063 5.587136 3.089085 33.15636 -2.2120566368103027 0.2167815864086151
Pedestrian 0.0 0 1.8870162963867188 970.7882690429688 174.52342224121094 1003.4718017578125 234.7394561767578 0.6817174 1.8338833 0.72801447 11.713952 1.8874546 22.497934 2.367061138153076 0.21372073888778687
Pedestrian 0.0 0 -0.25951671600341797 899.7225952148438 198.88023376464844 1003.2455444335938 362.91754150390625 0.9257585 1.7415956 0.6317512 3.7866297 2.0509894 8.173433 0.1743299961090088 0.18519766628742218
Pedestrian 0.0 0 -0.11512285470962524 493.4532470703125 206.78956604003906 518.4105834960938 251.06179809570312 0.96474695 1.7972888 0.73993343 -4.4459367 3.2553098 30.508608 -0.2598315179347992 0.1799844652414322
Pedestrian 0.0 0 -3.4208576679229736 909.5918579101562 167.23492431640625 1029.437255859375 356.3999328613281 0.9300756 1.7817343 0.6156454 3.489984 1.7291665 7.1767974 -2.96824049949646 0.17559659481048584
Pedestrian 0.0 0 -0.20362821221351624 365.2056579589844 178.0142822265625 412.4154357910156 294.2347106933594 0.5630042 1.7478762 0.77359694 -3.544516 1.8329337 11.365615 -0.5059327483177185 0.16586840152740479
Pedestrian 0.0 0 -1.6499136686325073 892.974609375 150.232666015625 927.393310546875 230.8612518310547 1.8509425 1.8375107 0.6154341 7.1744013 1.3223327 17.41621 -1.2591583728790283 0.16057205200195312
Cyclist 0.0 0 -1.1761080026626587 474.7569274902344 207.28341674804688 506.31341552734375 267.68115234375 1.5857162 1.6470331 0.34330672 -3.5759284 2.7078083 21.409307 -1.3416070938110352 0.47396188974380493
Cyclist 0.0 0 -1.5103036165237427 892.9302368164062 151.0844268798828 924.0388793945312 231.6350555419922 1.8043722 1.8360327 0.58833903 7.157957 1.3401856 17.383825 -1.1197009086608887 0.4250146746635437
Cyclist 0.0 0 -1.2619917392730713 491.7962951660156 205.19113159179688 517.6142578125 250.0557861328125 1.72474 1.7663548 0.5894611 -4.492549 3.1784747 30.599106 -1.407769799232483 0.26128798723220825
Cyclist 0.0 0 -2.8787498474121094 994.2451782226562 182.1487274169922 1076.3985595703125 247.78379821777344 1.8837557 1.7299643 0.6053397 11.804883 2.0012877 20.148594 -2.348769187927246 0.227921724319458
Car 0.0 0 1.6540669202804565 570.8919677734375 203.65122985839844 609.0996704101562 237.1783447265625 3.4548979 1.5779812 1.7842495 -1.0727744 3.3184617 38.99152 1.6265608072280884 0.7699325084686279
Car 0.0 0 -1.2283085584640503 397.5123291015625 159.11737060546875 477.67669677734375 214.4556884765625 3.4706302 1.7121633 1.528047 -5.7202864 1.287511 24.130112 -1.4610718488693237 0.4384760856628418
Car 0.0 0 1.744978904724121 517.8218383789062 206.7073211669922 567.4889526367188 243.7294921875 3.7305236 1.504402 1.7640723 -3.223514 3.2272944 34.779686 1.6525591611862183 0.3308166563510895
Car 0.0 0 -3.0426721572875977 772.3649291992188 163.72360229492188 826.08251953125 182.26470947265625 4.4584394 1.602126 1.6834296 16.740652 0.81353086 63.909172 -2.7864835262298584 0.22907039523124695
Car 0.0 0 -2.8360848426818848 1001.6215209960938 185.1312713623047 1165.8719482421875 248.30992126464844 3.4912546 1.5204532 1.5311598 12.92771 1.8908148 19.908466 -2.2601616382598877 0.21822449564933777
