Pedestrian 0.0 0 -2.1060638427734375 828.1022338867188 133.28623962402344 854.0186767578125 186.7803192138672 0.577448 1.924793 0.703871 8.381929 0.5014466 26.319723 -1.7977532148361206 0.29806533455848694
Pedestrian 0.0 0 0.9511215686798096 659.9274291992188 169.95851135253906 674.9088745117188 200.203857421875 0.994382 1.898047 0.45469213 3.6114402 1.7166984 45.820656 1.029775857925415 0.23340527713298798
Pedestrian 0.0 0 1.2989870309829712 710.0623168945312 168.9958038330078 736.371337890625 222.78646850585938 0.9332692 1.856061 0.6877439 3.9336026 1.7232909 25.398024 1.4526444673538208 0.19282108545303345
Pedestrian 0.0 0 -2.0093746185302734 319.9563293457031 155.0372314453125 340.9609069824219 197.74789428710938 0.5711225 1.9489989 0.7330241 -12.973777 1.1363314 33.385212 -2.3800222873687744 0.15804336965084076
Cyclist 0.0 0 -2.314344882965088 114.11771392822266 143.4134979248047 214.57496643066406 237.15110778808594 1.8467596 1.7547208 0.5545941 -8.710165 1.2039671 14.018676 -2.87029767036438 0.16247563064098358
Car 0.0 0 1.7890527248382568 420.9568786621094 185.04844665527344 511.5364990234375 250.38677978515625 3.5753973 1.4369158 1.5125436 -3.5931604 1.7778888 18.345293 1.595638394355774 0.9676255583763123
Car 0.0 0 3.274852752685547 0.0 185.9720001220703 183.34959411621094 297.61346435546875 4.106991 1.448478 1.6580461 -9.276528 1.6910187 11.546636 2.5980441570281982 0.9309454560279846
Car 0.0 0 2.8883514404296875 428.870361328125 179.41246032714844 506.2703552246094 206.36480712890625 4.0748706 1.449441 1.5381 -8.146778 1.838139 41.144207 2.6928744316101074 0.8285958766937256
Car 0.0 0 1.7212742567062378 527.711669921875 178.3337860107422 561.186279296875 202.98936462402344 4.088973 1.5692148 1.6683903 -4.43021 1.9571548 48.940277 1.6309975385665894 0.6308466792106628
Car 0.0 0 -0.0914834588766098 670.2973022460938 179.94195556640625 734.8324584960938 205.66793823242188 3.7683764 1.5207448 1.6394471 5.57524 1.9622526 44.02109 0.03449511528015137 0.1875697672367096
Car 0.0 0 0.8946914672851562 0.0 197.4074249267578 51.89238739013672 375.0 4.070419 1.5246834 1.6579726 -8.052707 1.7907741 6.9103217 0.033093929290771484 0.17073190212249756
