Pedestrian 0.0 0 -3.432931423187256 940.5784301757812 141.10873413085938 992.5930786132812 223.4803466796875 0.87245435 1.7381815 0.5933112 7.64104 1.06866 15.586999 -2.977139472961426 0.4513607323169708
Car 0.0 0 2.0646820068359375 49.61198043823242 184.25991821289062 314.80023193359375 311.9573059082031 4.064684 1.5399767 1.7384688 -6.267382 1.7484511 11.113707 1.551204800605774 0.9304037690162659
Car 0.0 0 1.7207915782928467 502.3272705078125 179.8579559326172 552.495849609375 214.46914672851562 4.638735 1.5171039 1.7369298 -3.9569964 1.8793207 34.925404 1.6079741716384888 0.9079594016075134
Car 0.0 0 1.9119834899902344 273.3501281738281 183.06430053710938 405.8019714355469 257.69561767578125 4.3069534 1.5569439 1.6942116 -6.5240335 1.839863 17.80327 1.5607284307479858 0.9001891613006592
Car 0.0 0 1.7551100254058838 408.730224609375 187.30575561523438 467.5978698730469 227.98338317871094 3.9968827 1.4159253 1.5609661 -6.769239 2.029736 28.59161 1.522634506225586 0.8226115107536316
Car 0.0 0 -1.6264102458953857 629.149169921875 175.5869140625 654.90087890625 197.7505340576172 3.6120098 1.4684598 1.5803993 2.1609752 1.6653374 50.06651 -1.5832749605178833 0.8000950217247009
Car 0.0 0 -2.1073291301727295 1049.0321044921875 158.5983123779297 1172.6839599609375 203.06460571289062 4.398407 1.4924258 1.6962775 18.135172 1.0143188 26.463406 -1.5065423250198364 0.7706578373908997
Car 0.0 0 1.5847645998001099 480.250732421875 181.19593811035156 510.2766418457031 209.80484008789062 4.314205 1.5830429 1.7002388 -6.918569 2.1123874 43.495438 1.427021861076355 0.5810896754264832
Car 0.0 0 2.9475274085998535 700.0181274414062 169.236083984375 778.9141845703125 196.0220489501953 4.3949404 1.5685089 1.7029465 7.663275 1.3570118 43.1399 3.123331308364868 0.5770076513290405
Car 0.0 0 1.5686639547348022 537.0004272460938 176.7396697998047 562.5431518554688 200.650146484375 4.05231 1.4804137 1.6024513 -3.9967124 1.7474893 47.437263 1.484609842300415 0.5688093304634094
