Pedestrian 0.0 0 2.0584566593170166 708.68359375 126.37771606445312 744.6994018554688 199.50819396972656 0.71339124 1.8164506 0.64906085 2.9297237 0.662408 18.399324 2.2163610458374023 0.6102959513664246
Pedestrian 0.0 0 -1.2321243286132812 302.3699645996094 185.01333618164062 345.4782409667969 266.58831787109375 0.6830545 1.802161 0.72657824 -6.5424824 2.084935 16.399782 -1.6117141246795654 0.40944263339042664
Pedestrian 0.0 0 0.3085336685180664 339.5981750488281 180.77951049804688 381.3746337890625 259.510009765625 0.7300228 1.7526528 0.6845315 -5.7402925 1.9379518 16.482403 -0.0265972800552845 0.2762879431247711
Pedestrian 0.0 0 -1.8952769041061401 699.562255859375 159.5499725341797 719.014892578125 190.1761016845703 1.2041212 1.6339757 0.6965259 5.3446198 0.9245329 39.149708 -1.7595981359481812 0.27179864048957825
Cyclist 0.0 0 -1.8952769041061401 699.562255859375 159.5499725341797 719.014892578125 190.1761016845703 1.2041212 1.6339757 0.6965259 5.3446198 0.9245329 39.149708 -1.7595981359481812 0.11446763575077057
Car 0.0 0 -1.2692316770553589 237.90420532226562 202.03277587890625 418.3681335449219 321.6307373046875 3.7009003 1.4255949 1.5920299 -4.2761226 1.9641902 11.4141655 -1.6276805400848389 0.9795973896980286
Car 0.0 0 -1.718653678894043 694.2540893554688 179.11854553222656 793.32666015625 261.86688232421875 3.2290664 1.5400066 1.5761452 2.6760993 1.6874717 15.306882 -1.545573115348816 0.9732657670974731
Car 0.0 0 -2.1136488914489746 828.871826171875 173.42457580566406 1242.0 375.0 3.5502498 1.4887657 1.5801961 2.8327627 1.4945017 5.001921 -1.598351001739502 0.9723492860794067
Car 0.0 0 -1.3240551948547363 401.3861389160156 182.45921325683594 494.4066467285156 249.05946350097656 3.8406515 1.6517177 1.6691641 -4.508167 1.9495084 20.396317 -1.5415862798690796 0.9457276463508606
Car 0.0 0 -1.6953458786010742 650.97314453125 176.55247497558594 697.6292114257812 215.03221130371094 3.4695642 1.537044 1.5607386 2.659821 1.704953 30.921265 -1.609537959098816 0.8974047303199768
Car 0.0 0 1.7292366027832031 482.83770751953125 183.29769897460938 530.8629150390625 218.28274536132812 3.878069 1.5152034 1.6734543 -4.8881435 2.041296 34.366257 1.5879476070404053 0.8572555184364319
