Pedestrian 0.0 0 -0.25481119751930237 262.9150695800781 170.8909454345703 305.564697265625 233.95877075195312 1.0056182 1.7626632 0.5619818 -9.390333 1.7081565 20.698101 -0.6807219386100769 0.41723498702049255
Pedestrian 0.0 0 -3.510664463043213 945.451171875 163.78073120117188 1042.7559814453125 323.2912292480469 0.8501498 1.8081255 0.61082304 4.462731 1.7056335 8.5276375 -3.028531074523926 0.39329707622528076
Pedestrian 0.0 0 2.138871669769287 0.0 134.60081481933594 52.95450210571289 256.1112060546875 0.7213526 1.8372892 0.6308234 -9.356699 1.2592425 11.303957 1.4474453926086426 0.3286623954772949
Pedestrian 0.0 0 1.556929349899292 441.4960632324219 172.4445343017578 463.1993408203125 229.22494506835938 0.912765 1.854134 0.692905 -5.3130794 1.8411213 24.082264 1.3397858142852783 0.24013645946979523
Cyclist 0.0 0 -2.3437743186950684 693.1085815429688 157.49386596679688 721.5531005859375 191.0618438720703 1.6558155 1.7182808 0.44162092 5.0422473 0.9323826 37.72729 -2.210911750793457 0.2721150517463684
Car 0.0 0 -1.412419319152832 444.6820068359375 183.4373016357422 533.911376953125 252.53335571289062 3.7509012 1.4530895 1.5676669 -2.8818061 1.7395556 17.624924 -1.5744925737380981 0.9444093108177185
Car 0.0 0 1.8557395935058594 247.33355712890625 169.53982543945312 476.45001220703125 323.8295593261719 4.316593 1.6361848 1.7121483 -3.0874484 1.6013972 9.823529 1.5512237548828125 0.9126384854316711
Car 0.0 0 1.4776753187179565 638.3151245117188 176.66175842285156 679.3570556640625 209.72824096679688 3.813461 1.4653094 1.5894625 2.2322617 1.6571014 34.344 1.5425812005996704 0.8750483989715576
Car 0.0 0 -2.144885540008545 910.6170043945312 224.79237365722656 1242.0 375.0 3.5810344 1.458957 1.5312587 2.0639012 1.7528218 2.173741 -1.3854016065597534 0.5643154382705688
Car 0.0 0 0.31021493673324585 294.7217102050781 167.574951171875 452.87298583984375 227.6342010498047 3.9456582 1.6316199 1.6309607 -6.643679 1.488563 20.423088 -0.004290442913770676 0.3513854444026947
Car 0.0 0 1.5794222354888916 575.1332397460938 170.2554168701172 596.0076904296875 192.51419067382812 4.289966 1.8432468 1.7283401 -2.1010227 1.6284149 61.913853 1.545500636100769 0.2941387891769409
