Pedestrian 0.0 0 -1.820970892906189 779.9627075195312 161.42584228515625 796.303466796875 195.11875915527344 0.53586286 1.7013739 0.69537085 9.021594 1.1246498 36.703465 -1.5799521207809448 0.15308058261871338
Pedestrian 0.0 0 -1.249822974205017 503.6449279785156 162.1915283203125 521.487060546875 193.2208709716797 0.9430361 1.7231402 0.7359672 -5.512692 1.1313834 40.597557 -1.3847862482070923 0.13791178166866302
Pedestrian 0.0 0 0.40854698419570923 1120.375732421875 176.69570922851562 1161.463134765625 240.21832275390625 0.74087656 1.6753916 0.54528475 14.327051 1.7822391 19.540367 1.0412108898162842 0.11108580231666565
Pedestrian 0.0 0 1.9637525081634521 945.3538208007812 178.33926391601562 976.4328002929688 232.16957092285156 0.90151703 1.5720454 0.53632087 10.495578 1.7409692 21.67064 2.4147796630859375 0.10228478163480759
Pedestrian 0.0 0 -1.8189377784729004 108.13671112060547 177.8179931640625 147.19338989257812 247.5360870361328 0.5340197 1.761239 0.73431855 -12.575582 1.8936546 18.740835 -2.409952163696289 0.1014397069811821
Cyclist 0.0 0 -2.009110927581787 686.2368774414062 174.02003479003906 703.2797241210938 204.3167266845703 1.5170083 1.6291453 0.3132406 4.6114454 1.6947858 39.624767 -1.8932541608810425 0.19911089539527893
Cyclist 0.0 0 1.4042901992797852 715.2169189453125 155.95159912109375 733.561767578125 198.81541442871094 1.5474232 1.7196416 0.49339572 4.6607413 1.041897 29.720798 1.5598407983779907 0.17799720168113708
Cyclist 0.0 0 -1.6706459522247314 951.8482055664062 154.4871063232422 974.012939453125 211.21505737304688 1.7093061 1.6687831 0.43720984 10.751673 1.1288368 22.100483 -1.2178642749786377 0.17747104167938232
Cyclist 0.0 0 -2.185269355773926 283.81829833984375 167.41493225097656 331.23614501953125 225.29534912109375 1.4932594 1.6407603 0.506035 -8.88276 1.4869349 21.060556 -2.5844030380249023 0.11576681584119797
Cyclist 0.0 0 -1.6765599250793457 1145.146728515625 72.76197814941406 1242.0 276.9268493652344 1.6952175 1.7448733 0.56731856 5.5903535 0.88980544 7.03135 -1.0048377513885498 0.10851035267114639
Car 0.0 0 -0.39635786414146423 805.4764404296875 173.3331298828125 951.8851318359375 229.59303283691406 3.5629666 1.5346125 1.6234353 7.544926 1.5492336 20.585062 -0.045038558542728424 0.9099557399749756
Car 0.0 0 -1.6423622369766235 629.6035766601562 169.5181121826172 661.2250366210938 196.64649963378906 3.70386 1.5425097 1.6086203 2.0316796 1.3531904 42.894505 -1.595033049583435 0.8516374230384827
Car 0.0 0 0.42588886618614197 338.4108581542969 170.06028747558594 468.32427978515625 220.4022216796875 3.6406143 1.5245892 1.5683631 -6.5562983 1.4403405 22.89104 0.1469430923461914 0.2311895191669464
Car 0.0 0 -0.5042537450790405 686.5372314453125 173.2241668701172 765.2857055664062 200.6072235107422 4.0115194 1.4596506 1.6422348 6.3778205 1.4812505 39.9506 -0.34594693779945374 0.14916719496250153
Car 0.0 0 0.02200205624103546 653.7299194335938 166.00721740722656 701.34619140625 183.07920837402344 4.214204 1.5115492 1.5919431 6.06526 0.90569437 64.91482 0.11516571044921875 0.14549264311790466
