Pedestrian 0.0 0 1.7200158834457397 360.6267395019531 177.46533203125 383.7168884277344 237.90097045898438 0.4301231 1.6477689 0.550131 -6.626174 1.7774143 19.968138 1.399612307548523 0.5164012908935547
Car 0.0 0 -1.4654110670089722 427.8297119140625 181.05740356445312 525.3651733398438 262.71588134765625 4.086102 1.5050137 1.6627854 -2.8328226 1.7090508 15.814522 -1.6426591873168945 0.9592351317405701
Car 0.0 0 -1.7453521490097046 671.12890625 166.11477661132812 776.0340576171875 254.04620361328125 3.7804675 1.7095196 1.6163048 2.3236914 1.5788568 15.938499 -1.6005810499191284 0.9582666754722595
Car 0.0 0 1.6648396253585815 506.16119384765625 181.7184600830078 553.6314086914062 220.2544403076172 3.705892 1.4231408 1.5794204 -3.2411427 1.8072388 29.36716 1.5549182891845703 0.8954799175262451
Car 0.0 0 -1.7377821207046509 644.1038208007812 182.6321563720703 706.04052734375 224.97640991210938 4.040531 1.3525943 1.5597684 2.2248528 1.7345974 26.081856 -1.6526854038238525 0.7630775570869446
Car 0.0 0 -1.7075204849243164 667.9939575195312 180.5162353515625 735.4066772460938 236.4952850341797 3.6105084 1.4676099 1.4668049 2.5676162 1.7127223 21.228317 -1.5871527194976807 0.5207114815711975
Car 0.0 0 -1.7151975631713867 623.28466796875 175.1978759765625 651.28662109375 195.08343505859375 4.0335307 1.4808666 1.6139042 2.0670252 1.6709625 56.314667 -1.6785091161727905 0.47393789887428284
Car 0.0 0 -1.7308495044708252 690.144287109375 146.31146240234375 733.3587036132812 182.101318359375 3.4548783 1.722739 1.623833 5.055146 0.4454762 36.473495 -1.59312903881073 0.37016382813453674
Car 0.0 0 1.6498419046401978 544.8134155273438 177.8741455078125 571.9308471679688 200.74075317382812 3.98325 1.5266179 1.605842 -3.6438558 1.8960321 51.0435 1.5785754919052124 0.31183719635009766
Car 0.0 0 1.4974613189697266 481.05181884765625 185.92051696777344 533.8819580078125 232.0037841796875 3.5990572 1.4231389 1.5587558 -3.6977699 1.9165373 25.297411 1.3523173332214355 0.26160892844200134
