Pedestrian 0.0 0 0.23934155702590942 752.1946411132812 172.07159423828125 766.725341796875 199.7142791748047 0.8260452 1.7580917 0.46522945 9.554709 1.708688 46.27471 0.44295811653137207 0.24705737829208374
Car 0.0 0 2.1156704425811768 129.545654296875 183.86306762695312 240.3418731689453 228.342041015625 4.236383 1.495295 1.6704171 -16.047857 1.9468808 27.439854 1.5864744186401367 0.9501538276672363
Car 0.0 0 1.9445703029632568 226.6889190673828 172.73777770996094 282.42022705078125 205.1436309814453 3.95591 1.7975359 1.5784973 -20.675196 1.7914468 42.057262 1.4876682758331299 0.9058767557144165
Car 0.0 0 1.8820990324020386 394.5413818359375 181.08126831054688 436.3097839355469 203.41099548339844 4.1943016 1.4348179 1.5906358 -13.471492 2.030399 50.06556 1.6192476749420166 0.7493153810501099
Car 0.0 0 1.9207143783569336 354.39324951171875 179.925537109375 397.912353515625 202.69207763671875 4.0939946 1.5025158 1.6204932 -16.49166 2.0228932 50.981384 1.6078542470932007 0.6709901690483093
Car 0.0 0 1.6833205223083496 447.42724609375 180.1763916015625 472.5574645996094 198.1168975830078 4.294693 1.5318714 1.7688427 -13.627852 2.2208996 65.63819 1.4786081314086914 0.4157685935497284
Car 0.0 0 1.9765409231185913 280.91156005859375 174.05361938476562 325.9010009765625 199.3841552734375 3.4430907 1.6406627 1.5587673 -20.637081 1.7247275 48.619663 1.5751280784606934 0.366196870803833
Car 0.0 0 0.8687711358070374 1117.6737060546875 192.64877319335938 1224.741455078125 231.48252868652344 3.0783842 1.3834047 1.8214697 22.317572 2.2196393 28.887777 1.5265556573867798 0.2650470733642578
Car 0.0 0 2.4140803813934326 45.8717041015625 186.41310119628906 154.69598388671875 224.2938690185547 3.837074 1.4911342 1.6027946 -22.46346 2.1298933 31.918583 1.8008261919021606 0.2503305971622467
Car 0.0 0 -3.365791082382202 748.3182373046875 184.7538299560547 819.8119506835938 212.59539794921875 3.6009843 1.4915924 1.6066191 9.61745 2.1682067 40.178963 -3.1308462619781494 0.24681778252124786
