Pedestrian 0.0 0 -1.602184772491455 481.65484619140625 149.3023223876953 522.2852172851562 249.824462890625 0.8439898 1.7454041 0.6939491 -2.0092037 1.3368251 13.00412 -1.755477786064148 0.381498783826828
Pedestrian 0.0 0 -2.917483329772949 575.1708984375 163.84796142578125 593.01123046875 193.7340087890625 0.9753966 1.7737218 0.5225678 -1.5815976 1.2395755 43.16779 -2.9541053771972656 0.38149651885032654
Pedestrian 0.0 0 1.834187626838684 603.8637084960938 163.5170440673828 627.7136840820312 214.89688110351562 0.93229306 1.9020512 0.68299824 0.18134294 1.5567609 27.248518 1.8408427238464355 0.27150318026542664
Cyclist 0.0 0 -1.4201452732086182 303.69354248046875 180.28099060058594 321.57086181640625 224.56076049804688 1.5218514 1.5725919 0.38955662 -11.027103 1.8556001 26.671505 -1.8121850490570068 0.26524192094802856
Car 0.0 0 2.9278757572174072 671.9135131835938 170.224365234375 739.11083984375 195.9734344482422 3.5726907 1.4425967 1.5216324 5.4082313 1.2956288 41.32888 3.057994842529297 0.8311463594436646
Car 0.0 0 1.178359031677246 776.0565795898438 163.61830139160156 818.9180908203125 187.68206787109375 4.1669536 1.7489828 1.6665564 14.1087265 1.0780784 54.61865 1.4311466217041016 0.6490936279296875
Car 0.0 0 2.9123783111572266 152.68572998046875 175.97705078125 259.45220947265625 211.41937255859375 4.1211686 1.5515728 1.61845 -18.971596 1.7073586 33.920536 2.4024267196655273 0.5279077887535095
Car 0.0 0 1.253296971321106 810.6482543945312 163.49966430664062 849.8621215820312 185.83302307128906 4.1077394 1.6585573 1.6881478 16.908436 0.9642271 55.653683 1.5482503175735474 0.4794103801250458
Car 0.0 0 -2.025744676589966 849.5528564453125 163.20689392089844 898.485595703125 186.1700897216797 4.388496 1.6783168 1.7452681 20.031439 0.97359395 55.00655 -1.6765071153640747 0.45871853828430176
Car 0.0 0 1.1500656604766846 989.408203125 164.3834686279297 1040.4132080078125 185.73825073242188 4.488796 1.5362687 1.644705 30.316631 0.92725384 54.213554 1.6599504947662354 0.27587181329727173
Car 0.0 0 0.9192623496055603 1054.1322021484375 157.34226989746094 1113.294189453125 178.7404327392578 4.084658 1.5940206 1.6927788 36.559025 0.4388576 55.84485 1.4989019632339478 0.25543463230133057
