Pedestrian 0.0 0 -1.5948381423950195 782.5419921875 159.9526824951172 834.3797607421875 305.1817626953125 0.90449566 1.6514114 0.5732094 2.3240607 1.5050672 8.708769 -1.3340511322021484 0.8167245984077454
Pedestrian 0.0 0 -0.5136091113090515 822.8034057617188 123.71857452392578 940.3661499023438 323.4351501464844 0.806962 1.7800983 0.6863794 2.4949324 1.3425062 6.8326983 -0.163505420088768 0.6347320079803467
Pedestrian 0.0 0 -2.50643253326416 934.97900390625 164.71670532226562 949.2608642578125 191.55567932128906 0.64575624 1.765712 0.57502013 22.01194 1.2307247 47.88823 -2.075580596923828 0.3678593337535858
Pedestrian 0.0 0 3.4507365226745605 0.0 162.27964782714844 97.19261169433594 363.3177490234375 0.9085639 1.7491734 0.55378085 -5.4412565 1.6575271 6.6985545 2.768538475036621 0.3243427872657776
Pedestrian 0.0 0 -3.089905023574829 703.1941528320312 170.34881591796875 716.1935424804688 203.0435333251953 0.68435377 1.7948173 0.5903662 5.4883227 1.65765 39.96095 -2.9534168243408203 0.3099347949028015
Pedestrian 0.0 0 3.1304378509521484 68.1112289428711 186.4918975830078 99.78398895263672 247.32176208496094 0.7274068 1.6913105 0.68284804 -15.193051 2.0935917 20.77044 2.49889874458313 0.22876685857772827
Cyclist 0.0 0 -2.812755584716797 881.5571899414062 138.90013122558594 1170.2613525390625 375.0 1.7009804 1.6190476 0.6039467 2.8588545 1.4135952 5.202686 -2.3102993965148926 0.5622236132621765
Cyclist 0.0 0 -1.0758286714553833 31.482778549194336 203.3573455810547 108.71598052978516 313.75958251953125 1.5428121 1.6595088 0.3444753 -9.041678 2.203452 12.067053 -1.7188729047775269 0.4174526631832123
Cyclist 0.0 0 -0.3652069866657257 825.5242919921875 145.8657684326172 945.42431640625 341.1398010253906 0.8985222 1.7726457 0.62716377 2.540933 1.5280117 6.8655705 -0.01074099913239479 0.2160700112581253
Cyclist 0.0 0 -1.7695963382720947 779.0382080078125 162.7783660888672 844.9266357421875 307.2341613769531 0.91523516 1.6451036 0.588435 2.3572178 1.5307171 8.690373 -1.5047247409820557 0.19951967895030975
Car 0.0 0 1.8762773275375366 370.9042053222656 185.83950805664062 432.29217529296875 220.17381286621094 3.8472717 1.4170327 1.6301886 -9.545802 2.049747 33.190292 1.5962275266647339 0.8718329071998596
Car 0.0 0 -1.6123945713043213 600.5556640625 176.6176300048828 628.8548583984375 203.1903076171875 4.0937767 1.6153499 1.6473217 0.23244683 1.8692191 46.52309 -1.607398271560669 0.7282804250717163
Car 0.0 0 2.226015567779541 0.0 178.8769989013672 94.52019500732422 314.72552490234375 4.3595967 1.5010556 1.726169 -9.757625 1.6072506 10.422957 1.4735745191574097 0.32402554154396057
Car 0.0 0 -1.8303353786468506 713.8426513671875 171.56735229492188 744.735595703125 190.58969116210938 3.7026565 1.4807317 1.5498074 9.540465 1.3809339 58.0805 -1.6675264835357666 0.30050718784332275
Car 0.0 0 -0.9486966729164124 0.0 150.15737915039062 25.618236541748047 202.7269744873047 4.493553 2.2924254 1.7928644 -29.95104 1.3030423 33.788807 -1.6739575862884521 0.30029135942459106
