Pedestrian 0.0 0 3.4889585971832275 179.24195861816406 167.44830322265625 232.25746154785156 275.3338928222656 0.59991264 1.7475625 0.61406374 -6.785128 1.6603572 12.037291 2.9756765365600586 0.29673340916633606
Car 0.0 0 -2.756549119949341 305.5953369140625 177.19024658203125 441.1199035644531 231.40061950683594 3.4376864 1.5089808 1.5557476 -6.9123855 1.641647 21.118826 -3.0728681087493896 0.9435189366340637
Car 0.0 0 1.2574970722198486 724.8590087890625 191.82247924804688 904.0654296875 301.9956970214844 3.7507725 1.356857 1.590375 2.9699178 1.7091273 11.464018 1.510988473892212 0.9304511547088623
Car 0.0 0 0.42077013850212097 338.08843994140625 178.97349548339844 482.830078125 225.3548126220703 4.3037915 1.4349986 1.6250765 -6.564812 1.6463287 23.745502 0.15104198455810547 0.8270707130432129
Car 0.0 0 -1.190370798110962 0.0 165.15415954589844 251.55584716796875 375.0 4.160788 1.4681756 1.6172751 -4.962465 1.4168692 7.049507 -1.8037394285202026 0.6642184853553772
Car 0.0 0 1.544465184211731 642.2058715820312 176.5705108642578 673.4462280273438 204.88949584960938 4.2281127 1.4488542 1.589691 2.5441327 1.6643249 39.61749 1.608594536781311 0.6505139470100403
Car 0.0 0 -2.8270797729492188 381.8953552246094 179.72396850585938 500.69512939453125 221.36297607421875 3.9182913 1.4393779 1.5205435 -6.1142554 1.6977112 26.168034 -3.0566153526306152 0.5086184740066528
Car 0.0 0 3.200856924057007 470.1918029785156 180.0120849609375 543.5493774414062 206.73727416992188 4.035432 1.4623348 1.5968456 -5.8400273 1.8785585 40.954926 3.0592153072357178 0.41030630469322205
Car 0.0 0 -3.2498061656951904 766.4533081054688 165.14747619628906 849.8483276367188 201.47213745117188 3.4252095 1.5654491 1.6141194 8.730177 1.2336866 32.1574 -2.984712839126587 0.40216928720474243
Car 0.0 0 0.21801473200321198 412.6051940917969 181.2305450439453 518.6449584960938 216.28558349609375 4.310047 1.4754335 1.6261024 -6.3144817 1.8530369 31.634289 0.020995378494262695 0.3240954577922821
