Pedestrian 0.0 0 -1.4804582595825195 969.0730590820312 169.8618621826172 994.544921875 229.26522827148438 0.7921928 1.7179697 0.6027179 10.964651 1.6317941 21.360294 -1.0062119960784912 0.3401046693325043
Cyclist 0.0 0 -1.6609748601913452 788.8196411132812 160.078369140625 844.2257080078125 307.26031494140625 1.825789 1.8709306 0.5695336 2.8068185 1.7088885 10.11839 -1.390380859375 0.9405251741409302
Cyclist 0.0 0 -1.6966878175735474 760.1273803710938 173.8743438720703 802.5700073242188 272.8568115234375 1.7155002 1.7207845 0.5484102 3.1148713 1.7413987 13.440351 -1.468953013420105 0.9037961363792419
Car 0.0 0 1.9583479166030884 261.6346130371094 195.3456573486328 475.1673889160156 323.48809814453125 3.580757 1.3673853 1.5799185 -3.2137825 1.7432672 10.194976 1.6529760360717773 0.9807584881782532
Car 0.0 0 -2.807537078857422 389.74267578125 179.23077392578125 494.3735656738281 217.80894470214844 3.8408346 1.502949 1.6222426 -6.853189 1.7725128 29.449453 -3.03617787361145 0.917871356010437
Car 0.0 0 1.7911841869354248 589.7836303710938 179.93785095214844 642.1353149414062 215.34962463378906 3.879422 1.5196877 1.6491117 0.3023256 1.8729734 33.86895 1.8001103401184082 0.8971962332725525
Car 0.0 0 -1.6130963563919067 761.6397094726562 176.8018341064453 791.3645629882812 202.50318908691406 3.9972944 1.5116594 1.6381992 10.355031 1.7709031 45.199257 -1.3878854513168335 0.746235728263855
Car 0.0 0 1.688447117805481 616.8743286132812 179.1395263671875 657.1792602539062 210.7135009765625 4.2899184 1.5327672 1.6387061 1.4487485 1.885179 38.16476 1.7263892889022827 0.7011188864707947
Car 0.0 0 1.6940302848815918 650.046630859375 179.32870483398438 681.6578369140625 204.38308715820312 3.9666398 1.5234348 1.5815316 3.6508236 1.964941 47.05757 1.7714571952819824 0.48420363664627075
Car 0.0 0 -2.322213888168335 345.2364807128906 182.73289489746094 471.80499267578125 235.24978637695312 3.5862036 1.3910141 1.5706592 -6.0207543 1.7050897 21.310617 -2.5975613594055176 0.3181339204311371
