Pedestrian 0.0 0 -1.5766167640686035 270.1917419433594 164.49766540527344 298.7162780761719 234.14996337890625 0.53424954 1.9192306 0.7225095 -9.128931 1.3494879 20.19737 -2.0011210441589355 0.19283677637577057
Pedestrian 0.0 0 1.6056320667266846 320.4964599609375 169.38636779785156 338.9006042480469 218.38099670410156 0.8086203 1.7485657 0.59787405 -10.142623 1.1847656 26.131598 1.2353945970535278 0.17001132667064667
Pedestrian 0.0 0 -1.701826810836792 162.49806213378906 162.11953735351562 183.17013549804688 202.1253204345703 0.7828304 1.8576475 0.73788095 -20.554203 0.7863208 33.912094 -2.2467212677001953 0.16956007480621338
Pedestrian 0.0 0 -2.3969388008117676 531.2212524414062 168.51162719726562 546.5902709960938 197.81033325195312 0.5570399 1.6595592 0.6885477 -3.968817 0.71452636 41.15683 -2.4930732250213623 0.1474674642086029
Pedestrian 0.0 0 -1.8506017923355103 693.0133666992188 162.2700653076172 713.961181640625 207.90365600585938 0.79791474 1.7712524 0.6210768 3.7316427 0.88175654 28.33898 -1.7196762561798096 0.10716784745454788
Pedestrian 0.0 0 1.3651769161224365 701.0013427734375 167.19122314453125 719.8474731445312 211.7943115234375 0.62106764 1.8236514 0.65737796 4.204598 1.0878302 29.718771 1.5057235956192017 0.10250715911388397
Cyclist 0.0 0 3.2954492568969727 207.1444854736328 151.6094207763672 283.7254638671875 223.22914123535156 1.661017 1.7555699 0.55811584 -9.162299 0.9329314 18.138933 2.8277158737182617 0.14543575048446655
Car 0.0 0 -1.8118243217468262 476.33538818359375 164.2218017578125 527.9498291015625 196.1677703857422 4.002342 1.5141151 1.6560923 -5.4105835 0.52021736 36.23291 -1.9600569009780884 0.8237201571464539
Car 0.0 0 -1.8313348293304443 391.46844482421875 162.89613342285156 436.3426208496094 192.84320068359375 3.614715 1.665857 1.6476058 -11.379308 0.42542404 41.96061 -2.0961556434631348 0.6319467425346375
Car 0.0 0 1.402243733406067 178.8590087890625 173.99606323242188 225.17771911621094 203.34129333496094 4.1455555 1.6270496 1.6789223 -23.764212 1.0061071 41.990524 0.8872432708740234 0.16182449460029602
