Pedestrian 0.0 0 0.28169864416122437 502.19415283203125 169.27432250976562 524.731201171875 220.50331115722656 0.6223262 1.784158 0.69556415 -3.4538538 1.6598464 25.515987 0.1471560001373291 0.37395480275154114
Pedestrian 0.0 0 -1.8720415830612183 730.423583984375 166.32386779785156 745.4995727539062 199.08998107910156 0.9279642 1.8120321 0.580788 7.1250644 1.4512604 40.39669 -1.6974596977233887 0.26038211584091187
Pedestrian 0.0 0 0.41663658618927 473.8562927246094 166.960205078125 497.443115234375 220.91110229492188 0.5141543 1.7096901 0.69270355 -4.0504246 1.5232753 23.260834 0.24423456192016602 0.23920413851737976
Pedestrian 0.0 0 1.9317121505737305 815.1354370117188 151.1883544921875 847.5540161132812 217.2991485595703 0.69518775 1.827746 0.6765596 6.2214336 1.2291203 20.42721 2.2273526191711426 0.2163972407579422
Pedestrian 0.0 0 2.2866063117980957 61.98739242553711 178.0179901123047 172.9795379638672 370.154541015625 0.6632519 1.7203577 0.5761917 -4.703195 1.7722753 6.8393407 1.6842050552368164 0.19218401610851288
Car 0.0 0 -1.96148681640625 775.5797119140625 161.49658203125 1226.32666015625 375.0 4.256749 1.5515243 1.6614428 2.682351 1.4865897 6.284086 -1.5580517053604126 0.9638590812683105
Car 0.0 0 -1.7220512628555298 662.943359375 176.03656005859375 730.6566772460938 220.7532958984375 3.418244 1.3161893 1.6490916 2.6693618 1.4266485 23.22068 -1.6075974702835083 0.9082967042922974
Car 0.0 0 -0.4415280818939209 0.0 221.98410034179688 200.4614715576172 375.0 3.7259226 1.4746195 1.5867345 -3.2732215 1.7513834 2.1063836 -1.4405180215835571 0.49724483489990234
Car 0.0 0 -1.493509292602539 667.0664672851562 173.24606323242188 714.6788330078125 213.87400817871094 3.5885458 1.4949647 1.5972304 3.2050664 1.5118483 28.496702 -1.381508469581604 0.3561181426048279
Car 0.0 0 -1.1687554121017456 716.6292114257812 158.9603729248047 755.3815307617188 181.66954040527344 3.7083058 1.7097611 1.6630534 9.841779 0.66407526 56.32965 -0.995783805847168 0.20973287522792816
