Pedestrian 0.0 0 0.4153754711151123 989.3170166015625 163.39686584472656 1059.1365966796875 292.1611022949219 0.6615505 1.7189959 0.59821737 5.7268076 1.5931014 10.07362 0.9323077201843262 0.7818546295166016
Pedestrian 0.0 0 2.539499282836914 738.6634521484375 169.370361328125 760.80908203125 211.68907165527344 0.5873759 1.7600845 0.76556945 5.857692 1.6155537 30.47523 2.7293949127197266 0.566449761390686
Pedestrian 0.0 0 0.21833869814872742 674.8934326171875 175.7636260986328 686.1697998046875 198.743408203125 0.7767249 1.7853758 0.561138 5.503104 2.015311 56.5412 0.31536221504211426 0.40460601449012756
Pedestrian 0.0 0 0.7562708854675293 856.7445068359375 169.19049072265625 897.5158081054688 225.86119079589844 1.051373 1.751853 0.6542726 8.430934 1.6389614 22.918438 1.1087732315063477 0.35095301270484924
Pedestrian 0.0 0 -0.7115546464920044 1111.5389404296875 149.20069885253906 1181.3438720703125 256.608154296875 0.62231106 1.6807573 0.66172266 8.589721 1.3109782 11.641679 -0.07588009536266327 0.24125438928604126
Pedestrian 0.0 0 -3.051074743270874 729.5029296875 174.8590545654297 739.5746459960938 196.4765167236328 0.75894034 1.7380575 0.53450936 10.062833 1.9017854 58.431545 -2.8805317878723145 0.1618388295173645
Pedestrian 0.0 0 -1.837883710861206 681.7197265625 173.9724578857422 699.2737426757812 205.67941284179688 1.7022518 1.7869879 0.57475954 4.5984135 1.8532236 41.610847 -1.7278202772140503 0.10869233310222626
Cyclist 0.0 0 -1.8396714925765991 681.2791748046875 173.76075744628906 699.1878662109375 206.0203857421875 1.7775425 1.8171791 0.57236767 4.5831757 1.8709991 41.616123 -1.7299836874008179 0.2780955731868744
Cyclist 0.0 0 0.30686256289482117 855.9092407226562 168.39776611328125 896.7272338867188 220.1294403076172 1.0784391 1.604343 0.63123745 8.425103 1.466501 22.953764 0.6586422920227051 0.13274171948432922
Cyclist 0.0 0 -2.2475085258483887 1090.3623046875 173.2052764892578 1135.469482421875 217.4527587890625 1.5570571 1.7734418 0.7028423 20.658882 1.7886647 29.730272 -1.6402292251586914 0.12122296541929245
Car 0.0 0 1.0273609161376953 1174.1832275390625 177.65692138671875 1242.0 203.62330627441406 3.9774044 1.5063413 1.6580985 37.094765 1.8182888 44.717392 1.7198549509048462 0.24030345678329468
Car 0.0 0 0.5527520179748535 767.3353271484375 165.39657592773438 885.6677856445312 214.09083557128906 3.4445639 1.465377 1.4328476 6.9321065 1.2413157 23.471428 0.8399302959442139 0.14145846664905548
