Pedestrian 0.0 0 1.3847657442092896 1066.091552734375 162.1100311279297 1125.3875732421875 278.6582336425781 0.6804704 1.7609676 0.65601623 7.5653605 1.598991 11.340714 1.9730664491653442 0.19167523086071014
Pedestrian 0.0 0 2.2677090167999268 1099.814697265625 138.43289184570312 1191.63818359375 278.8154296875 0.89321655 1.818427 0.54894936 7.151911 1.3729155 9.716125 2.9022459983825684 0.1328025907278061
Pedestrian 0.0 0 2.763460636138916 863.7305908203125 149.16317749023438 901.3464965820312 208.46275329589844 0.91787714 1.7805794 0.5894662 8.244203 1.0695767 21.966194 3.1225059032440186 0.1288529932498932
Pedestrian 0.0 0 2.611579179763794 951.5286254882812 138.40484619140625 1028.141845703125 256.0172424316406 0.85550183 1.7115961 0.54518896 5.61573 1.2106204 10.791395 3.091405153274536 0.10941182076931
Cyclist 0.0 0 -1.2999348640441895 271.0109558105469 153.81362915039062 330.39410400390625 284.3642883300781 1.7099046 1.8071046 0.3811225 -4.6728106 1.5439022 10.857763 -1.7063416242599487 0.10037676244974136
Car 0.0 0 2.7936794757843018 795.3182983398438 163.68408203125 920.68115234375 210.32530212402344 3.7490914 1.5493665 1.6167005 8.417959 1.2451104 24.813133 3.1207492351531982 0.905137300491333
Car 0.0 0 -1.6569117307662964 653.3577880859375 161.21580505371094 683.2413940429688 187.5308837890625 3.6173546 1.6521854 1.6327938 3.7385104 0.92184186 47.113132 -1.577725887298584 0.6618977189064026
Car 0.0 0 0.49427372217178345 229.5961151123047 168.740234375 347.35302734375 217.03646850585938 3.2525053 1.5596426 1.5729808 -10.778178 1.4271536 24.204718 0.07534146308898926 0.19146044552326202
Car 0.0 0 0.8041601777076721 0.0 193.56056213378906 83.4815673828125 239.8505401611328 4.517177 1.4483927 1.6035658 -20.685299 2.182287 24.527039 0.10352945327758789 0.15176352858543396
Car 0.0 0 -2.7296345233917236 520.817626953125 173.34461975097656 574.0291748046875 189.75514221191406 4.34912 1.3892195 1.5308622 -5.448373 1.4330984 62.583294 -2.8164734840393066 0.1158842146396637
