Pedestrian 0.0 0 2.2587811946868896 701.3681030273438 158.29293823242188 727.9597778320312 207.9324188232422 0.85765713 1.8736731 0.6056964 3.9833028 1.3244151 27.744967 2.4013752937316895 0.4218771159648895
Pedestrian 0.0 0 1.831018090248108 441.31805419921875 177.69253540039062 466.5734558105469 226.84420776367188 1.0154355 1.8238746 0.70131564 -5.9607 2.011486 27.39774 1.6167947053909302 0.3738301694393158
Pedestrian 0.0 0 -1.7823150157928467 691.4409790039062 163.73809814453125 709.3941040039062 196.41741943359375 0.87257427 1.6502473 0.74320716 4.5821652 1.1902684 36.900864 -1.658772349357605 0.2056499719619751
Pedestrian 0.0 0 2.1719284057617188 202.84698486328125 176.0850067138672 253.12753295898438 261.12945556640625 0.73025763 1.6979543 0.60797375 -7.892471 1.76651 14.830099 1.6828595399856567 0.181809201836586
Pedestrian 0.0 0 -1.5675456523895264 506.9673156738281 178.14939880371094 518.7451782226562 209.20216369628906 0.7502529 1.6514121 0.62374353 -5.2757897 1.9404757 38.922783 -1.7022695541381836 0.17873114347457886
Cyclist 0.0 0 -1.707206130027771 1147.779296875 118.02165222167969 1242.0 375.0 1.7540225 1.663337 0.47860458 3.3199275 1.4253657 4.0046945 -1.0150253772735596 0.2983451783657074
Cyclist 0.0 0 1.1080989837646484 1037.6788330078125 156.93138122558594 1138.6834716796875 278.7853698730469 1.6164522 1.6264871 0.5475696 6.8237677 1.4143124 10.462565 1.686024785041809 0.20639334619045258
Car 0.0 0 1.7369384765625 517.2019653320312 179.7255096435547 569.95703125 217.07774353027344 4.1445026 1.4797002 1.6285366 -2.866472 1.8002522 31.49132 1.6461644172668457 0.8850518465042114
Car 0.0 0 -1.5864335298538208 631.1617431640625 174.9674835205078 671.2651977539062 212.8212127685547 3.4542398 1.51735 1.6177791 1.6895089 1.613296 30.873371 -1.531764268875122 0.8304641246795654
Car 0.0 0 -1.8399052619934082 548.273681640625 176.59396362304688 586.0658569335938 199.13746643066406 4.000182 1.4798234 1.6140689 -3.0536401 1.7517127 50.22937 -1.900624394416809 0.3978269398212433
Car 0.0 0 1.566281795501709 544.9304809570312 175.9774169921875 576.9188232421875 207.24903869628906 4.0328455 1.5593907 1.612471 -2.6640403 1.735215 38.461315 1.497126817703247 0.3258225619792938
Car 0.0 0 -3.3050239086151123 689.0143432617188 162.5470428466797 774.9081420898438 193.01272583007812 4.169561 1.5419295 1.6328329 6.225475 1.0206319 37.335888 -3.139801502227783 0.20058199763298035
