Pedestrian 0.0 0 1.190858244895935 529.5630493164062 160.6148681640625 557.9263305664062 216.11122131347656 0.88208264 1.8697022 0.6941038 -2.3320227 1.4577174 24.857025 1.0973145961761475 0.24216602742671967
Car 0.0 0 2.945286989212036 698.9046630859375 168.5630340576172 767.6091918945312 194.09658813476562 3.7300475 1.4666141 1.5821761 7.1548142 1.2205044 42.285686 3.112901210784912 0.8899582624435425
Car 0.0 0 0.8508473038673401 1063.9083251953125 160.55007934570312 1119.9432373046875 181.00177001953125 3.6218832 1.5315316 1.6235443 37.26837 0.6105062 55.931934 1.4386074542999268 0.6679092049598694
Car 0.0 0 1.1536133289337158 996.5248413085938 161.70069885253906 1046.9346923828125 183.0630645751953 4.3300924 1.5483814 1.69298 31.015612 0.74032795 54.534256 1.6707274913787842 0.5808671712875366
Car 0.0 0 1.2332608699798584 787.0609741210938 164.54949951171875 826.34765625 186.24644470214844 4.153666 1.6015728 1.6186373 15.01977 0.9889283 55.388184 1.49806547164917 0.5779238939285278
Car 0.0 0 2.908205509185791 201.4588623046875 170.75717163085938 309.9617919921875 206.5111083984375 4.5856905 1.6804342 1.7534329 -17.678932 1.5822413 36.044415 2.4522058963775635 0.5713868737220764
Car 0.0 0 -2.4274160861968994 696.84326171875 158.40737915039062 746.8277587890625 182.10763549804688 3.6315792 1.7703745 1.6405452 8.59547 0.69159013 55.810238 -2.274604320526123 0.35286852717399597
Car 0.0 0 1.0949804782867432 1021.1328125 166.87229919433594 1066.5714111328125 186.71795654296875 3.5571907 1.4832565 1.5467672 33.439854 1.0365435 55.749397 1.6352708339691162 0.32764723896980286
Car 0.0 0 -0.49507737159729004 745.42578125 185.1392822265625 845.44873046875 222.96165466308594 3.7147079 1.4624153 1.5703067 7.621163 1.9925108 29.89675 -0.24547716975212097 0.28780773282051086
Car 0.0 0 1.178577184677124 816.6796264648438 163.9816131591797 859.0234985351562 185.5933837890625 4.1386013 1.629207 1.7044165 17.767519 0.96071804 56.526463 1.4831212759017944 0.24299775063991547
