Pedestrian 0.0 0 0.2612999379634857 622.556640625 166.67031860351562 637.9574584960938 193.59475708007812 0.97676885 1.8338673 0.4357119 1.3606334 1.4130445 49.490334 0.2887859344482422 0.3071320056915283
Car 0.0 0 -3.464482069015503 818.547607421875 173.92259216308594 887.9839477539062 196.5027618408203 3.9938838 1.4484844 1.6164153 15.834119 1.5199035 47.16967 -3.1406171321868896 0.9242299795150757
Car 0.0 0 2.5143165588378906 128.03897094726562 179.71063232421875 245.52603149414062 219.42630004882812 4.095831 1.4929043 1.5425342 -17.54707 1.7996995 30.059214 1.985931158065796 0.8867369890213013
Car 0.0 0 2.641965389251709 75.47415924072266 184.95907592773438 185.05484008789062 218.88140869140625 4.098781 1.4563752 1.665058 -23.034662 2.0766413 34.746628 2.0565526485443115 0.47989583015441895
Car 0.0 0 1.8477401733398438 349.3283386230469 175.12013244628906 377.60430908203125 194.09693908691406 3.5148242 1.6720732 1.5392066 -22.466753 1.8847247 65.79679 1.5186965465545654 0.46386873722076416
Car 0.0 0 1.8247137069702148 270.7850646972656 174.68394470214844 303.15185546875 196.6353759765625 3.9272711 1.8224381 1.6180807 -27.875463 1.986098 62.316208 1.4040883779525757 0.364425390958786
Car 0.0 0 1.1612281799316406 878.9942016601562 167.7091522216797 920.103271484375 186.81671142578125 4.0916247 1.52637 1.6591157 23.879412 1.1157415 59.705006 1.5416971445083618 0.35525092482566833
Car 0.0 0 3.078495979309082 361.9322509765625 179.2113037109375 438.2174072265625 205.80455017089844 4.36954 1.538532 1.7098312 -12.846506 1.9404638 44.027863 2.7945961952209473 0.2711457908153534
Car 0.0 0 2.2895684242248535 43.685340881347656 185.24630737304688 132.94204711914062 213.11709594726562 4.4942403 1.4683257 1.7127775 -30.55076 2.2365644 42.389137 1.6650704145431519 0.25824806094169617
Car 0.0 0 -1.3775337934494019 385.5561218261719 177.77053833007812 435.830322265625 210.625244140625 4.0869536 1.4869446 1.6207024 -9.738595 1.7426968 35.379528 -1.6461423635482788 0.23002475500106812
Car 0.0 0 -2.2855780124664307 684.6103515625 172.76487731933594 740.648681640625 198.2240447998047 4.0423827 1.723699 1.678686 7.177823 1.7180221 51.00122 -2.1457581520080566 0.2203829437494278
