Pedestrian 0.0 0 -3.237208604812622 675.3115234375 140.1494903564453 705.3600463867188 198.8356475830078 0.88487196 1.8205724 0.59302527 2.4735558 0.8063655 22.68316 -3.128589630126953 0.28295525908470154
Cyclist 0.0 0 1.69807767868042 536.7798461914062 174.234375 552.0521240234375 207.77516174316406 1.8841298 1.7535682 0.58481824 -3.5488203 1.8298862 38.750763 1.606751799583435 0.5518136024475098
Cyclist 0.0 0 -1.8179289102554321 735.824951171875 145.78025817871094 760.7388305664062 196.4241485595703 1.7623404 1.774144 0.46606442 4.956693 0.8260616 26.16753 -1.630725383758545 0.32308292388916016
Car 0.0 0 -1.7408020496368408 674.3783569335938 173.72100830078125 763.29248046875 246.00498962402344 3.4722536 1.6003025 1.5722337 2.526533 1.624131 17.771658 -1.5995819568634033 0.957412600517273
Car 0.0 0 1.78995943069458 389.0042724609375 183.45068359375 474.0434875488281 241.92286682128906 3.8712354 1.5038482 1.6164178 -5.1798406 1.8444563 21.213535 1.5504693984985352 0.9518092274665833
Car 0.0 0 -1.0155620574951172 0.0 176.278564453125 324.5033264160156 375.0 4.1427402 1.694098 1.6535532 -4.6062264 1.7392424 7.358874 -1.5748382806777954 0.9459158778190613
Car 0.0 0 1.7206740379333496 482.1820068359375 181.51309204101562 526.2020874023438 213.64617919921875 4.0747976 1.5108906 1.6476063 -5.410952 1.9805987 37.06546 1.575714349746704 0.8156057596206665
Car 0.0 0 -1.439617395401001 629.9422607421875 175.22195434570312 656.3111572265625 195.50331115722656 3.86277 1.5656288 1.6359653 2.6808836 1.7637744 58.219646 -1.3936021327972412 0.6202006340026855
Car 0.0 0 -2.5879383087158203 0.0 0.0 1242.0 375.0 3.6024473 1.4685714 1.5629009 2.5858598 1.5394086 1.7350473 -1.608121395111084 0.5257393717765808
Car 0.0 0 1.5045703649520874 669.5913696289062 174.75975036621094 692.6863403320312 194.86122131347656 3.8966777 1.5467231 1.5827969 5.649056 1.7051237 57.862396 1.601891040802002 0.35270363092422485
Car 0.0 0 -2.8904619216918945 525.27490234375 175.79891967773438 576.810302734375 197.1691131591797 3.5774992 1.5680935 1.628574 -4.450014 1.7947974 54.35057 -2.972155809402466 0.28500887751579285
