Pedestrian 0.0 0 -2.576371669769287 530.9749755859375 173.80833435058594 555.39990234375 215.89715576171875 0.81527627 1.7062593 0.58505476 -2.79212 1.7465118 29.71402 -2.670063018798828 0.1764094978570938
Pedestrian 0.0 0 -0.4913683533668518 144.52499389648438 171.36737060546875 227.66928100585938 326.4740905761719 0.54861194 1.6861141 0.71101516 -4.9059124 1.6703113 8.259469 -1.0273454189300537 0.1514367014169693
Pedestrian 0.0 0 -0.6606831550598145 1216.3551025390625 165.64439392089844 1242.0 207.5352783203125 0.7370261 1.7767578 0.68594635 26.63474 1.4713279 30.961395 0.049735307693481445 0.14368583261966705
Pedestrian 0.0 0 -1.8485138416290283 658.0914916992188 173.9599151611328 673.39990234375 206.1566162109375 0.6746805 1.7854872 0.69643503 3.0865417 1.8484433 40.4383 -1.772334337234497 0.12141864001750946
Cyclist 0.0 0 -1.9971446990966797 834.5590209960938 156.68341064453125 897.261962890625 244.1494140625 1.7656758 1.8242295 0.62518054 5.572141 1.4873264 15.953396 -1.6611148118972778 0.9471322298049927
Cyclist 0.0 0 -1.886397361755371 865.3370361328125 160.780517578125 895.8515625 212.5478057861328 1.6981344 1.6506484 0.4350034 8.886243 1.266032 23.86141 -1.529898762702942 0.2439548820257187
Car 0.0 0 -1.6501609086990356 574.6640625 178.43113708496094 676.1522827148438 267.0476379394531 4.1444254 1.554642 1.7408453 0.12979238 1.687819 15.05202 -1.641538143157959 0.8750423192977905
Car 0.0 0 -1.8370001316070557 582.9494018554688 180.2685546875 632.763916015625 212.2045440673828 3.621654 1.5081717 1.6471323 -0.19963868 1.9084522 36.949745 -1.8424030542373657 0.36354345083236694
Car 0.0 0 -1.593090534210205 466.2583923339844 182.20262145996094 500.9627990722656 214.06784057617188 4.110466 1.467123 1.635105 -6.5059795 1.9708302 36.670498 -1.7686806917190552 0.28649234771728516
Car 0.0 0 1.5463051795959473 398.1884765625 181.1713409423828 430.7667236328125 212.4292755126953 3.660721 1.4643136 1.5068744 -10.049278 1.9117963 36.816227 1.2798385620117188 0.1268625557422638
Car 0.0 0 -1.5833054780960083 595.3123779296875 167.71029663085938 615.5863647460938 187.17486572265625 3.6362746 1.5307294 1.5949541 -0.41866606 1.1265768 58.573826 -1.590453028678894 0.12525010108947754
Car 0.0 0 1.4554921388626099 506.7352294921875 180.9840850830078 528.8973388671875 198.12632751464844 4.0286174 1.5220917 1.622255 -8.765664 2.3157744 68.25392 1.3277640342712402 0.1182354986667633
