Pedestrian 0.0 0 -1.4101862907409668 462.5973815917969 163.43161010742188 486.0559997558594 216.58592224121094 0.72316337 1.8052722 0.6894319 -4.716183 1.4856191 24.873413 -1.5975693464279175 0.35745149850845337
Pedestrian 0.0 0 2.799853563308716 507.036865234375 176.81202697753906 529.058349609375 220.50010681152344 0.72697586 1.7781086 0.6558614 -3.8547938 1.9450264 29.903688 2.6716535091400146 0.3269977867603302
Pedestrian 0.0 0 1.7068127393722534 332.61285400390625 159.85498046875 360.21600341796875 218.9201202392578 1.215074 1.7677561 0.6432452 -8.164356 1.3790674 22.254375 1.3551928997039795 0.2715955376625061
Pedestrian 0.0 0 2.093658447265625 484.8861999511719 171.6549072265625 511.5938415527344 226.58670043945312 0.6570913 1.7646368 0.6183052 -3.6967063 1.726475 23.59371 1.9382401704788208 0.25021815299987793
Pedestrian 0.0 0 -1.2852593660354614 478.6270751953125 161.2394561767578 499.887451171875 207.2750244140625 0.67342395 1.8390217 0.68764174 -4.9238524 1.375404 29.196123 -1.4523346424102783 0.22421199083328247
Pedestrian 0.0 0 1.57211434841156 634.1728515625 156.8049774169922 650.8428344726562 198.2176971435547 0.80268425 1.856835 0.7470481 1.4361504 1.1375982 32.766853 1.6159156560897827 0.21110355854034424
Cyclist 0.0 0 -3.436203956604004 905.993408203125 171.84222412109375 1013.6868896484375 250.69349670410156 1.9723928 1.6664693 0.80006784 7.566996 1.6454439 15.791443 -2.9893479347229004 0.40683436393737793
Cyclist 0.0 0 1.7068127393722534 332.61285400390625 159.85498046875 360.21600341796875 218.9201202392578 1.215074 1.7677561 0.6432452 -8.164356 1.3790674 22.254375 1.3551928997039795 0.11189854890108109
Car 0.0 0 -0.7116618752479553 1079.17822265625 178.98277282714844 1242.0 266.2545166015625 3.8606517 1.4570893 1.529889 10.7925 1.5742762 12.953794 -0.017029717564582825 0.8606223464012146
Car 0.0 0 1.412126064300537 157.76014709472656 184.79898071289062 241.0668487548828 234.20767211914062 3.8729825 1.3520913 1.6800947 -13.0556345 1.7629673 22.760351 0.8913347721099854 0.548629105091095
Car 0.0 0 1.4415168762207031 47.5858039855957 182.99118041992188 128.87847900390625 236.64801025390625 3.670366 1.4405248 1.531525 -15.952064 1.775142 21.929876 0.812629222869873 0.41241899132728577
Car 0.0 0 2.4067840576171875 0.0 173.2011260986328 104.649658203125 300.38641357421875 4.2766604 1.7412134 1.7121754 -11.018928 1.7484572 12.098803 1.6680638790130615 0.2969242036342621
