Pedestrian 0.0 0 1.703728199005127 368.7705383300781 177.70864868164062 419.72021484375 274.79730224609375 0.8164717 1.7151763 0.798213 -4.000307 1.8078905 13.257318 1.4106727838516235 0.6021898984909058
Car 0.0 0 -1.7912472486495972 689.033935546875 175.65989685058594 814.01708984375 268.472900390625 3.998845 1.6719365 1.6905078 2.751525 1.7391236 15.150165 -1.611588716506958 0.9705787301063538
Car 0.0 0 -1.833490252494812 609.2203979492188 179.00497436523438 641.3760375976562 200.44573974609375 3.3581398 1.4795312 1.5206283 1.0562001 1.9441099 52.63992 -1.813428282737732 0.6890394687652588
Car 0.0 0 -1.2612812519073486 204.57286071777344 174.50582885742188 399.2098388671875 302.98553466796875 3.0466683 1.4430212 1.5251559 -3.9932318 1.4692568 9.721385 -1.6510356664657593 0.6791549921035767
Car 0.0 0 0.249476820230484 391.42242431640625 179.16749572753906 480.6883239746094 214.27511596679688 3.5026808 1.4748063 1.5487078 -7.5625896 1.7568426 31.391626 0.01307058334350586 0.6647577285766602
Car 0.0 0 0.5320611596107483 338.38067626953125 184.3416290283203 488.8701171875 238.13150024414062 4.217434 1.5130924 1.6508522 -6.069088 1.8887492 22.22007 0.2654292583465576 0.613085925579071
Car 0.0 0 3.4899282455444336 205.38845825195312 181.97787475585938 393.64306640625 249.86203002929688 3.7057478 1.4697752 1.5414457 -7.133979 1.6926684 16.724741 3.0867433547973633 0.6007099151611328
Car 0.0 0 -2.294106960296631 681.2459716796875 178.65553283691406 752.35693359375 206.9597625732422 4.055424 1.454703 1.6269234 5.8391304 1.7947465 40.10158 -2.149514675140381 0.5492111444473267
Car 0.0 0 3.460670232772827 277.617919921875 179.84429931640625 435.50811767578125 243.72811889648438 3.6221106 1.6030353 1.6313998 -6.677209 1.7969825 19.133686 3.1249074935913086 0.5109004974365234
Car 0.0 0 1.9168057441711426 345.8096008300781 166.48069763183594 391.85687255859375 193.95364379882812 3.9424818 1.8725194 1.8716288 -17.070236 1.4384819 51.169483 1.5948134660720825 0.34831538796424866
