Pedestrian 0.0 0 -2.8867409229278564 1064.0821533203125 102.40748596191406 1186.0577392578125 325.3835754394531 0.6785577 1.7196975 0.68223184 4.332896 1.1110939 6.01641 -2.262599468231201 0.788962721824646
Pedestrian 0.0 0 -1.394542932510376 677.3695068359375 160.48358154296875 705.0719604492188 223.3409423828125 0.8529855 1.650994 0.6026333 2.394903 1.1001519 19.361353 -1.2714730501174927 0.7467532753944397
Pedestrian 0.0 0 1.4332627058029175 590.623291015625 159.1529083251953 621.425048828125 234.85235595703125 0.86715907 1.7590994 0.6198437 0.06654783 1.2410051 17.161024 1.4371405839920044 0.7321577072143555
Pedestrian 0.0 0 0.780703067779541 431.5411376953125 159.3202362060547 470.8515930175781 228.978271484375 0.74470645 1.6936315 0.6125215 -3.7810154 1.1555567 17.921818 0.5727794170379639 0.7082855105400085
Pedestrian 0.0 0 -1.2712533473968506 1048.5654296875 111.00599670410156 1213.7366943359375 374.0 0.6324751 1.6150066 0.6025783 2.963021 1.2564692 4.0963125 -0.6450350880622864 0.6741510033607483
Pedestrian 0.0 0 2.0064537525177 648.8268432617188 157.93646240234375 680.1795654296875 227.89027404785156 0.62398237 1.6115973 0.5236021 1.456139 1.0699487 16.947336 2.0921647548675537 0.5893896818161011
Pedestrian 0.0 0 1.2232059240341187 664.1890869140625 160.57167053222656 685.921630859375 212.09213256835938 0.820058 1.8318516 0.5336329 2.6381204 1.0887837 26.001104 1.3243217468261719 0.5556368231773376
Pedestrian 0.0 0 -1.5153754949569702 611.151611328125 158.4213409423828 633.9321899414062 207.3995819091797 1.0108501 1.6885263 0.7491054 0.72794026 0.89395785 25.297136 -1.4866077899932861 0.5536755919456482
Pedestrian 0.0 0 2.2053253650665283 636.986083984375 163.5568389892578 670.395263671875 231.3005828857422 0.64693725 1.6762756 0.57309043 1.2926118 1.2334714 18.204178 2.276212692260742 0.5367628335952759
Pedestrian 0.0 0 -1.6996150016784668 768.5906982421875 156.80889892578125 849.51806640625 356.9250183105469 0.76809883 1.7243334 0.6140261 1.8374436 1.5129628 6.61074 -1.4285099506378174 0.5031353235244751
Pedestrian 0.0 0 2.8730051517486572 540.1377563476562 166.03639221191406 557.0386962890625 200.83853149414062 0.7965542 1.9745034 0.7500895 -3.0363927 1.0979713 41.23912 2.799508810043335 0.49851086735725403
Pedestrian 0.0 0 -2.1729490756988525 705.2015991210938 149.7906951904297 735.8073120117188 212.00035095214844 0.64433265 1.7916191 0.63318706 3.467448 0.879539 21.111448 -2.010157585144043 0.4832087457180023
Pedestrian 0.0 0 1.5023066997528076 472.9144592285156 164.50314331054688 524.58154296875 274.9962463378906 0.8251409 1.7324333 0.7774836 -1.7336913 1.4672359 11.746254 1.355769395828247 0.4824226498603821
Pedestrian 0.0 0 2.0575387477874756 474.4228210449219 164.2960968017578 495.9523010253906 206.55223083496094 0.74530786 1.6766232 0.5756078 -4.698175 0.99501836 28.944393 1.8966249227523804 0.4406144320964813
Pedestrian 0.0 0 0.3701458275318146 310.4353942871094 202.8233642578125 410.07855224609375 365.8927001953125 0.7957195 1.5565963 0.58959234 -2.4640229 1.7824053 7.24712 0.04240703582763672 0.40729397535324097
Pedestrian 0.0 0 2.2697229385375977 66.62781524658203 223.8751983642578 186.65342712402344 374.0 0.6293811 1.3181976 0.45104128 -3.5784974 1.6564028 5.369214 1.6818464994430542 0.39072418212890625
Pedestrian 0.0 0 -1.206434965133667 341.8504333496094 183.5347137451172 414.97509765625 323.2567443847656 0.6697857 1.5841622 0.63221794 -2.6727805 1.6106005 8.505271 -1.5109132528305054 0.3830329477787018
Pedestrian 0.0 0 1.8610329627990723 836.8238525390625 171.39874267578125 878.3003540039062 256.5201110839844 0.53839916 1.6651745 0.66105133 5.1194034 1.4688207 14.46201 2.2012577056884766 0.3307128846645355
Pedestrian 0.0 0 3.266151189804077 385.9038391113281 174.9750518798828 420.1822814941406 269.033203125 0.5670895 1.7452301 0.53403264 -3.7981777 1.6254241 13.63166 2.9944140911102295 0.3201425075531006
Pedestrian 0.0 0 2.5943942070007324 708.1585693359375 151.00836181640625 741.639892578125 206.05001831054688 0.9397422 1.8220036 0.59607494 4.137461 0.8137469 24.22633 2.7635459899902344 0.28968173265457153
Pedestrian 0.0 0 1.5164494514465332 814.8324584960938 147.81788635253906 840.4637451171875 216.17784118652344 1.5446872 1.5828607 0.5044622 5.444368 0.8041653 17.440926 1.8190250396728516 0.17638935148715973
Cyclist 0.0 0 1.5164494514465332 814.8324584960938 147.81788635253906 840.4637451171875 216.17784118652344 1.5446872 1.5828607 0.5044622 5.444368 0.8041653 17.440926 1.8190250396728516 0.37991437315940857
Cyclist 0.0 0 -3.0471229553222656 688.9984741210938 158.2223663330078 718.1930541992188 217.4703369140625 0.79398704 1.7005413 0.5887727 2.96082 1.0335637 20.993711 -2.907013416290283 0.1722516417503357
Cyclist 0.0 0 1.8610329627990723 836.8238525390625 171.39874267578125 878.3003540039062 256.5201110839844 0.53839916 1.6651745 0.66105133 5.1194034 1.4688207 14.46201 2.2012577056884766 0.13975860178470612
Cyclist 0.0 0 -1.6996150016784668 768.5906982421875 156.80889892578125 849.51806640625 356.9250183105469 0.76809883 1.7243334 0.6140261 1.8374436 1.5129628 6.61074 -1.4285099506378174 0.11973481625318527
Car 0.0 0 1.661378264427185 552.067626953125 166.19573974609375 582.6386108398438 192.21591186523438 3.8818252 1.5982246 1.6167662 -2.1392374 0.6589382 46.094074 1.6150013208389282 0.31929755210876465
