Pedestrian 0.0 0 -0.7448701858520508 922.291748046875 144.72454833984375 980.7984008789062 217.7548065185547 1.2002149 1.8523701 0.7350867 8.8591175 1.1392412 18.829477 -0.30510640144348145 0.29664361476898193
Pedestrian 0.0 0 1.1779422760009766 948.0263671875 157.12686157226562 1009.5358276367188 266.3070068359375 0.61273044 1.7203226 0.705726 5.913621 1.4728721 11.6983385 1.6459877490997314 0.29016420245170593
Cyclist 0.0 0 0.9854201078414917 843.4998168945312 133.32884216308594 881.5932006835938 185.13023376464844 1.5601302 1.8164511 0.5240213 9.080839 0.43083254 26.119152 1.3200174570083618 0.19379855692386627
Cyclist 0.0 0 -0.7448701858520508 922.291748046875 144.72454833984375 980.7984008789062 217.7548065185547 1.2002149 1.8523701 0.7350867 8.8591175 1.1392412 18.829477 -0.30510640144348145 0.12133560329675674
Car 0.0 0 -1.610651969909668 591.5961303710938 180.30242919921875 618.6432495117188 204.4585723876953 3.9728858 1.5016809 1.639185 -0.39242306 2.019733 48.123413 -1.6188063621520996 0.740578293800354
Car 0.0 0 1.6833189725875854 447.9015808105469 184.99392700195312 479.84002685546875 208.6470184326172 4.084525 1.470395 1.6845683 -9.932365 2.332759 49.12296 1.4838147163391113 0.6105155944824219
Car 0.0 0 1.250360131263733 907.7813110351562 166.6880645751953 946.8200073242188 189.9771728515625 3.2245827 1.6776706 1.7252035 23.525732 1.2338547 53.65971 1.6635463237762451 0.24294202029705048
Car 0.0 0 1.532145619392395 990.5230712890625 166.3531494140625 1014.379638671875 184.3267364501953 4.3480706 1.5222815 1.6700611 34.440765 0.9720458 63.427288 2.0295956134796143 0.18408073484897614
Car 0.0 0 1.6244900226593018 270.1167907714844 179.5707244873047 300.6279602050781 205.4906005859375 3.8152838 1.5065663 1.5367477 -20.262177 1.9455321 45.05802 1.2018933296203613 0.17203351855278015
Car 0.0 0 -1.3764376640319824 710.311767578125 164.8912811279297 742.1231689453125 188.48236083984375 3.6480675 1.643584 1.601709 8.420804 1.0891811 52.255188 -1.2166635990142822 0.1478567123413086
Car 0.0 0 1.8879897594451904 486.1874084472656 181.97427368164062 515.9700927734375 199.29319763183594 4.0414057 1.5386761 1.616017 -10.3159685 2.4314063 68.46888 1.7384480237960815 0.1440586894750595
