Pedestrian 0.0 0 0.6494791507720947 785.0320434570312 101.62223815917969 849.0184326171875 234.3491668701172 0.6864833 1.7352474 0.48427114 2.7675703 0.8043343 9.850328 0.9233798980712891 0.4480554163455963
Pedestrian 0.0 0 -2.70987606048584 628.97265625 148.80088806152344 650.060302734375 191.2734832763672 0.7220358 1.8307043 0.6355589 1.2517037 0.7942969 31.544903 -2.6702167987823486 0.4170578420162201
Car 0.0 0 -1.748519778251648 648.0764770507812 179.46319580078125 738.9608764648438 247.3623504638672 3.624003 1.507777 1.6386414 1.9537421 1.6924037 18.248602 -1.641863465309143 0.9763821959495544
Car 0.0 0 2.094123125076294 0.0 202.48106384277344 317.4127197265625 375.0 4.3852763 1.4409404 1.6260531 -4.9620414 1.8625882 8.041667 1.5412672758102417 0.9739974141120911
Car 0.0 0 -1.4366912841796875 412.69964599609375 186.60244750976562 475.39703369140625 235.46742248535156 3.571793 1.4369428 1.5758446 -5.5096703 1.9319239 24.105879 -1.6613928079605103 0.9659645557403564
Car 0.0 0 -1.6897321939468384 614.8638305664062 178.3763885498047 665.4779052734375 219.0992889404297 3.5267425 1.4841199 1.5841854 1.0945982 1.7174003 28.608725 -1.6514898538589478 0.9352260231971741
Car 0.0 0 -2.0906081199645996 794.9185791015625 162.6728515625 1242.0 375.0 3.5566852 1.480281 1.5853006 2.8777902 1.4204246 6.0999966 -1.649799108505249 0.8624528646469116
Car 0.0 0 -1.483912467956543 448.8916015625 181.7372283935547 492.7731628417969 219.28514099121094 4.0454717 1.5638654 1.6339396 -6.3677406 1.9980285 33.13696 -1.6737624406814575 0.8322893977165222
Car 0.0 0 1.4508150815963745 599.1995849609375 176.6313018798828 630.1085205078125 202.93531799316406 3.2562304 1.5215547 1.4963686 0.21753326 1.7608039 43.92696 1.4557671546936035 0.643513023853302
Car 0.0 0 1.6196144819259644 479.9255676269531 180.16690063476562 507.6708984375 208.6420440673828 3.9071965 1.7384045 1.6020569 -7.5810237 2.2369332 47.11994 1.4600937366485596 0.5955045223236084
