Pedestrian 0.0 0 -0.21142719686031342 501.0205993652344 176.6663055419922 517.6265258789062 204.70065307617188 0.96021867 1.7684458 0.5253718 -6.4565473 2.0142312 46.036507 -0.35076677799224854 0.33305954933166504
Pedestrian 0.0 0 1.2509111166000366 1032.7957763671875 160.3983612060547 1087.2882080078125 257.42755126953125 0.8375738 1.6440619 0.5768214 7.8512974 1.4333714 12.697215 1.8047126531600952 0.22267648577690125
Pedestrian 0.0 0 -1.985248327255249 421.30511474609375 137.67759704589844 472.2218017578125 236.51174926757812 0.7959813 1.9191103 0.74218 -3.346403 1.236431 14.548571 -2.211331844329834 0.15060684084892273
Pedestrian 0.0 0 -2.020749568939209 932.2662963867188 157.71913146972656 968.2696533203125 217.92677307128906 1.0168444 1.7604265 0.5896832 10.131282 1.3182524 21.606258 -1.5822858810424805 0.15053386986255646
Cyclist 0.0 0 -1.8839904069900513 1031.0384521484375 164.87197875976562 1085.0419921875 261.6083984375 1.0427619 1.6383756 0.51279026 7.8671603 1.5035459 12.784758 -1.3323571681976318 0.15831643342971802
Car 0.0 0 1.600696086883545 305.9521789550781 186.14068603515625 341.2118225097656 215.92626953125 4.262579 1.4614003 1.6788666 -15.752291 2.2356029 39.731373 1.2232366800308228 0.8312144875526428
Car 0.0 0 -1.5422122478485107 40.306278228759766 176.22418212890625 85.35443115234375 222.7743377685547 3.7658112 1.966609 1.5223913 -24.808952 2.1291313 32.740887 -2.190646171569824 0.492348849773407
Car 0.0 0 1.463806390762329 405.40673828125 183.29380798339844 430.1976318359375 203.4284210205078 3.9368355 1.5223193 1.5376209 -15.728845 2.4048586 58.85523 1.2026629447937012 0.3126225769519806
Car 0.0 0 1.7905809879302979 112.9603271484375 187.1182403564453 148.45068359375 207.2578887939453 3.8970969 1.4668373 1.5494385 -38.24745 2.6477256 57.616096 1.204542875289917 0.18805311620235443
Car 0.0 0 1.6493539810180664 361.9242858886719 188.2672882080078 390.80303955078125 213.59954833984375 3.7984018 1.5218483 1.5298284 -15.479508 2.5873168 47.833065 1.336375117301941 0.14126142859458923
Car 0.0 0 -1.481643557548523 578.3792114257812 159.0830078125 658.9490966796875 247.1375274658203 3.114269 1.7014468 1.4622928 0.21884535 1.4357126 15.563454 -1.4675829410552979 0.13121457397937775
