Pedestrian 0.0 0 -0.254311203956604 814.7059326171875 113.95918273925781 935.8915405273438 299.8146057128906 1.0629354 1.8239435 0.50933254 2.7297323 1.1624829 7.3539762 0.10111618041992188 0.5912108421325684
Pedestrian 0.0 0 -1.170933723449707 131.73719787597656 166.43345642089844 153.56204223632812 207.43356323242188 0.55220145 1.9015418 0.7028785 -21.49524 1.2036949 33.644176 -1.7394657135009766 0.1726718544960022
Car 0.0 0 -1.2293980121612549 500.8544616699219 172.680419921875 568.6078491210938 207.5173797607422 4.4831734 1.4722109 1.6663252 -2.9592342 1.1004691 32.73258 -1.3195593357086182 0.9131863117218018
Car 0.0 0 -1.5516808032989502 586.023193359375 171.62034606933594 614.2676391601562 197.98635864257812 3.572526 1.4467478 1.550637 -0.04105547 0.90545434 41.213657 -1.5526769161224365 0.7890418171882629
Car 0.0 0 2.1050686836242676 325.28961181640625 177.53834533691406 394.7749938964844 205.60256958007812 4.098394 1.4063215 1.6416981 -12.743818 1.2086778 38.16979 1.782833456993103 0.7716482281684875
Car 0.0 0 0.429181843996048 385.7641906738281 174.56219482421875 441.30908203125 194.10772705078125 4.2271633 1.620638 1.6892632 -15.846412 1.0458597 60.75676 0.17404842376708984 0.40178436040878296
Car 0.0 0 -1.4298204183578491 563.1298217773438 167.53639221191406 588.775390625 187.80784606933594 3.5975082 1.6134295 1.6191113 -2.0380747 0.50256604 59.04514 -1.4643239974975586 0.22000491619110107
Car 0.0 0 -0.1326502561569214 0.0 185.85531616210938 72.73272705078125 217.2917938232422 3.7432444 1.6243838 1.6344948 -31.583683 1.8766676 39.561253 -0.8063836097717285 0.18197830021381378
Car 0.0 0 0.048436522483825684 0.0 161.9279022216797 93.69107055664062 205.60003662109375 3.9144864 1.6861928 1.628513 -23.292873 0.93152785 29.531757 -0.619400680065155 0.17663604021072388
Car 0.0 0 -0.18239939212799072 0.0 163.171875 122.71282958984375 204.85707092285156 4.192488 1.7358688 1.6908464 -24.04389 0.973624 32.025112 -0.8264009952545166 0.16855569183826447
Car 0.0 0 0.014141499996185303 0.0 184.51185607910156 90.0866470336914 218.85020446777344 3.8677568 1.4937614 1.6264304 -26.180332 1.6422553 33.38231 -0.6509264707565308 0.1638270914554596
