Pedestrian 0.0 0 -0.6840521693229675 620.5833740234375 168.2128448486328 719.5597534179688 319.58294677734375 0.99966776 1.736567 0.6859392 0.79405767 1.5854819 8.802344 -0.5940858721733093 0.8734686970710754
Pedestrian 0.0 0 -1.5858755111694336 510.1375427246094 169.57821655273438 531.5285034179688 227.2850799560547 1.0457964 1.7671605 0.6489152 -2.565154 1.403195 22.555119 -1.6991171836853027 0.7955209016799927
Pedestrian 0.0 0 3.503793954849243 195.56581115722656 146.3851318359375 330.68817138671875 374.0 0.74457407 1.7735956 0.64550036 -2.5732622 1.5270526 5.421354 3.060628652572632 0.694401741027832
Pedestrian 0.0 0 -1.95308256149292 461.99151611328125 172.4150848388672 494.10400390625 231.81396484375 0.9061867 1.7941455 0.6914085 -3.8562403 1.5208565 22.261906 -2.1246020793914795 0.6916220188140869
Pedestrian 0.0 0 0.42857301235198975 549.3782958984375 173.5990447998047 576.7453002929688 231.45802307128906 0.5739307 1.6526834 0.6625281 -1.1435782 1.4281418 20.929104 0.37398672103881836 0.6576298475265503
Pedestrian 0.0 0 -1.834982991218567 900.8267211914062 138.85081481933594 962.6356811523438 259.3527526855469 0.9700965 1.8072927 0.6478727 5.1317806 1.168945 11.301954 -1.4087567329406738 0.6437527537345886
Pedestrian 0.0 0 -3.185772657394409 728.8223876953125 150.9658203125 765.2061767578125 219.2129364013672 0.9382744 1.8114275 0.5454602 3.8930228 1.0021496 19.404947 -2.987780809402466 0.6351144909858704
Pedestrian 0.0 0 -2.108921527862549 569.0067749023438 170.83267211914062 592.9080200195312 215.87911987304688 0.95463514 1.7718686 0.5445309 -0.84320855 1.353287 28.801416 -2.1381897926330566 0.5241392850875854
Pedestrian 0.0 0 1.2707560062408447 589.5618286132812 173.71376037597656 613.20263671875 230.24139404296875 0.55232877 1.6173519 0.5478946 -0.033875026 1.395715 20.895256 1.2691348791122437 0.4449542164802551
Pedestrian 0.0 0 0.6832081079483032 1008.9955444335938 93.52945709228516 1214.47216796875 374.0 0.7545348 1.7213018 0.611779 2.8677535 1.2671511 4.1654444 1.2861489057540894 0.42878493666648865
Pedestrian 0.0 0 1.1435314416885376 577.3729858398438 175.34152221679688 603.6282958984375 232.66537475585938 0.72800344 1.7081118 0.54457307 -0.3644239 1.5257303 21.847694 1.1268527507781982 0.41904371976852417
Pedestrian 0.0 0 -1.4032788276672363 327.9049072265625 207.7754364013672 394.1996765136719 353.0796813964844 0.7875684 1.6051519 0.6273838 -2.8822901 1.9346114 8.529487 -1.7291523218154907 0.39464837312698364
Pedestrian 0.0 0 2.1521475315093994 631.0933227539062 151.58319091796875 698.0759887695312 256.99114990234375 1.06634 1.9553376 0.85812074 1.1993917 1.4016382 14.006965 2.23756742477417 0.38392403721809387
Pedestrian 0.0 0 -0.26776283979415894 649.1975708007812 166.62823486328125 669.0946044921875 210.0170440673828 0.63345784 1.671235 0.6121053 2.2295148 1.0994292 28.025915 -0.18837814033031464 0.3338870108127594
Pedestrian 0.0 0 1.082841396331787 598.4996337890625 173.0699462890625 623.7713623046875 228.51473999023438 0.7629089 1.7053674 0.4915587 0.27354267 1.4471908 22.543547 1.0949747562408447 0.3312518000602722
Pedestrian 0.0 0 0.0006142184138298035 662.9033813476562 166.90464782714844 687.284912109375 214.89988708496094 0.833347 1.6464629 0.5488965 2.5345545 1.146845 24.955055 0.10183191299438477 0.30787867307662964
Pedestrian 0.0 0 -1.6145751476287842 569.4949340820312 174.2519989013672 584.47998046875 209.56092834472656 0.54904604 1.7565415 0.7271539 -1.2363467 1.3968523 36.03502 -1.6488713026046753 0.2904224395751953
Pedestrian 0.0 0 0.6003503799438477 622.6026000976562 167.88323974609375 645.8202514648438 210.8492431640625 0.7397402 1.7586141 0.6272263 1.3473182 1.2022655 29.872128 0.6454226970672607 0.289246141910553
Pedestrian 0.0 0 -1.7262978553771973 707.4332275390625 165.07362365722656 728.2919921875 212.7689971923828 1.5534598 1.6158584 0.48089895 4.0359693 1.0604299 25.111313 -1.5669375658035278 0.2620193660259247
Cyclist 0.0 0 1.7140008211135864 350.9040222167969 169.83409118652344 452.313720703125 374.0 1.8237334 1.7259302 0.59806 -1.7296396 1.6407269 6.2721605 1.4449238777160645 0.956963837146759
Cyclist 0.0 0 -1.7262978553771973 707.4332275390625 165.07362365722656 728.2919921875 212.7689971923828 1.5534598 1.6158584 0.48089895 4.0359693 1.0604299 25.111313 -1.5669375658035278 0.41198283433914185
Cyclist 0.0 0 -1.5298677682876587 443.1268615722656 184.26731872558594 466.11456298828125 253.4198455810547 1.7803048 1.6981621 0.51609933 -3.8262284 1.7746472 18.630754 -1.732422947883606 0.3297779858112335
Cyclist 0.0 0 0.21963004767894745 606.048828125 171.88143920898438 637.45654296875 204.0650634765625 1.690603 1.8041207 0.60625875 1.154613 1.2657374 40.766506 0.24794507026672363 0.3261158764362335
Cyclist 0.0 0 -1.867563247680664 898.03369140625 138.45138549804688 960.3053588867188 257.5548095703125 0.9077935 1.7951926 0.6512313 5.099397 1.1476457 11.3159075 -1.444177508354187 0.12117550522089005
Cyclist 0.0 0 -3.1976962089538574 726.779541015625 150.4856414794922 768.57568359375 219.5196533203125 1.0758015 1.8317857 0.5403214 3.908978 1.0099996 19.401993 -2.998884677886963 0.1154417097568512
Cyclist 0.0 0 -1.6819902658462524 485.4750061035156 173.1149444580078 510.0967712402344 233.47628784179688 0.9898395 1.8100828 0.641346 -3.223376 1.5597601 22.098413 -1.8268333673477173 0.10661537945270538
Car 0.0 0 -2.424628257751465 845.7240600585938 208.12864685058594 1238.0 374.0 3.7086713 1.486316 1.5600884 2.052151 1.6279545 1.9024483 -1.6013928651809692 0.3800719678401947
