Pedestrian 0.0 0 0.0745961144566536 480.4121398925781 154.77029418945312 580.3207397460938 315.72552490234375 1.1428273 1.8421891 0.654551 -0.91579205 1.5493882 8.433715 -0.03356711566448212 0.9457824230194092
Pedestrian 0.0 0 0.2544400990009308 521.0211181640625 165.2034454345703 569.335205078125 264.34967041015625 0.7488445 1.7688034 0.6427909 -1.1342163 1.4975499 12.9882965 0.16733503341674805 0.47019484639167786
Pedestrian 0.0 0 1.3560086488723755 838.6622314453125 176.49087524414062 870.5458984375 245.80804443359375 0.7007691 1.7075424 0.61972964 6.2387805 1.61038 17.797894 1.693159818649292 0.1839304119348526
Pedestrian 0.0 0 2.213602304458618 18.262788772583008 164.88198852539062 79.08206176757812 256.126953125 0.72439766 1.8083332 0.6734812 -11.342941 1.5004377 14.378181 1.5456666946411133 0.15804027020931244
Pedestrian 0.0 0 -0.7541908025741577 1031.5916748046875 161.41024780273438 1090.7274169921875 266.5712585449219 0.6142244 1.6994114 0.55202967 7.5287623 1.3925726 11.748622 -0.18429550528526306 0.12878121435642242
Pedestrian 0.0 0 -3.0154166221618652 873.1290893554688 134.04623413085938 918.4374389648438 249.8112030029297 0.6243438 1.8502841 0.61235386 4.778762 1.109463 11.715898 -2.628129720687866 0.10872386395931244
Pedestrian 0.0 0 -0.9902159571647644 590.8831787109375 159.1088104248047 602.8199462890625 185.27542114257812 0.6084446 1.8729044 0.6314577 -0.58157885 0.34309417 51.029243 -1.0016124248504639 0.10075832903385162
Cyclist 0.0 0 -2.2280924320220947 878.5628051757812 154.79498291015625 950.1834716796875 275.44189453125 1.1934484 1.8353168 0.4073189 4.9089036 1.4459442 11.379424 -1.820826768875122 0.12632142007350922
Cyclist 0.0 0 -1.805151104927063 757.8267211914062 134.55059814453125 801.1376342773438 242.07388305664062 0.89552695 1.8332835 0.54629713 3.0276997 1.0514888 12.498948 -1.5674926042556763 0.10525605827569962
Car 0.0 0 -2.136051893234253 598.5841064453125 130.37286376953125 696.1973266601562 188.95504760742188 4.8316298 2.3084028 1.8799868 1.6894875 0.33466592 30.423319 -2.080576181411743 0.1078166738152504
