Pedestrian 0.0 0 2.0271401405334473 188.26779174804688 174.2860870361328 214.1189727783203 212.17178344726562 1.0877979 1.8183948 0.690799 -19.993105 1.8898101 35.234962 1.5110193490982056 0.3503945469856262
Pedestrian 0.0 0 -1.9183967113494873 945.6505737304688 152.4738006591797 970.2733154296875 200.13311767578125 0.4750916 1.772494 0.7134517 13.024302 1.0148935 27.103989 -1.4704453945159912 0.25579407811164856
Pedestrian 0.0 0 -2.2152886390686035 952.1254272460938 159.4549560546875 979.2379760742188 211.9930419921875 0.5266056 1.9005316 0.7181648 12.979823 1.4161874 26.42416 -1.758697509765625 0.18692654371261597
Pedestrian 0.0 0 1.9120250940322876 323.7809143066406 176.25938415527344 351.536376953125 226.84979248046875 0.9982762 1.8064224 0.652859 -9.975106 1.9334719 26.335003 1.5499467849731445 0.1326310783624649
Pedestrian 0.0 0 1.093112826347351 785.5397338867188 143.47540283203125 806.9666137695312 181.99356079101562 0.85119253 1.8699785 0.7085515 9.126654 0.44406483 35.52066 1.3446118831634521 0.11919666081666946
Cyclist 0.0 0 -1.8959347009658813 856.6666870117188 175.23550415039062 885.9319458007812 223.80555725097656 1.6721634 1.6967673 0.48380783 9.401755 1.7861443 26.127031 -1.5505138635635376 0.21390530467033386
Car 0.0 0 2.1762027740478516 0.0 201.9510040283203 123.30215454101562 296.84356689453125 3.8748052 1.512739 1.5827287 -11.960552 2.1869383 14.714329 1.493674874305725 0.9086113572120667
Car 0.0 0 -1.6202143430709839 568.9721069335938 176.7372283935547 609.1834716796875 211.8714599609375 4.3650017 1.5742244 1.7257674 -1.114034 1.7754133 35.06808 -1.651971459388733 0.8754503130912781
Car 0.0 0 1.615475058555603 747.7759399414062 165.8165740966797 769.4927978515625 186.43093872070312 4.4151077 1.7734298 1.7053404 13.279339 1.1683651 64.41956 1.8187657594680786 0.16211333870887756
Car 0.0 0 -2.3228087425231934 104.99231719970703 172.09295654296875 178.06797790527344 199.07521057128906 3.5676038 1.5404897 1.5940946 -27.543295 1.4973979 42.394085 -2.898970603942871 0.15714426338672638
