Pedestrian 0.0 0 1.498639464378357 888.9520874023438 164.7733154296875 911.941162109375 217.71258544921875 0.78814656 1.6070522 0.6039138 8.95137 1.362109 22.367786 1.879309892654419 0.5608647465705872
Pedestrian 0.0 0 1.675626516342163 846.7102661132812 168.6524658203125 869.86279296875 221.16921997070312 0.97871906 1.7856097 0.66491735 8.60321 1.6431127 25.11396 2.005664110183716 0.5115426182746887
Pedestrian 0.0 0 -0.49089622497558594 784.458251953125 144.5339813232422 846.7738037109375 207.07681274414062 1.5583376 1.6698773 0.5572997 5.5626183 0.91409826 19.70109 -0.21570898592472076 0.18660292029380798
Pedestrian 0.0 0 2.0574140548706055 243.3978271484375 147.2169952392578 282.4224548339844 217.2354736328125 0.8018673 1.8430616 0.6470057 -9.372191 1.1685896 19.402443 1.6074248552322388 0.148613840341568
Cyclist 0.0 0 -2.218979835510254 1049.9703369140625 141.42654418945312 1137.2811279296875 231.94554138183594 1.903507 1.8353662 0.5166556 10.34667 1.1984999 15.593178 -1.6331462860107422 0.9398528933525085
Cyclist 0.0 0 2.6650164127349854 782.6588745117188 145.498779296875 847.7579345703125 207.84796142578125 1.6350397 1.6655555 0.5634981 5.554076 0.93516386 19.711933 2.9396584033966064 0.3625906705856323
Cyclist 0.0 0 1.6817904710769653 504.1143798828125 167.78536987304688 516.0265502929688 198.68490600585938 1.7601426 1.79191 0.50906175 -5.9442973 1.4983306 42.726994 1.5435550212860107 0.28318288922309875
Cyclist 0.0 0 1.6890463829040527 496.3967590332031 174.5078887939453 509.4731750488281 206.02877807617188 1.7198722 1.7179677 0.52508277 -6.0049076 1.8126515 40.281254 1.5410617589950562 0.2755686342716217
Car 0.0 0 1.8233954906463623 304.46484375 188.25062561035156 531.2976684570312 345.28466796875 3.9827425 1.4461869 1.7195303 -2.1524844 1.6824028 9.043068 1.589717984199524 0.9783096313476562
Car 0.0 0 1.6465940475463867 493.8802490234375 179.60658264160156 522.7012329101562 204.6539764404297 3.7164977 1.5029275 1.5532198 -6.5096216 1.9537106 46.222786 1.5066827535629272 0.1893358826637268
Car 0.0 0 1.643351435661316 416.5370788574219 196.75440979003906 513.07421875 285.1537780761719 4.3928666 1.5127391 1.7438494 -3.0903685 2.114393 15.865063 1.4509696960449219 0.18280719220638275
