Pedestrian 0.0 0 -1.8165786266326904 712.8877563476562 164.7440643310547 739.7268676757812 219.68634033203125 1.036374 1.8297472 0.66800666 3.9074385 1.5600194 24.572239 -1.658880591392517 0.7484362125396729
Pedestrian 0.0 0 3.0672059059143066 323.2277526855469 168.14453125 341.96099853515625 219.24046325683594 0.5245792 1.6237777 0.5399216 -9.000016 1.4744737 23.283367 2.6983542442321777 0.3980254530906677
Cyclist 0.0 0 1.982372522354126 145.13304138183594 181.25929260253906 293.7580871582031 375.0 1.8259919 1.7517663 0.55476564 -3.6776314 1.8430009 6.866138 1.4906376600265503 0.9642887115478516
Cyclist 0.0 0 1.6964653730392456 475.189697265625 179.7345733642578 501.20068359375 245.71385192871094 1.7466887 1.8230824 0.5354583 -3.5770571 2.0321774 21.002602 1.5277690887451172 0.9127861857414246
Cyclist 0.0 0 1.9027539491653442 246.42457580566406 180.0845184326172 373.6376037597656 375.0 1.8703771 1.7750219 0.6033965 -2.9949841 1.8577904 7.2697573 1.5119640827178955 0.9065784811973572
Car 0.0 0 1.8219040632247925 318.82684326171875 195.3498077392578 435.16064453125 277.7444152832031 4.1494775 1.5902476 1.6386145 -5.4325604 2.1927965 17.195536 1.5158987045288086 0.9389647841453552
Car 0.0 0 1.7493841648101807 477.8490295410156 188.3392791748047 526.0201416015625 223.10092163085938 4.1777487 1.5377887 1.6548471 -5.3481846 2.3543046 35.912876 1.601549506187439 0.8017950057983398
Car 0.0 0 -1.4493885040283203 639.4197387695312 180.50985717773438 679.2484130859375 213.47190856933594 3.7060578 1.6060522 1.6600494 2.6109629 2.0311184 38.048138 -1.3808733224868774 0.7650923728942871
Car 0.0 0 2.6691126823425293 829.5755615234375 170.5018768310547 932.0205688476562 207.154541015625 3.6652672 1.4743749 1.5999678 11.187846 1.3801174 30.027956 3.0257608890533447 0.23939402401447296
Car 0.0 0 1.7468476295471191 657.1124877929688 175.6494598388672 692.4290161132812 201.4714813232422 4.1736245 1.6324971 1.6517355 4.352091 1.8287398 48.32706 1.8366602659225464 0.21994104981422424
