Pedestrian 0.0 0 0.731313943862915 983.6607055664062 135.17689514160156 1017.0567626953125 184.80804443359375 0.7898821 1.7896992 0.735555 14.295317 0.4314209 26.51194 1.2258299589157104 0.2394227236509323
Cyclist 0.0 0 -1.6996620893478394 714.794189453125 162.75804138183594 731.05908203125 203.59939575195312 1.6307814 1.6762958 0.46865618 4.7129426 1.2622743 30.433048 -1.5460199117660522 0.1504870355129242
Car 0.0 0 -1.5321428775787354 592.7548828125 171.6978759765625 626.3085327148438 201.6442413330078 4.438687 1.5589519 1.6820916 -0.010557543 1.4991245 39.80915 -1.5324081182479858 0.8446017503738403
Car 0.0 0 1.0687209367752075 884.6607666015625 186.46417236328125 955.4281616210938 219.42674255371094 3.7369606 1.4672449 1.6032165 15.196455 2.1767607 35.654285 1.4716217517852783 0.2604840099811554
Car 0.0 0 1.9064911603927612 352.9112854003906 176.72640991210938 391.94171142578125 202.00408935546875 4.079141 1.8663379 1.6227022 -18.39525 2.1780312 55.95405 1.5888655185699463 0.24304091930389404
Car 0.0 0 3.3957042694091797 380.5810241699219 172.87005615234375 440.2725524902344 200.45555114746094 3.5589159 1.8245171 1.7198324 -13.439111 1.825976 48.608765 3.125967264175415 0.21377761662006378
Car 0.0 0 1.7552685737609863 452.5727844238281 177.68084716796875 475.7117004394531 193.86163330078125 3.6065125 1.4781969 1.5291045 -13.899174 1.9510269 68.810265 1.5559576749801636 0.14761653542518616
Car 0.0 0 -0.19673359394073486 984.8379516601562 145.18699645996094 1115.6524658203125 188.0840301513672 3.805194 1.4707625 1.5632428 15.767827 0.52253324 26.117008 0.34642982482910156 0.12861444056034088
Car 0.0 0 1.161826252937317 822.8211059570312 155.68878173828125 905.7431640625 200.69784545898438 3.2503607 1.416975 1.4578563 8.460762 0.876938 24.387955 1.4957579374313354 0.10768716782331467
Car 0.0 0 -1.6167696714401245 630.3775634765625 175.80300903320312 651.887939453125 195.09681701660156 3.7004187 1.4737642 1.5396452 2.4302392 1.7168449 57.531715 -1.5745530128479004 0.10675238817930222
