Pedestrian 0.0 0 -1.4792189598083496 529.1571655273438 158.60000610351562 545.1599731445312 196.47837829589844 0.9516515 1.9136623 0.7323555 -3.7604158 1.193891 36.929657 -1.580695629119873 0.220376119017601
Pedestrian 0.0 0 0.6857982277870178 0.0 158.38816833496094 61.189876556396484 255.0151824951172 0.74748534 1.6234653 0.57762194 -10.086885 1.3807774 12.41011 0.00330352783203125 0.18078003823757172
Pedestrian 0.0 0 2.839359760284424 568.3529663085938 167.8568878173828 582.0816650390625 190.7546844482422 1.0326217 1.8626866 0.46049634 -2.872598 1.4565392 59.086407 2.790781021118164 0.1694342941045761
Pedestrian 0.0 0 3.296977996826172 99.18141174316406 171.21893310546875 150.62973022460938 252.8544158935547 0.8654286 1.743632 0.53814954 -10.683187 1.709067 15.83563 2.7034826278686523 0.15429244935512543
Pedestrian 0.0 0 0.21343576908111572 28.72365379333496 180.31236267089844 64.43626403808594 244.00389099121094 0.6504971 1.6940383 0.6350614 -15.434821 1.9026436 19.716015 -0.45076441764831543 0.12539264559745789
Cyclist 0.0 0 2.312016248703003 829.1023559570312 148.77833557128906 905.6741943359375 227.36712646484375 1.7714597 1.7306159 0.62841845 5.873033 1.2007998 16.57989 2.652451276779175 0.15232820808887482
Cyclist 0.0 0 -1.2264995574951172 0.0 178.3177032470703 40.96674346923828 262.51397705078125 1.56011 1.6310551 0.4110052 -12.349824 1.7502122 14.882538 -1.9191606044769287 0.119840107858181
Cyclist 0.0 0 -1.4895344972610474 529.0382080078125 158.30838012695312 545.0152587890625 196.8477020263672 0.98716086 1.9448113 0.7369002 -3.7648778 1.2111531 36.909218 -1.5911866426467896 0.10534573346376419
Car 0.0 0 -2.466503620147705 960.2472534179688 0.0 1242.0 375.0 3.5708086 1.5204024 1.4813994 2.6949787 1.2583406 2.2785642 -1.5975744724273682 0.7064967751502991
Car 0.0 0 -3.4213740825653076 772.564453125 174.94456481933594 871.3314208984375 211.15110778808594 3.702407 1.4818578 1.5699842 8.838264 1.5726244 30.410233 -3.138531446456909 0.6963347792625427
Car 0.0 0 -1.6785461902618408 657.3131713867188 171.2223663330078 684.0385131835938 192.69708251953125 3.6213472 1.5203648 1.5665481 4.388898 1.4052057 52.91032 -1.5957858562469482 0.4105803370475769
Car 0.0 0 -3.3680622577667236 748.401123046875 156.8998260498047 860.0374145507812 196.58843994140625 4.837162 1.8265404 1.7127384 9.079001 1.0926589 34.140457 -3.108146905899048 0.3478034734725952
Car 0.0 0 0.22193476557731628 518.3717041015625 180.2223358154297 570.34326171875 199.5072021484375 3.8885438 1.4957489 1.6144962 -5.265393 2.0973654 57.82059 0.13112092018127441 0.11621005833148956
