Pedestrian 0.0 0 -0.19869500398635864 998.590087890625 119.64444732666016 1178.244384765625 359.6514892578125 1.1238121 1.8490648 0.7669743 3.987466 1.3819301 6.0095205 0.3871293067932129 0.6921765208244324
Pedestrian 0.0 0 2.706155776977539 706.615234375 166.5385284423828 730.9307250976562 212.3240203857422 0.82254165 1.9102838 0.63866633 4.7894573 1.3292608 29.914404 2.8649137020111084 0.6158428192138672
Pedestrian 0.0 0 -0.4532950520515442 968.755615234375 119.44609832763672 1118.63330078125 370.0 0.75628346 1.7499018 0.596632 3.1640112 1.327518 5.237531 0.09013628959655762 0.5998555421829224
Pedestrian 0.0 0 1.3383510112762451 690.9569702148438 163.10891723632812 710.4494018554688 208.62603759765625 0.9297196 1.8790578 0.6113573 3.9896963 1.1625986 29.676485 1.471989393234253 0.5003909468650818
Pedestrian 0.0 0 0.3708532452583313 158.75555419921875 126.02264404296875 267.7916564941406 291.86517333984375 0.91121864 1.7713588 0.6064173 -4.40722 1.1911776 7.9097815 -0.13749034702777863 0.20507317781448364
Pedestrian 0.0 0 0.6559882164001465 1084.2139892578125 115.27752685546875 1224.0 370.0 0.7553377 1.7581315 0.5976625 4.019241 1.325226 5.146783 1.3189880847930908 0.1964380294084549
Pedestrian 0.0 0 -3.02573561668396 635.3264770507812 166.5092010498047 648.4202880859375 195.4962921142578 0.7285317 1.7234575 0.52095723 2.2052927 0.8929878 42.35103 -2.973710775375366 0.18836821615695953
Pedestrian 0.0 0 1.2515835762023926 1013.34619140625 62.249488830566406 1129.6414794921875 245.51710510253906 1.6013707 2.0094922 0.7015743 5.564274 0.7145871 8.610878 1.8252766132354736 0.15495558083057404
Pedestrian 0.0 0 2.4074270725250244 937.7223510742188 140.9885711669922 995.4249267578125 249.3880157470703 0.6258375 1.7424313 0.5775045 5.9431453 1.1089718 11.720853 2.876704692840576 0.1394028663635254
Pedestrian 0.0 0 1.6933627128601074 341.6326599121094 225.16143798828125 388.7970886230469 370.0 0.5635137 1.1350142 0.30320746 -2.0047257 1.5215672 5.7804127 1.3595293760299683 0.1287405639886856
Cyclist 0.0 0 1.2515835762023926 1013.34619140625 62.249488830566406 1129.6414794921875 245.51710510253906 1.6013707 2.0094922 0.7015743 5.564274 0.7145871 8.610878 1.8252766132354736 0.245784729719162
Car 0.0 0 -1.6334272623062134 731.459228515625 163.51414489746094 763.5380859375 192.95057678222656 3.896836 1.7023991 1.6593977 8.601753 0.721433 42.92829 -1.4356712102890015 0.2779368460178375
Car 0.0 0 -1.5380967855453491 621.6030883789062 173.3759765625 653.9812622070312 202.73410034179688 3.71106 1.4579898 1.5750415 1.7457842 1.1056271 37.02107 -1.4909751415252686 0.24515213072299957
