Pedestrian 0.0 0 2.823862314224243 665.1240844726562 157.01559448242188 688.0260620117188 194.96556091308594 1.0487547 1.8935637 0.48841608 3.3151376 1.1036437 36.3552 2.9147982597351074 0.32148897647857666
Pedestrian 0.0 0 0.6169556379318237 212.98666381835938 171.43197631835938 226.9666748046875 195.76234436035156 0.63517326 1.7339333 0.6303919 -28.010899 1.6329485 51.769722 0.12099647521972656 0.17866209149360657
Pedestrian 0.0 0 1.0544040203094482 1002.9239501953125 134.0240478515625 1033.216796875 194.71792602539062 0.644286 1.8618246 0.57696736 12.647701 0.6710482 22.45403 1.5673789978027344 0.16529737412929535
Cyclist 0.0 0 -2.290585994720459 744.4955444335938 163.06263732910156 772.7222900390625 199.36138916015625 1.6624206 1.8059765 0.4111507 7.513909 1.3191838 36.719986 -2.0887451171875 0.16371086239814758
Cyclist 0.0 0 -1.9983733892440796 761.9205932617188 175.81817626953125 787.3986206054688 218.0147247314453 1.6010348 1.646064 0.36715147 6.5817313 1.7692739 29.080538 -1.775795578956604 0.16230855882167816
Car 0.0 0 1.944498062133789 235.243896484375 191.71266174316406 353.6665954589844 251.6833953857422 4.355637 1.4578391 1.6883774 -9.107207 2.0681243 21.128536 1.5375241041183472 0.9576808214187622
Car 0.0 0 -1.474355936050415 587.49951171875 177.35177612304688 617.7474975585938 202.44874572753906 3.8544607 1.5541381 1.6243947 -0.47656327 1.8622797 47.38215 -1.484413504600525 0.7226031422615051
Car 0.0 0 -1.3575387001037598 427.2777099609375 184.6969757080078 469.0262756347656 211.80413818359375 3.8463235 1.4364944 1.5853022 -9.365943 2.155419 41.847622 -1.5777207612991333 0.5878716707229614
Car 0.0 0 1.7961580753326416 472.04296875 181.50440979003906 499.0362548828125 199.27310180664062 3.8019745 1.4789239 1.5462631 -11.005826 2.2684512 63.88212 1.625549554824829 0.43241170048713684
Car 0.0 0 1.830872654914856 399.2591247558594 176.0412139892578 460.717529296875 213.36732482910156 3.7983565 1.4587796 1.590602 -7.55472 1.6020366 30.435207 1.5875670909881592 0.17841008305549622
