Pedestrian 0.0 0 -0.8933553695678711 179.6328582763672 164.6468048095703 271.1122741699219 323.9994812011719 0.65275997 1.822552 0.7159563 -4.643432 1.7290422 8.636039 -1.3866913318634033 0.538990318775177
Pedestrian 0.0 0 -2.085322380065918 5.598556995391846 145.5803985595703 133.37149047851562 353.3750305175781 0.66944027 1.7148248 0.66095656 -4.8283567 1.4901074 6.3880863 -2.7325491905212402 0.4850732684135437
Car 0.0 0 -1.7610516548156738 667.3139038085938 180.7240753173828 775.894287109375 256.8403625488281 3.916744 1.4008086 1.5753518 2.2316635 1.5940131 15.683088 -1.6197031736373901 0.9829487204551697
Car 0.0 0 -1.7515102624893188 635.7015380859375 176.37123107910156 695.8296508789062 220.31072998046875 4.0792427 1.5768313 1.6302441 2.0675414 1.7256861 28.344887 -1.678696870803833 0.9628046751022339
Car 0.0 0 -1.1404014825820923 0.0 187.29681396484375 384.29931640625 375.0 4.0092654 1.3706399 1.5591754 -3.4442296 1.5444081 6.6198883 -1.6201452016830444 0.9513422846794128
Car 0.0 0 -1.5072218179702759 504.03131103515625 178.30673217773438 551.463623046875 219.6602020263672 4.025137 1.532032 1.6620222 -3.3172112 1.7694845 29.320024 -1.6198807954788208 0.9151591062545776
Car 0.0 0 -2.6695494651794434 184.4990997314453 182.16600036621094 340.0472717285156 241.6676483154297 3.396829 1.4968523 1.5621145 -9.236088 1.7560048 19.227877 -3.1173529624938965 0.890677273273468
Car 0.0 0 -0.7907206416130066 0.0 199.97958374023438 291.43670654296875 375.0 3.810788 1.5100919 1.6315488 -2.6929522 1.674942 2.4232588 -1.6287835836410522 0.6179060339927673
Car 0.0 0 -1.5989391803741455 512.8772583007812 170.60348510742188 549.8168334960938 203.93020629882812 3.5743427 1.5107973 1.6504834 -3.8520694 1.4091333 34.590965 -1.7098428010940552 0.5442818403244019
Car 0.0 0 -1.6477763652801514 620.75244140625 173.63034057617188 652.61962890625 203.14158630371094 3.9031308 1.7512153 1.678161 1.5861281 1.8020257 44.90301 -1.612467646598816 0.41732972860336304
Car 0.0 0 -1.6008487939834595 530.0401000976562 179.8043975830078 558.8756713867188 206.91290283203125 3.687385 1.5109767 1.5987957 -3.9861732 1.94539 43.130146 -1.6930088996887207 0.3734893500804901
