Pedestrian 0.0 0 2.975276470184326 0.0 152.2981719970703 52.08146286010742 258.6900634765625 0.7171893 1.7470385 0.7108858 -10.135248 1.4098533 12.349352 2.2880337238311768 0.36688074469566345
Pedestrian 0.0 0 -3.288234233856201 849.3976440429688 158.70094299316406 936.7819213867188 305.8031311035156 0.95921355 1.7884697 0.5348794 3.5088718 1.6167544 9.135407 -2.921513080596924 0.31887251138687134
Pedestrian 0.0 0 2.1091747283935547 51.75601577758789 154.00506591796875 102.23318481445312 227.97280883789062 0.98898745 1.9586303 0.69728005 -14.532097 1.4598777 19.629723 1.4719034433364868 0.25885945558547974
Cyclist 0.0 0 3.5062062740325928 0.0 191.86819458007812 74.89179229736328 255.13815307617188 1.7490265 1.8082973 0.6962709 -17.220009 2.3930535 21.576023 2.8326196670532227 0.28138425946235657
Car 0.0 0 -1.6208665370941162 395.4962463378906 168.9113006591797 440.3425598144531 206.53659057617188 3.7064092 1.4767306 1.6266836 -8.163225 1.3223442 30.33003 -1.8837828636169434 0.9204849004745483
Car 0.0 0 -0.8121805787086487 866.25146484375 156.77491760253906 1210.1265869140625 297.2426452636719 3.7435296 1.5191298 1.6132138 5.290089 1.3455957 9.101961 -0.28569692373275757 0.3638436198234558
Car 0.0 0 -0.08674214780330658 431.2076110839844 159.51222229003906 517.8938598632812 190.56271362304688 4.4307384 1.60213 1.7018889 -7.304514 0.91408443 38.644634 -0.2735556960105896 0.23092293739318848
Car 0.0 0 -0.6883260607719421 585.828857421875 155.38941955566406 689.7092895507812 198.18359375 3.7475665 1.5032676 1.585142 1.0363346 0.8901326 27.108385 -0.6501153707504272 0.23086130619049072
Car 0.0 0 -1.1238492727279663 471.1996154785156 162.5749969482422 510.6927490234375 183.2021026611328 4.4022803 1.7486221 1.6947497 -10.450088 0.8775972 63.51458 -1.2869188785552979 0.1621181070804596
Car 0.0 0 -0.7130229473114014 721.2451171875 142.60748291015625 841.6097412109375 190.56488037109375 3.912976 1.542961 1.6429976 5.87355 0.57018065 24.84502 -0.480877548456192 0.11866167932748795
