Pedestrian 0.0 0 -3.0866451263427734 670.6299438476562 173.89808654785156 678.8372802734375 199.08187866210938 0.5265757 1.7210355 0.69726336 4.4332914 1.7938988 49.720966 -2.9977169036865234 0.2500770688056946
Pedestrian 0.0 0 0.9606751203536987 503.18804931640625 172.9889373779297 519.189208984375 219.9952392578125 0.3464912 1.887643 0.54307073 -4.05224 1.8935369 29.285662 0.823178768157959 0.22853203117847443
Pedestrian 0.0 0 1.6479023694992065 714.248779296875 171.62020874023438 734.525390625 221.1365509033203 0.605369 1.8369712 0.7099163 4.262956 1.7915572 27.14149 1.8036937713623047 0.17339693009853363
Pedestrian 0.0 0 1.9068615436553955 393.27691650390625 174.00070190429688 443.9400634765625 268.16265869140625 0.9091251 1.830395 0.7282047 -3.8869643 1.8545889 14.515152 1.6452137231826782 0.16924621164798737
Pedestrian 0.0 0 1.0654884576797485 262.2570495605469 197.7194061279297 336.1353454589844 347.1116638183594 0.5619624 1.7324698 0.64886457 -3.9002604 2.0556297 8.935814 0.6539385318756104 0.15182289481163025
Cyclist 0.0 0 2.031766653060913 0.0 157.26075744628906 135.2539520263672 375.0 1.6511815 1.649758 0.55271167 -4.013442 1.5606323 5.003432 1.35572350025177 0.24235448241233826
Cyclist 0.0 0 2.1659371852874756 388.3442687988281 193.3754425048828 463.6463623046875 291.72637939453125 1.7676003 1.7830355 0.563497 -3.6835592 2.2191675 14.392123 1.9153732061386108 0.1604856252670288
Car 0.0 0 1.48870050907135 656.6746215820312 186.76138305664062 700.4987182617188 223.980224609375 3.9868157 1.5348237 1.6753912 3.0604694 2.2146754 33.24905 1.580488681793213 0.8664696216583252
Car 0.0 0 -1.9339911937713623 813.6663208007812 154.03770446777344 1111.0335693359375 375.0 3.2247534 1.7636312 1.5363164 3.1539612 1.617417 7.2640643 -1.5243650674819946 0.4436508119106293
Car 0.0 0 1.5970096588134766 568.9010009765625 194.126220703125 597.25830078125 221.3140106201172 4.182274 1.5538913 1.7238495 -1.729698 2.9907858 46.623146 1.5599271059036255 0.2672082483768463
Car 0.0 0 2.4229254722595215 0.0 213.40626525878906 97.70057678222656 375.0 3.8389888 1.4624767 1.5684857 -4.620471 1.7721447 3.533874 1.505053997039795 0.21793310344219208
Car 0.0 0 1.5695209503173828 557.724853515625 195.0681915283203 590.4862670898438 226.21823120117188 4.046562 1.5210656 1.7334753 -2.042136 2.8240366 40.2418 1.5188177824020386 0.21111685037612915
Car 0.0 0 -0.334406316280365 657.9036865234375 180.07102966308594 710.31982421875 199.31777954101562 3.998964 1.5350689 1.6460981 6.1020646 2.1457448 59.75332 -0.2326381802558899 0.17005017399787903
