Pedestrian 0.0 0 -0.3618749976158142 430.5146179199219 173.10389709472656 462.9830627441406 246.67852783203125 0.5319423 1.6613693 0.6684871 -3.6230774 1.4729934 16.643108 -0.5762231349945068 0.7303112745285034
Pedestrian 0.0 0 -3.127267837524414 764.1729125976562 153.33543395996094 789.50927734375 248.84654235839844 0.46076632 1.7808839 0.7640665 3.3384151 1.2569941 13.818667 -2.8902225494384766 0.31194669008255005
Pedestrian 0.0 0 1.2614493370056152 888.91748046875 165.5169677734375 940.5413208007812 265.8730163574219 0.857154 1.5599502 0.5253511 5.0080023 1.3128072 11.615457 1.6685174703598022 0.25282537937164307
Pedestrian 0.0 0 -1.8640893697738647 813.7481079101562 203.2167510986328 887.5525512695312 359.7125244140625 0.690648 1.5006566 0.5304084 2.4792817 1.734617 7.337486 -1.5382411479949951 0.24385669827461243
Pedestrian 0.0 0 2.061908483505249 352.2572021484375 169.6467742919922 414.52734375 300.9552001953125 0.47003746 1.8511218 0.7302806 -3.2027588 1.6853383 10.424822 1.7638370990753174 0.20508016645908356
Pedestrian 0.0 0 2.467961311340332 814.7227172851562 163.88409423828125 855.7447509765625 243.4560089111328 0.54888433 1.7034937 0.6856035 5.0980124 1.3275968 15.793363 2.7801971435546875 0.19616787135601044
Pedestrian 0.0 0 1.9747285842895508 0.0 90.9677505493164 87.67574310302734 291.85516357421875 0.77392745 1.7985035 0.69219476 -5.5440297 0.98936725 6.8945103 1.2974791526794434 0.18136432766914368
Pedestrian 0.0 0 1.4463245868682861 841.3262329101562 172.36338806152344 877.7244262695312 254.2213134765625 0.7754595 1.5664864 0.58142453 5.0472484 1.3928982 14.185209 1.7881665229797363 0.17977339029312134
Pedestrian 0.0 0 2.0591557025909424 413.6751403808594 180.88534545898438 439.3830871582031 235.89303588867188 0.5261292 1.8698517 0.6960211 -6.049126 1.8500329 24.756062 1.819502353668213 0.15337343513965607
Pedestrian 0.0 0 2.450298309326172 821.9506225585938 142.7495880126953 865.2889404296875 227.21585083007812 0.6004301 1.7143564 0.61614937 5.0054603 0.9291066 14.972525 2.7729272842407227 0.1524978131055832
Pedestrian 0.0 0 1.6830919981002808 722.46142578125 157.57305908203125 770.2227172851562 266.7118225097656 0.64571834 1.7796234 0.72497314 2.4115846 1.3907596 12.128294 1.8793715238571167 0.1353324055671692
Pedestrian 0.0 0 2.450026035308838 942.3947143554688 140.77197265625 995.4398193359375 248.54734802246094 0.5663154 1.6251286 0.46160784 5.6387086 1.0123023 11.116568 2.9194445610046387 0.1105239987373352
Cyclist 0.0 0 1.2614493370056152 888.91748046875 165.5169677734375 940.5413208007812 265.8730163574219 0.857154 1.5599502 0.5253511 5.0080023 1.3128072 11.615457 1.6685174703598022 0.22305813431739807
Cyclist 0.0 0 1.4463245868682861 841.3262329101562 172.36338806152344 877.7244262695312 254.2213134765625 0.7754595 1.5664864 0.58142453 5.0472484 1.3928982 14.185209 1.7881665229797363 0.13003107905387878
Cyclist 0.0 0 2.1531167030334473 0.0 128.11761474609375 296.2404479980469 374.0 1.7243773 1.7412832 0.5699998 -2.109833 1.5627811 3.2842243 1.582092523574829 0.1200966089963913
Car 0.0 0 2.3158528804779053 0.0 200.09095764160156 272.9686279296875 374.0 3.6666803 1.4916292 1.5971265 -2.657094 1.6046014 2.4107778 1.4818894863128662 0.27129724621772766
Car 0.0 0 -2.544093608856201 1008.4876098632812 210.91357421875 1238.0 374.0 3.8782902 1.4670501 1.5909356 3.0826764 1.6366745 2.1560664 -1.5836296081542969 0.13991335034370422
