Pedestrian 0.0 0 -0.6147955656051636 765.7710571289062 172.64846801757812 808.18798828125 244.8935546875 0.6910386 1.7120616 0.7550893 4.390122 1.5275999 17.226715 -0.3652632236480713 0.5020248293876648
Pedestrian 0.0 0 -0.8869832754135132 154.2666015625 176.5022430419922 175.56207275390625 209.16799926757812 0.8650885 1.8424417 0.6270584 -25.116035 1.6183444 40.34338 -1.4438235759735107 0.15119816362857819
Pedestrian 0.0 0 -3.5046699047088623 917.8294677734375 115.56439208984375 1013.542724609375 257.0712585449219 1.0308564 1.8285595 0.48557374 4.7429156 0.99113286 9.426094 -3.0384905338287354 0.11334729939699173
Pedestrian 0.0 0 3.1456480026245117 471.4816589355469 166.76913452148438 483.4129333496094 188.1259765625 0.99235606 1.8019657 0.52634394 -10.80537 0.64463854 59.996838 2.967459201812744 0.10924902558326721
Pedestrian 0.0 0 0.6610798835754395 890.1162719726562 147.92727661132812 975.1103515625 286.2740478515625 0.7495021 1.5217663 0.49596408 3.7479246 1.1651652 8.219319 1.0889036655426025 0.10590549558401108
Pedestrian 0.0 0 0.32283592224121094 1116.907958984375 241.6506805419922 1224.0 370.0 0.66097254 1.2138131 0.42759088 3.590766 1.6280241 4.3708878 1.0105609893798828 0.10033135861158371
Cyclist 0.0 0 2.4134488105773926 415.5645751953125 171.4202423095703 441.54998779296875 199.00961303710938 1.7350569 1.7390609 0.48981312 -11.325956 1.1680735 45.417736 2.169060468673706 0.3760445713996887
Cyclist 0.0 0 -1.7608953714370728 791.2723999023438 130.88497924804688 826.8240356445312 225.75950622558594 1.5951481 1.8131305 0.38971165 4.0714617 0.8665805 14.318798 -1.4838632345199585 0.1708296537399292
Car 0.0 0 -1.536399245262146 549.083984375 165.2091064453125 571.02490234375 185.67938232421875 3.8001325 1.5408231 1.5801831 -3.4642682 0.39112243 55.13716 -1.5991467237472534 0.34842491149902344
Car 0.0 0 -2.6075000762939453 157.41505432128906 184.65614318847656 242.5677032470703 212.43511962890625 3.7849379 1.4981024 1.6610855 -22.441345 1.7352207 39.240158 -3.126999616622925 0.13713191449642181
Car 0.0 0 0.8707063794136047 81.55282592773438 187.40325927734375 135.82894897460938 207.34437561035156 3.4710386 1.5055124 1.6343558 -38.911148 2.0603635 55.46384 0.25893497467041016 0.12664794921875
Car 0.0 0 2.1917338371276855 0.0 182.2144775390625 113.60604095458984 223.5872802734375 3.5001936 1.4351548 1.7386178 -20.451088 1.5051181 26.449724 1.5335454940795898 0.10846314579248428
