Car 0.0 0 -1.8142149448394775 705.2500610351562 177.80613708496094 824.9234619140625 255.5110626220703 3.9731686 1.4696765 1.6265354 3.2112246 1.5932027 15.922394 -1.6152046918869019 0.9670752286911011
Car 0.0 0 1.9409253597259521 207.76409912109375 198.73095703125 378.2601623535156 292.7019958496094 4.2444715 1.4127464 1.6022526 -6.0255914 1.9985099 14.173678 1.5389485359191895 0.9588658213615417
Car 0.0 0 1.8737839460372925 363.265380859375 191.1109619140625 463.8292236328125 249.02444458007812 4.3916073 1.4545393 1.6780798 -5.8195906 2.0617802 21.753218 1.6123777627944946 0.9582505822181702
Car 0.0 0 -1.7215567827224731 683.0174560546875 175.1621551513672 762.5064697265625 234.65524291992188 4.349376 1.591518 1.6894 3.2169523 1.6680934 21.645681 -1.5740180015563965 0.957051694393158
Car 0.0 0 2.2016916275024414 0.0 212.0704345703125 237.3657684326172 375.0 3.6200972 1.4585576 1.5019622 -5.9694533 2.0023704 8.185562 1.5715928077697754 0.944530725479126
Car 0.0 0 2.5578293800354004 929.2039794921875 155.2415771484375 1153.2467041015625 230.29750061035156 3.806189 1.4729818 1.5083013 8.820524 1.1276938 15.010489 3.089099168777466 0.8273347020149231
Car 0.0 0 1.858192801475525 472.11346435546875 183.3963623046875 526.60498046875 215.6118927001953 4.1798162 1.4823035 1.6286424 -5.6075215 2.0523317 36.805347 1.7069993019104004 0.819248378276825
Car 0.0 0 2.2548248767852783 1094.722900390625 142.273193359375 1242.0 259.01116943359375 3.66993 1.4629427 1.5761039 9.003187 1.0800664 10.108318 2.982461929321289 0.8096134066581726
Car 0.0 0 1.368959903717041 661.864990234375 178.9443359375 713.1771850585938 215.4474334716797 3.5633729 1.4612459 1.5208849 3.2668536 1.7417982 31.344992 1.47280752658844 0.7819682359695435
Car 0.0 0 -0.6383293867111206 1024.663818359375 142.98634338378906 1242.0 240.87216186523438 3.4812872 1.5879788 1.5892403 9.332749 1.1038007 12.502288 0.0029172897338867188 0.7560599446296692
Car 0.0 0 1.8134154081344604 425.1757507324219 187.71127319335938 491.0889587402344 231.87059020996094 3.891506 1.4975203 1.5912768 -5.8004346 2.1103387 27.767534 1.607483983039856 0.7387675046920776
Car 0.0 0 2.6853840351104736 856.8651123046875 157.67958068847656 1043.1124267578125 223.64283752441406 3.8231192 1.5405293 1.5863582 8.188376 1.1864986 17.684423 3.119018793106079 0.6746103167533875
