Pedestrian 0.0 0 0.34845685958862305 723.8638916015625 159.27780151367188 737.6165161132812 184.22337341308594 0.99521065 1.9567437 0.39399502 9.949159 0.29330555 55.876133 0.524667501449585 0.33566662669181824
Pedestrian 0.0 0 3.2455365657806396 508.84429931640625 165.79617309570312 521.1690673828125 187.81259155273438 1.0061291 1.8870751 0.5043281 -7.7261257 0.6279725 60.86105 3.119265079498291 0.3346858620643616
Pedestrian 0.0 0 1.362999677658081 272.4493408203125 176.9646453857422 324.3612365722656 269.9400634765625 1.061036 1.814163 0.7679166 -6.315682 1.7468115 14.446039 0.9508483409881592 0.2385769486427307
Cyclist 0.0 0 -2.0081124305725098 982.165771484375 150.2472686767578 1032.4273681640625 218.14620971679688 1.7409688 1.6787393 0.432365 10.3816805 0.9323647 18.360748 -1.4935015439987183 0.4810905158519745
Cyclist 0.0 0 1.166375994682312 877.589599609375 156.78860473632812 907.3328857421875 195.16546630859375 2.0141327 1.7590206 0.550283 13.5493145 0.67365587 33.4151 1.5516016483306885 0.2448759526014328
Car 0.0 0 0.6973270177841187 507.7815246582031 169.9282989501953 624.26025390625 211.15597534179688 4.3178544 1.428002 1.6037667 -1.535825 1.0633613 26.416632 0.6392538547515869 0.89145827293396
Car 0.0 0 -0.8060356974601746 0.0 200.7100830078125 287.5913391113281 370.0 3.7137916 1.4770769 1.5534647 -3.2308412 1.6307772 3.4465544 -1.5591400861740112 0.8828873634338379
Car 0.0 0 1.811135172843933 354.5731201171875 177.5090789794922 395.24859619140625 202.74591064453125 4.193988 1.6511943 1.700075 -15.690663 1.4568329 48.409267 1.497694730758667 0.5404070019721985
Car 0.0 0 1.6511353254318237 458.1575927734375 174.2642059326172 482.9947509765625 193.89772033691406 3.9029138 1.4787091 1.6017084 -10.462389 1.0103198 55.272484 1.4640611410140991 0.4289913773536682
Car 0.0 0 1.5094692707061768 89.16388702392578 182.0823211669922 121.90251159667969 204.64979553222656 4.023045 1.469547 1.5829252 -34.208206 1.5837566 48.388695 0.8940966129302979 0.41372835636138916
