Pedestrian 0.0 0 -0.9920304417610168 333.1809387207031 152.5465545654297 351.94403076171875 192.45774841308594 0.6612808 1.9359888 0.5992701 -13.151678 0.9512851 35.385883 -1.3478736877441406 0.3705576956272125
Pedestrian 0.0 0 1.7036628723144531 433.310302734375 165.47825622558594 448.40386962890625 200.28651428222656 0.87504065 1.8201016 0.6690958 -8.985757 1.4347868 38.194214 1.472599983215332 0.23323358595371246
Pedestrian 0.0 0 -2.5376763343811035 532.9154663085938 176.40542602539062 557.2989501953125 217.09661865234375 0.8285493 1.6713299 0.58769614 -2.7544236 1.8224738 30.172832 -2.6287121772766113 0.16809576749801636
Cyclist 0.0 0 -1.9895472526550293 847.0169067382812 153.7837371826172 912.7860717773438 242.9317169189453 1.7605715 1.759451 0.62246364 5.573395 1.3834323 15.136619 -1.6367461681365967 0.9647918939590454
Car 0.0 0 -1.6122140884399414 574.159423828125 179.674560546875 675.1248168945312 272.1858825683594 4.080772 1.542827 1.7323989 0.13524272 1.6988935 14.402341 -1.602824091911316 0.9372193217277527
Car 0.0 0 -1.6209074258804321 594.5260009765625 169.06019592285156 617.9382934570312 189.29322814941406 3.985805 1.5348663 1.6382135 -0.35316718 1.2474279 56.768528 -1.6271284818649292 0.35198843479156494
Car 0.0 0 -1.7371034622192383 579.528564453125 177.20025634765625 625.437744140625 210.18704223632812 3.6723883 1.5178112 1.6741669 -0.46241033 1.7448215 35.668617 -1.7500667572021484 0.2172698974609375
Car 0.0 0 -1.4325246810913086 406.7893371582031 181.1317901611328 445.34735107421875 211.24867248535156 2.830912 1.4426699 1.5356206 -9.397615 1.8831949 36.87271 -1.682078242301941 0.21251285076141357
Car 0.0 0 -2.2951607704162598 1150.6357421875 213.74295043945312 1242.0 278.30059814453125 3.0750864 1.5331475 1.6884378 17.45309 2.7927012 20.660872 -1.593727469444275 0.20339561998844147
Car 0.0 0 1.1748021841049194 812.9771728515625 165.98805236816406 897.8568115234375 207.20079040527344 4.2148123 1.4987185 1.6456957 9.49746 1.2493933 28.398245 1.497546911239624 0.18580932915210724
