Pedestrian 0.0 0 0.8542941808700562 1101.673095703125 144.97576904296875 1160.693603515625 236.19119262695312 0.7918351 1.7373295 0.5543394 10.163931 1.206706 14.160153 1.4768562316894531 0.7226550579071045
Pedestrian 0.0 0 1.617605209350586 667.1968383789062 175.46128845214844 688.6254272460938 231.3737335205078 1.2720178 1.944765 0.707638 2.3965292 2.0409465 25.836319 1.7100987434387207 0.4801420569419861
Pedestrian 0.0 0 -1.3196797370910645 537.64208984375 181.75103759765625 555.8515625 223.3004150390625 0.697977 1.501664 0.5133117 -2.3741498 1.835129 26.62593 -1.4086114168167114 0.19710633158683777
Cyclist 0.0 0 1.617605209350586 667.1968383789062 175.46128845214844 688.6254272460938 231.3737335205078 1.2720178 1.944765 0.707638 2.3965292 2.0409465 25.836319 1.7100987434387207 0.12920993566513062
Car 0.0 0 0.20142072439193726 1069.375 155.2748260498047 1154.0394287109375 186.91575622558594 3.5027544 1.6288936 1.6127611 27.01819 0.72426546 38.96548 0.8076951503753662 0.23138916492462158
Car 0.0 0 -0.8348392844200134 315.7477722167969 191.28366088867188 380.7215576171875 220.0218963623047 3.5322604 1.4898541 1.577927 -15.145687 2.6077497 41.81648 -1.1823359727859497 0.1901608258485794
Car 0.0 0 1.3080562353134155 728.5567016601562 178.3240509033203 783.0984497070312 212.81532287597656 3.7349977 1.4427147 1.4916095 6.500546 1.7054801 32.6977 1.5043048858642578 0.1800995171070099
Car 0.0 0 1.3462450504302979 676.7882080078125 172.3388214111328 715.9971313476562 200.83396911621094 3.9258695 1.7105625 1.6045802 5.347261 1.6799939 45.348633 1.4636175632476807 0.1642535775899887
Car 0.0 0 -1.862837553024292 1068.9163818359375 166.7140655517578 1141.1802978515625 205.4876708984375 3.6798093 1.5764018 1.5835648 21.353868 1.3271313 31.325525 -1.2645155191421509 0.16104471683502197
Car 0.0 0 -3.002106189727783 560.131103515625 175.09674072265625 679.6077880859375 217.53402709960938 4.193893 1.4825231 1.6377411 0.3587021 1.5686191 26.452076 -2.98854660987854 0.15839523077011108
Car 0.0 0 0.28922730684280396 1064.806396484375 161.85198974609375 1137.029296875 186.2375030517578 3.7257113 1.5821885 1.6303059 33.107803 0.86871004 48.770542 0.8856160640716553 0.12138515710830688
