Pedestrian 0.0 0 2.5323007106781006 180.98765563964844 184.89291381835938 263.2359924316406 330.9169616699219 0.643281 1.7834768 0.7127167 -4.9199085 1.8305764 9.240136 2.0430314540863037 0.7530309557914734
Pedestrian 0.0 0 1.30567467212677 828.6138916015625 135.61729431152344 934.3717651367188 347.8216857910156 0.6904663 1.7557169 0.704594 2.385907 1.3774855 6.318075 1.6667507886886597 0.5816702246665955
Pedestrian 0.0 0 -3.201575517654419 1160.0594482421875 149.23004150390625 1238.0 366.0123291015625 0.7031695 1.6514428 0.60499644 5.009772 1.4070075 5.922456 -2.499469757080078 0.48281463980674744
Pedestrian 0.0 0 0.19215598702430725 936.5376586914062 146.10867309570312 978.8855590820312 240.83551025390625 0.5933783 1.5825238 0.3612095 6.0695 0.9925554 12.321334 0.6498668193817139 0.277511864900589
Pedestrian 0.0 0 2.1903767585754395 944.9474487304688 164.18917846679688 1026.2537841796875 298.5626525878906 0.7202507 1.767479 0.70339835 5.25354 1.5411103 9.921711 2.67734432220459 0.24994690716266632
Pedestrian 0.0 0 -2.577279567718506 861.0505981445312 149.5133056640625 955.2182006835938 322.4611511230469 0.7055712 1.7823875 0.66363525 3.3105774 1.4540988 7.8796487 -2.179530143737793 0.24946007132530212
Pedestrian 0.0 0 -2.241184711456299 990.6494140625 163.0872344970703 1083.625732421875 307.67694091796875 0.6315324 1.6262934 0.689627 5.052935 1.4205453 8.434962 -1.701466679573059 0.2277907133102417
Pedestrian 0.0 0 0.8729349374771118 0.0 201.07034301757812 29.683855056762695 292.72613525390625 0.7296859 1.6108329 0.4983208 -10.98674 1.9764328 13.062061 0.17361974716186523 0.20576895773410797
Pedestrian 0.0 0 0.5897563695907593 771.2553100585938 151.43995666503906 792.220703125 203.5699005126953 0.46599266 1.9082707 0.66279685 6.6791806 0.8089345 26.687933 0.8349888324737549 0.15734604001045227
Pedestrian 0.0 0 0.2893199026584625 959.6976928710938 117.10810089111328 1030.4871826171875 263.4024658203125 0.6353448 1.7775489 0.65339917 4.9867077 0.9964967 9.181139 0.78688645362854 0.14469046890735626
Pedestrian 0.0 0 0.7211923599243164 1119.7586669921875 126.47564697265625 1225.3072509765625 289.994384765625 0.69079 1.74398 0.61684287 6.336716 1.1584871 8.054413 1.3877944946289062 0.12136644870042801
Cyclist 0.0 0 1.9871375560760498 1126.806884765625 137.989013671875 1238.0 368.0968933105469 1.4624953 1.7101003 0.59154505 5.029826 1.3881371 5.9203606 2.6913883686065674 0.24987101554870605
Cyclist 0.0 0 0.8494523763656616 930.2138671875 155.2696075439453 1065.6510009765625 299.5198974609375 1.6882052 1.7203413 0.58000726 5.1012154 1.4088594 9.451971 1.3443522453308105 0.1850372850894928
Cyclist 0.0 0 0.8036109805107117 50.6733283996582 124.50059509277344 322.822509765625 374.0 1.6552525 1.624267 0.53711444 -2.7585413 1.291056 4.695927 0.27248334884643555 0.14289844036102295
Car 0.0 0 -0.928229570388794 1197.6856689453125 133.15431213378906 1238.0 373.33642578125 3.8075979 1.5072354 1.6072654 6.9387045 1.2052605 5.3330054 -0.01272490993142128 0.15154722332954407
Car 0.0 0 3.392246723175049 73.75235748291016 190.95968627929688 242.75698852539062 256.4651184082031 3.2856803 1.480228 1.5365058 -10.872256 1.7318134 17.7969 2.843845844268799 0.1402381956577301
