Cyclist 0.0 0 1.6469545364379883 494.0414733886719 178.3307342529297 516.5165405273438 235.86375427246094 1.6460588 1.7322344 0.58029205 -3.331189 1.9114735 22.723001 1.5013915300369263 0.9196594953536987
Car 0.0 0 3.5885586738586426 0.0 182.86863708496094 325.5477600097656 298.2088928222656 4.1880746 1.6090598 1.7180134 -6.931586 1.7813752 11.31761 3.039027690887451 0.9627127051353455
Car 0.0 0 2.6573572158813477 804.204833984375 187.456298828125 1085.358154296875 281.0070495605469 4.2004447 1.4795399 1.6317701 5.684053 1.7550192 12.647564 3.0797276496887207 0.9601583480834961
Car 0.0 0 -1.7127320766448975 629.9920043945312 181.2257080078125 681.5453491210938 218.24862670898438 4.1164374 1.4360191 1.6329081 1.8586123 1.8213634 31.060024 -1.6529639959335327 0.9559617042541504
Car 0.0 0 -0.3902395963668823 764.875 189.83885192871094 978.785888671875 263.39068603515625 4.0089903 1.444654 1.600186 5.466926 1.8308313 15.486327 -0.05088017135858536 0.9351625442504883
Car 0.0 0 -0.5976471900939941 915.0177612304688 186.42111206054688 1235.535888671875 300.8629455566406 3.5247416 1.4364004 1.5347496 6.298554 1.6422266 10.088247 -0.03951852023601532 0.9347420334815979
Car 0.0 0 2.4725611209869385 978.790771484375 192.33021545410156 1242.0 357.7518310546875 3.4957538 1.5094503 1.5726305 5.9580164 1.7351102 7.5554643 3.140293836593628 0.9284083843231201
Car 0.0 0 3.384678602218628 350.5018005371094 181.6669921875 473.3448181152344 225.43692016601562 3.8667047 1.4552745 1.5658292 -6.8788123 1.7729745 25.14981 3.117694854736328 0.8988229036331177
Car 0.0 0 -0.35507699847221375 761.2705078125 174.08340454101562 928.9362182617188 235.9890594482422 3.6325593 1.4564329 1.5542463 5.6935472 1.4887067 17.8677 -0.046598903834819794 0.8881736993789673
Car 0.0 0 -2.352175235748291 0.0 184.30572509765625 175.7503662109375 367.7861633300781 4.0076137 1.5036465 1.6403054 -6.6835213 1.6267246 6.873346 -3.12357234954834 0.8358773589134216
Car 0.0 0 0.2316254824399948 376.0411682128906 182.85853576660156 491.5022277832031 221.491943359375 4.072179 1.4232047 1.546804 -6.764046 1.8196332 27.774136 -0.007261723279953003 0.8214736580848694
