Pedestrian 0.0 0 -1.1098899841308594 206.21592712402344 160.1829071044922 318.6439514160156 351.3995056152344 0.93007386 1.6854291 0.61558974 -3.2240515 1.4989171 6.799506 -1.5526524782180786 0.8940753936767578
Pedestrian 0.0 0 -1.8260471820831299 768.3841552734375 174.45785522460938 807.478515625 248.29495239257812 0.8642681 1.6981895 0.6945036 4.354983 1.5374353 16.951918 -1.5745830535888672 0.7797426581382751
Pedestrian 0.0 0 -2.0666518211364746 941.086669921875 163.0248260498047 1011.6585083007812 291.3236999511719 0.70841706 1.7059824 0.5953504 5.110975 1.4616463 9.909031 -1.5904524326324463 0.7198871970176697
Pedestrian 0.0 0 1.9888792037963867 495.9375915527344 175.00338745117188 516.8580932617188 216.0078125 0.87511265 1.6630895 0.5487107 -3.9320092 1.4005893 29.629375 1.8569436073303223 0.6660005450248718
Pedestrian 0.0 0 -1.76405668258667 837.4343872070312 159.9633026123047 861.0362548828125 214.07830810546875 0.6221089 1.7154717 0.608449 7.944235 1.0338509 23.118828 -1.4330713748931885 0.5645585060119629
Pedestrian 0.0 0 -2.886127233505249 666.7135009765625 175.29928588867188 682.2969360351562 201.57205200195312 0.9406169 1.758916 0.5424156 4.9463344 1.3444608 48.50719 -2.7845072746276855 0.492910772562027
Pedestrian 0.0 0 2.28898286819458 480.83392333984375 176.18429565429688 507.5091857910156 223.5013885498047 0.8178431 1.8599403 0.68912256 -4.310415 1.6520004 28.763865 2.1402344703674316 0.462685227394104
Pedestrian 0.0 0 2.8115739822387695 786.8469848632812 143.94969177246094 888.6648559570312 356.7875671386719 0.64589524 1.7356421 0.67463046 1.9664012 1.4308183 6.199851 3.1187069416046143 0.44970041513442993
Pedestrian 0.0 0 -0.7559518218040466 875.0579833984375 163.6984405517578 915.9874877929688 225.50509643554688 0.8881613 1.714129 0.62377596 8.306953 1.2215765 20.370483 -0.3687449097633362 0.44373518228530884
Pedestrian 0.0 0 -2.4902572631835938 824.6456909179688 181.56773376464844 884.4241333007812 285.35845947265625 0.65923864 1.7721864 0.7877925 4.4515615 1.7747003 12.755329 -2.1544768810272217 0.3207348585128784
Pedestrian 0.0 0 -1.7589508295059204 600.9205932617188 174.4493865966797 617.3825073242188 209.8435821533203 1.0627598 1.8655316 0.692882 0.40391293 1.4947594 38.443096 -1.7484444379806519 0.3186548054218292
Pedestrian 0.0 0 0.5007072687149048 1056.8284912109375 104.42383575439453 1196.5364990234375 308.6442565917969 0.8952839 1.8223321 0.6379795 5.0073075 1.1359345 6.9487677 1.1251277923583984 0.30097606778144836
Pedestrian 0.0 0 -1.7397985458374023 804.4218139648438 166.21200561523438 842.3529052734375 247.26148986816406 0.80542845 1.7973647 0.697537 5.0115724 1.4595549 16.37124 -1.4427361488342285 0.2988691031932831
Pedestrian 0.0 0 1.711514949798584 468.5765380859375 163.01478576660156 487.350341796875 205.8354034423828 1.0092425 1.8496798 0.67933536 -5.4290295 1.0521549 31.541094 1.5410596132278442 0.28751468658447266
Pedestrian 0.0 0 -1.8051000833511353 861.5016479492188 170.9379425048828 888.5512084960938 232.2181396484375 0.5443384 1.6858274 0.5946759 7.6074743 1.3964176 20.066805 -1.4427332878112793 0.2851872146129608
Cyclist 0.0 0 1.6869897842407227 419.3333435058594 171.95584106445312 456.6882629394531 250.4421844482422 1.853045 1.7349265 0.6469727 -3.84036 1.5251743 16.832073 1.462672233581543 0.6572513580322266
Cyclist 0.0 0 -2.1067943572998047 1014.7919921875 103.65367889404297 1174.741943359375 292.5414123535156 1.7376777 1.7436274 0.5507528 5.0127254 1.026403 7.5104537 -1.518261432647705 0.39790576696395874
Cyclist 0.0 0 2.766472101211548 730.4580688476562 155.82870483398438 850.9225463867188 366.9032897949219 0.8125326 1.710367 0.6713362 1.5607234 1.5037396 6.203164 3.0129570960998535 0.16768783330917358
Cyclist 0.0 0 -1.5027165412902832 882.8424682617188 163.52682495117188 908.6488647460938 225.3880157470703 0.7874295 1.7098258 0.6256155 8.309655 1.2142047 20.343182 -1.1149265766143799 0.14914272725582123
Car 0.0 0 1.6893388032913208 553.8737182617188 168.83705139160156 601.3004760742188 209.06398010253906 4.54043 1.8470851 1.8052197 -1.1089759 1.2665745 35.32108 1.657952070236206 0.7503954172134399
Car 0.0 0 1.5643750429153442 623.9915161132812 170.30508422851562 644.0617065429688 193.45433044433594 4.057671 1.8743722 1.6242211 2.7442172 0.9684316 60.219337 1.609913945198059 0.4161073565483093
Car 0.0 0 1.2881512641906738 1068.1409912109375 208.16812133789062 1238.0 374.0 3.9485183 1.4754349 1.6219797 2.5143554 1.6418635 2.3320456 2.111149311065674 0.3627976179122925
Car 0.0 0 0.9153084754943848 289.8375549316406 171.6976318359375 351.9478759765625 195.06353759765625 4.316759 1.5344961 1.6571892 -19.14239 0.8914388 48.99667 0.5428557395935059 0.30091536045074463
