Pedestrian 0.0 0 -1.6539148092269897 636.5950927734375 171.40576171875 682.9668579101562 282.7470397949219 0.7737595 1.5732099 0.6110171 0.79917634 1.4318991 10.536319 -1.5782101154327393 0.9144955277442932
Pedestrian 0.0 0 -1.3602654933929443 312.4575500488281 161.44979858398438 373.8014831542969 286.90966796875 0.9318739 1.6909535 0.6410692 -3.6865082 1.422041 10.184422 -1.7075685262680054 0.9101788401603699
Pedestrian 0.0 0 1.6696470975875854 693.02783203125 162.69960021972656 742.057861328125 278.6980285644531 0.89166576 1.6475043 0.64049417 1.6996679 1.381802 10.712198 1.827001929283142 0.850335419178009
Pedestrian 0.0 0 -0.17669415473937988 732.3131713867188 166.1383819580078 757.591552734375 222.4872283935547 0.64205647 1.6346905 0.54150444 4.184873 1.1901832 21.11321 0.018980741500854492 0.5359190106391907
Pedestrian 0.0 0 1.55315363407135 766.628173828125 150.01345825195312 789.4815673828125 216.7349853515625 0.7259196 1.6286885 0.5391107 4.372741 0.86128634 17.945402 1.7921650409698486 0.47727325558662415
Pedestrian 0.0 0 -0.21339485049247742 617.8768310546875 173.6829833984375 634.925048828125 203.76400756835938 0.9159326 1.762029 0.52110255 1.4740605 1.3049133 42.41245 -0.17865346372127533 0.4146019518375397
Pedestrian 0.0 0 2.0224878787994385 302.5931091308594 154.2277374267578 346.71356201171875 219.89344787597656 1.1006374 1.8447086 0.7905499 -8.01315 1.0797118 20.758444 1.6540920734405518 0.3783144950866699
Pedestrian 0.0 0 0.7603303790092468 678.5407104492188 164.6033477783203 705.9698486328125 218.43624877929688 0.6683663 1.6418858 0.52438927 2.794665 1.1276611 22.331036 0.8848302364349365 0.3726017475128174
Pedestrian 0.0 0 2.747424602508545 745.2855834960938 146.62950134277344 780.1332397460938 213.78199768066406 0.7309221 1.7235026 0.55380535 4.177203 0.8297101 18.770176 2.9664008617401123 0.3236118257045746
Pedestrian 0.0 0 2.5848751068115234 170.374267578125 169.81007385253906 206.09988403320312 258.65728759765625 0.3934288 1.6940669 0.50862175 -8.085265 1.4724298 13.9872675 2.060755729675293 0.298252671957016
Pedestrian 0.0 0 -3.204777479171753 691.8150024414062 173.60658264160156 708.5439453125 221.50619506835938 0.50728554 1.5718886 0.7004749 3.2617767 1.3139452 23.93813 -3.069352865219116 0.2534432113170624
Pedestrian 0.0 0 -2.158447265625 373.15008544921875 186.73446655273438 401.586669921875 219.80227661132812 1.7008811 1.8090878 0.70617753 -12.037245 2.1100023 40.368927 -2.4482343196868896 0.12155818939208984
Cyclist 0.0 0 1.7366191148757935 455.04302978515625 167.10079956054688 502.4755554199219 270.353515625 1.7103276 1.7437738 0.57495284 -2.230633 1.5018777 12.985311 1.5664982795715332 0.9533362984657288
Cyclist 0.0 0 1.6418111324310303 536.0123291015625 168.9544219970703 561.256591796875 239.44058227539062 1.6739792 1.7748654 0.5498724 -1.4086123 1.460146 18.923191 1.5675097703933716 0.913048267364502
Cyclist 0.0 0 1.5799933671951294 509.26605224609375 166.7467803955078 529.7304077148438 227.3769073486328 1.7914685 1.7855725 0.59980094 -2.5392995 1.3522167 22.074835 1.4654653072357178 0.8639415502548218
Cyclist 0.0 0 1.7037827968597412 367.1177062988281 187.8303985595703 385.8310546875 227.64076232910156 1.4058493 1.5379977 0.5348409 -9.003799 1.7986252 28.721348 1.3999979496002197 0.3741860091686249
Cyclist 0.0 0 -2.158447265625 373.15008544921875 186.73446655273438 401.586669921875 219.80227661132812 1.7008811 1.8090878 0.70617753 -12.037245 2.1100023 40.368927 -2.4482343196868896 0.3259546160697937
Cyclist 0.0 0 2.0224878787994385 302.5931091308594 154.2277374267578 346.71356201171875 219.89344787597656 1.1006374 1.8447086 0.7905499 -8.01315 1.0797118 20.758444 1.6540920734405518 0.1191590204834938
Car 0.0 0 -1.3599988222122192 518.7901611328125 176.00384521484375 554.0189819335938 200.50816345214844 3.429022 1.4888079 1.5375521 -4.0677195 1.1556267 45.43633 -1.4492864608764648 0.35950198769569397
Car 0.0 0 2.234592914581299 343.33978271484375 185.86361694335938 459.2453308105469 233.0108642578125 4.2255993 1.462386 1.6139055 -6.845286 1.6287602 24.956112 1.9668840169906616 0.3246966004371643
