Pedestrian 0.0 0 0.5722123980522156 168.8282012939453 180.32522583007812 277.87738037109375 334.39007568359375 0.8812386 1.7009424 0.6967037 -4.4007998 1.6893271 8.312745 0.08531928062438965 0.714904248714447
Pedestrian 0.0 0 -1.9440281391143799 870.0271606445312 142.71531677246094 1000.0781860351562 374.0 0.7166708 1.7848891 0.65863055 2.4063208 1.5167595 5.363338 -1.522288203239441 0.7148128151893616
Pedestrian 0.0 0 2.292752981185913 947.7926025390625 154.6880340576172 1009.4683227539062 266.5746154785156 0.64439327 1.6716902 0.5578002 5.783462 1.2724016 11.106266 2.7728536128997803 0.6520040035247803
Pedestrian 0.0 0 0.3586779832839966 998.0426025390625 113.17733001708984 1103.1546630859375 290.03936767578125 0.8046357 1.8843099 0.75811803 5.0752726 1.1577513 8.200739 0.9128642082214355 0.18647818267345428
Pedestrian 0.0 0 1.0366346836090088 0.0 108.1689453125 147.51991271972656 374.0 0.6939701 1.8220868 0.6836531 -2.9659343 1.490348 3.7035034 0.36137843132019043 0.1861535608768463
Pedestrian 0.0 0 -3.2048466205596924 1065.01220703125 169.6179656982422 1161.166748046875 347.4211120605469 0.7422551 1.6755762 0.72795457 5.0978317 1.5649772 7.270868 -2.5933618545532227 0.13028161227703094
Cyclist 0.0 0 0.7505080103874207 972.091552734375 109.49594116210938 1141.5443115234375 298.0399475097656 1.5673732 1.9174076 0.68930286 5.0414567 1.1865243 8.149286 1.3045191764831543 0.32593801617622375
Car 0.0 0 -2.3581433296203613 922.6074829101562 143.83224487304688 1020.4967041015625 185.2088623046875 3.6071322 1.6491839 1.6195716 15.649837 0.14883038 30.594296 -1.885316014289856 0.2703031897544861
Car 0.0 0 -0.5660189390182495 0.0 0.0 1238.0 374.0 4.0483 1.4914069 1.6333649 -3.0989418 1.7285687 1.5108855 -1.6831780672073364 0.22427447140216827
Car 0.0 0 -1.1491190195083618 1003.1793823242188 165.992919921875 1238.0 308.3927917480469 3.6930823 1.4977093 1.6070846 6.974851 1.3359727 9.139627 -0.4972588121891022 0.1828346997499466
Car 0.0 0 1.789413571357727 44.28486633300781 177.9331512451172 144.04945373535156 237.20230102539062 3.5172865 1.4668657 1.5007123 -13.802967 1.3797766 19.68755 1.1779488325119019 0.15528027713298798
