Cyclist 0.0 0 0.22428153455257416 616.0116577148438 143.63479614257812 664.1491088867188 198.4207000732422 1.4940801 1.7620366 0.54484856 0.9434167 0.8226399 23.661518 0.2641317844390869 0.3072371780872345
Car 0.0 0 -2.115605592727661 789.82470703125 180.41119384765625 1224.7957763671875 375.0 3.4843855 1.5241047 1.6062859 2.913689 1.6094323 6.289496 -1.6817773580551147 0.9610121846199036
Car 0.0 0 -1.8267090320587158 611.2212524414062 180.7766571044922 692.7530517578125 237.94223022460938 3.333262 1.4848628 1.5599433 1.093355 1.7357694 21.02528 -1.7747539281845093 0.9383173584938049
Car 0.0 0 -1.0280917882919312 808.0947265625 172.4779510498047 866.8554077148438 201.6165008544922 3.3289375 1.4879644 1.4861729 12.124728 1.4691198 38.50116 -0.7230051159858704 0.8543552756309509
Car 0.0 0 2.3842248916625977 549.96044921875 178.2773895263672 624.810791015625 209.53109741210938 3.6771004 1.4649291 1.5957751 -1.137966 1.752423 36.331753 2.3529136180877686 0.8400217890739441
Car 0.0 0 -0.9138757586479187 679.7265625 173.4070587158203 759.3222045898438 208.68165588378906 3.7761257 1.4995078 1.5799026 4.950083 1.5262967 32.60427 -0.7632032632827759 0.7991935610771179
Car 0.0 0 -1.0662243366241455 746.5916137695312 172.5946502685547 817.2459716796875 204.01803588867188 4.1124697 1.460593 1.6028925 8.49167 1.4488963 35.59497 -0.8320378065109253 0.7303770780563354
Car 0.0 0 -0.07470130920410156 966.2999267578125 165.98825073242188 1065.85107421875 200.30706787109375 3.8652678 1.5014358 1.630433 18.492968 1.2014194 33.11737 0.4345734119415283 0.42707833647727966
Car 0.0 0 -1.143766164779663 852.5030517578125 168.32449340820312 909.0479125976562 197.2442169189453 3.7554731 1.576932 1.6169223 15.472394 1.3303053 41.24019 -0.7848398089408875 0.4245237112045288
Car 0.0 0 -1.0503780841827393 939.402099609375 169.5868377685547 993.7406616210938 193.35873413085938 3.6566105 1.5135127 1.6117678 23.519192 1.3058567 47.62487 -0.5916685461997986 0.30613067746162415
