Pedestrian 0.0 0 -1.4210957288742065 276.2862548828125 173.48902893066406 319.37005615234375 261.9725341796875 1.0961298 1.7318242 0.65448076 -6.3017993 1.5962343 14.447637 -1.8323993682861328 0.6264827847480774
Pedestrian 0.0 0 2.868194103240967 509.564697265625 164.02951049804688 521.7884521484375 186.5317840576172 0.9362459 1.9231137 0.5265242 -7.6693945 0.51669097 60.846 2.742809295654297 0.3127487003803253
Pedestrian 0.0 0 -1.3589670658111572 881.7241821289062 152.00375366210938 899.3214111328125 190.42388916015625 0.9292623 1.7884756 0.59086967 13.499214 0.4634146 33.45887 -0.9754841327667236 0.27843886613845825
Pedestrian 0.0 0 0.0421907901763916 993.6057739257812 107.42955017089844 1063.783447265625 251.41001892089844 0.8130476 1.9017608 0.50546354 5.8080745 0.9382854 9.767962 0.5786335468292236 0.21655802428722382
Pedestrian 0.0 0 -1.3818349838256836 115.99164581298828 149.64170837402344 137.3417510986328 190.33587646484375 0.8851239 1.9695389 0.71741116 -23.528555 0.47748244 34.76343 -1.9768333435058594 0.17609365284442902
Pedestrian 0.0 0 0.6976234316825867 130.8233642578125 144.9322509765625 212.30059814453125 288.14215087890625 0.7406611 1.9231493 0.6248605 -6.075843 1.4471856 9.852576 0.14503264427185059 0.13544222712516785
Pedestrian 0.0 0 1.136364459991455 985.1610107421875 148.94195556640625 1007.958740234375 189.97386169433594 0.7200132 1.934361 0.71320814 18.649246 0.4480737 33.71169 1.6416597366333008 0.12818051874637604
Cyclist 0.0 0 -1.937983512878418 983.2472534179688 148.1332550048828 1029.52197265625 212.4797821044922 1.8170303 1.5904163 0.41684422 10.381335 0.7920225 18.399958 -1.4243003129959106 0.5979048609733582
Cyclist 0.0 0 -0.17707185447216034 768.2977905273438 158.34500122070312 800.9700317382812 190.31427001953125 1.741375 1.8195124 0.5846059 10.297719 0.55995774 40.58998 0.07138705253601074 0.1854977309703827
Cyclist 0.0 0 -0.9491989016532898 875.8872680664062 144.7220458984375 901.4030151367188 183.90673828125 1.0217787 1.8222004 0.6454609 13.392728 0.15987621 33.421738 -0.5680727958679199 0.11064832657575607
Car 0.0 0 -0.340758353471756 872.0238037109375 161.70358276367188 998.2824096679688 207.7281494140625 3.4812121 1.4685091 1.5446866 10.855256 0.87031966 23.484255 0.0922238826751709 0.913137674331665
Car 0.0 0 -0.8041526079177856 0.0 197.57168579101562 289.0982971191406 370.0 3.677867 1.4809082 1.5461286 -3.2304883 1.6114178 3.4769027 -1.5528295040130615 0.8814932703971863
Car 0.0 0 1.5542190074920654 94.90791320800781 178.3887176513672 124.04015350341797 202.23934936523438 3.9499679 1.5630504 1.5638517 -33.937244 1.426015 48.388905 0.9425919055938721 0.1483488231897354
