Car 0.0 0 -0.4022824168205261 751.8672485351562 189.66343688964844 989.7724609375 282.904296875 3.5412893 1.4581826 1.5958319 4.3648376 1.7717191 12.52569 -0.06697053462266922 0.9782170057296753
Car 0.0 0 3.6009836196899414 53.56177520751953 185.9047393798828 326.72161865234375 271.0069885253906 4.163565 1.4593648 1.6284908 -7.787727 1.7227031 13.597583 3.080857992172241 0.9502708315849304
Car 0.0 0 3.3107378482818604 183.13723754882812 175.61248779296875 348.4519958496094 245.09942626953125 3.5874424 1.6445084 1.636844 -8.703094 1.7202448 18.444141 2.8698527812957764 0.91545569896698
Car 0.0 0 3.5215468406677246 132.27975463867188 180.41732788085938 330.5165100097656 249.75062561035156 3.6417205 1.4479015 1.5140189 -8.425183 1.6279281 16.20331 3.042053699493408 0.8035232424736023
Car 0.0 0 0.780936062335968 0.0 187.02041625976562 174.76287841796875 335.8925476074219 4.40193 1.5188347 1.677865 -7.8378677 1.7028689 8.442136 0.0326380729675293 0.7920987010002136
Car 0.0 0 -1.8586562871932983 449.9804992675781 184.10716247558594 487.0238952636719 207.58197021484375 3.6241198 1.5359299 1.6058143 -10.078003 2.3638299 51.08046 -2.0534510612487793 0.7030596733093262
Car 0.0 0 -0.3614882528781891 711.4871826171875 195.0237579345703 917.9740600585938 275.2558288574219 3.8150103 1.5043544 1.6346077 4.134253 1.9982126 15.066574 -0.09368085116147995 0.6135040521621704
Car 0.0 0 0.3038572072982788 240.52622985839844 179.30953979492188 382.1724548339844 241.27584838867188 3.5190382 1.7137734 1.555363 -8.679412 1.9109921 21.073069 -0.08684176951646805 0.5287134647369385
Car 0.0 0 -1.3775640726089478 1052.80908203125 192.6431121826172 1119.374267578125 230.72654724121094 4.2086396 1.4730406 1.7025654 21.238976 2.413681 32.183525 -0.7942376136779785 0.46934783458709717
Car 0.0 0 3.2201132774353027 274.1146240234375 172.35316467285156 387.5118103027344 217.6907958984375 3.8829973 1.6313045 1.7059492 -10.511194 1.6136421 27.329426 2.8529434204101562 0.41244247555732727
