Car 0.0 0 -0.304737389087677 740.3386840820312 182.8126983642578 911.060302734375 243.99404907226562 4.089675 1.5508871 1.6984224 5.6778855 1.8323168 19.469816 -0.020981669425964355 0.9689632058143616
Car 0.0 0 3.4660942554473877 148.6201934814453 175.12193298339844 394.6247253417969 263.7604675292969 4.020897 1.5923724 1.6443198 -6.4628873 1.6401253 14.044086 3.034802198410034 0.9201337099075317
Car 0.0 0 0.6458864808082581 0.0 186.22850036621094 330.6981506347656 323.80517578125 4.0108504 1.5339748 1.6427584 -5.934677 1.7227074 9.194919 0.07273054122924805 0.9128900766372681
Car 0.0 0 -0.8180640339851379 1017.9451904296875 205.6673126220703 1242.0 374.54864501953125 3.7258174 1.4426622 1.5789773 6.471324 1.8304243 7.530023 -0.10813633352518082 0.8933255076408386
Car 0.0 0 -1.6635775566101074 637.0489501953125 182.50559997558594 676.4197998046875 213.94290161132812 3.5454385 1.3456361 1.5066535 2.101129 1.8218831 33.778942 -1.6014552116394043 0.8906062841415405
Car 0.0 0 -0.5998482704162598 916.2830810546875 180.10848999023438 1242.0 304.6204833984375 3.6972635 1.5228477 1.6313593 6.2985992 1.6303905 9.790552 -0.028173141181468964 0.8889020085334778
Car 0.0 0 0.22607778012752533 375.8162536621094 182.1233367919922 497.9991760253906 223.43003845214844 4.254081 1.4994248 1.6371338 -6.54623 1.8625727 27.400818 -0.008432883769273758 0.8836610913276672
Car 0.0 0 -2.7468535900115967 279.8513488769531 184.26150512695312 447.0259704589844 242.92776489257812 3.9216876 1.4639375 1.5819644 -6.561023 1.7837003 19.28 -3.0748627185821533 0.817423939704895
Car 0.0 0 0.5730921030044556 65.48491668701172 189.76654052734375 370.6680908203125 290.4493408203125 4.117709 1.4377388 1.551052 -6.201985 1.7309934 11.554553 0.08047318458557129 0.816387951374054
Car 0.0 0 0.8261474370956421 0.0 192.9306640625 207.52989196777344 375.0 4.2404222 1.4608861 1.5994219 -6.4640064 1.6815077 6.9525943 0.07714986801147461 0.7654010057449341
