Pedestrian 0.0 0 0.6838750839233398 464.2826843261719 169.4765167236328 478.52374267578125 194.1033935546875 1.0145386 1.869629 0.45045558 -10.216154 1.0340052 54.112892 0.49727797508239746 0.3419172167778015
Pedestrian 0.0 0 0.3546675443649292 469.0394287109375 173.29383850097656 481.9605712890625 196.22499084472656 0.8680544 1.7779962 0.51177704 -10.088042 1.2205055 55.14403 0.17372846603393555 0.31253355741500854
Pedestrian 0.0 0 1.5458699464797974 905.6944580078125 170.35232543945312 946.9741821289062 278.5904235839844 0.73744947 1.6197053 0.56387377 4.9533973 1.469514 11.024604 1.9681447744369507 0.25167036056518555
Pedestrian 0.0 0 1.1454190015792847 823.7345581054688 145.5994415283203 845.3861694335938 186.31317138671875 0.90992326 1.8708501 0.64074075 10.683035 0.26857942 32.972813 1.4587419033050537 0.21510601043701172
Pedestrian 0.0 0 -2.322075843811035 916.9732666015625 153.47264099121094 944.1956787109375 208.5152130126953 0.5975751 1.8446018 0.5931278 11.051861 0.9403919 24.066916 -1.8915860652923584 0.17465727031230927
Pedestrian 0.0 0 2.6499292850494385 901.4994506835938 110.55742645263672 1008.3699340820312 266.5461120605469 1.0075307 1.8084532 0.5544245 4.134731 0.9992583 8.488532 3.103200674057007 0.16596117615699768
Cyclist 0.0 0 -1.167070746421814 413.7416687011719 176.8076934814453 432.0853576660156 205.53375244140625 1.6986173 1.664951 0.4198825 -10.773653 1.452324 41.846607 -1.4190542697906494 0.40432068705558777
Cyclist 0.0 0 -1.95380699634552 1048.7440185546875 77.41568756103516 1224.0 370.0 1.7179358 1.8657657 0.5255095 3.7081378 1.264716 5.0267677 -1.3182384967803955 0.2165111005306244
Cyclist 0.0 0 3.1043307781219482 597.72314453125 165.6151885986328 621.4600219726562 189.66400146484375 1.8034264 1.8371975 0.56080264 0.35864523 0.70133525 54.317616 3.110933542251587 0.19138525426387787
Cyclist 0.0 0 1.547102689743042 902.7614135742188 160.0488739013672 947.4097900390625 275.6190490722656 0.8322914 1.724206 0.61130023 4.940679 1.4207547 11.0455265 1.9677101373672485 0.10487066954374313
Car 0.0 0 -1.4723775386810303 537.763916015625 170.87225341796875 565.6268920898438 192.9127655029297 3.7865744 1.4808918 1.5794219 -3.6849673 0.83532494 49.412968 -1.5468146800994873 0.6273365020751953
Car 0.0 0 2.696664333343506 838.1874389648438 150.34091186523438 933.0173950195312 180.8842315673828 4.095282 1.4773823 1.5840243 13.883564 0.02002607 35.125366 3.073075771331787 0.48727473616600037
Car 0.0 0 -0.26059988141059875 766.3329467773438 157.74049377441406 838.946533203125 181.30418395996094 4.335645 1.5260241 1.6311709 12.991194 0.053412724 46.62439 0.011142730712890625 0.3098362982273102
Car 0.0 0 -0.5156700611114502 804.6261596679688 146.8633270263672 897.228515625 176.89967346191406 4.3392982 1.5067937 1.6100206 12.809247 -0.19271548 36.93308 -0.18182820081710815 0.2793947458267212
Car 0.0 0 2.169926166534424 95.970947265625 178.77513122558594 181.75161743164062 214.0928497314453 3.3774416 1.5197659 1.6348265 -21.098562 1.4470179 32.123383 1.5887870788574219 0.18641851842403412
Car 0.0 0 2.4547202587127686 17.0384578704834 192.98716735839844 160.52117919921875 246.89212036132812 3.1982112 1.4068576 1.528172 -15.227934 1.8100216 20.994799 1.8272027969360352 0.1731514185667038
