Pedestrian 0.0 0 1.0783562660217285 864.9555053710938 163.80714416503906 892.8573608398438 210.66810607910156 0.90603846 1.8248794 0.6883909 10.606515 1.4729313 28.591537 1.4335863590240479 0.6248881816864014
Pedestrian 0.0 0 -1.8142286539077759 657.739501953125 174.7744903564453 672.283447265625 207.5673828125 0.7717956 1.6838732 0.5844518 2.8210747 1.7852654 37.527004 -1.7391952276229858 0.3450130224227905
Pedestrian 0.0 0 1.3207427263259888 331.3392639160156 161.27572631835938 353.00738525390625 210.9695587158203 0.6097967 1.9296838 0.6705581 -10.60739 1.4804403 28.45726 0.9639477729797363 0.14249512553215027
Pedestrian 0.0 0 1.502615213394165 345.04412841796875 164.32162475585938 358.83648681640625 212.17831420898438 0.28200755 1.970024 0.5204611 -10.748386 1.6191458 29.932981 1.1578727960586548 0.1365821659564972
Car 0.0 0 1.8663229942321777 300.0604553222656 191.1344451904297 525.6444702148438 343.463623046875 3.8831937 1.457362 1.6913538 -2.3162603 1.7451863 9.36006 1.6237343549728394 0.9700744152069092
Car 0.0 0 1.7387895584106445 554.8380126953125 180.4319610595703 613.9044189453125 227.71524047851562 3.6165876 1.5637674 1.5735077 -0.9112484 1.8609759 26.365088 1.7042406797409058 0.9542127251625061
Car 0.0 0 1.7318241596221924 689.712158203125 173.65341186523438 719.3975830078125 195.6597137451172 4.159379 1.5898921 1.578566 7.1529613 1.6530997 54.506264 1.8623104095458984 0.17335878312587738
Car 0.0 0 1.8736854791641235 542.6294555664062 176.81846618652344 570.5762939453125 193.29995727539062 3.7926502 1.4472975 1.5013318 -4.89696 1.8232882 66.34579 1.8000093698501587 0.16853724420070648
Car 0.0 0 1.7476516962051392 386.95562744140625 189.33465576171875 486.8480224609375 261.1981506347656 4.35981 1.5198637 1.7321748 -4.333458 1.9936109 18.499752 1.5175561904907227 0.12499400973320007
Car 0.0 0 1.925155758857727 389.6750183105469 183.7358856201172 468.80291748046875 224.99378967285156 4.4162707 1.4640058 1.6600608 -7.216004 1.9376626 29.09332 1.6820324659347534 0.12275619059801102
Car 0.0 0 1.5289558172225952 705.0963745117188 175.7660675048828 722.9113159179688 192.12564086914062 3.7438788 1.4935024 1.5141677 9.831713 1.7781417 68.49677 1.6715174913406372 0.12225374579429626
