Pedestrian 0.0 0 3.020167827606201 259.92474365234375 181.13687133789062 283.314208984375 221.76625061035156 0.86204374 1.7566116 0.6627203 -15.007698 2.129173 31.910736 2.580559253692627 0.23260515928268433
Pedestrian 0.0 0 -1.6605377197265625 1190.564208984375 119.72196197509766 1226.78173828125 191.64910888671875 0.5731301 1.9343156 0.7167783 16.405458 0.50580955 19.840384 -0.9696247577667236 0.19042915105819702
Pedestrian 0.0 0 -0.696045458316803 17.755176544189453 191.7032012939453 39.39373779296875 223.53443908691406 0.5711833 1.6716783 0.72446525 -31.184958 2.691107 38.656105 -1.3748753070831299 0.14854231476783752
Pedestrian 0.0 0 1.094716191291809 1070.2401123046875 129.45838928222656 1106.4442138671875 196.9553985595703 0.6566291 1.7988584 0.5819576 12.928488 0.6426827 19.58452 1.6781853437423706 0.13186015188694
Pedestrian 0.0 0 -1.8301103115081787 703.1571655273438 168.5356903076172 717.5462646484375 198.58636474609375 0.74765044 1.7767718 0.68100655 5.9539237 1.5218058 43.07129 -1.692746639251709 0.12811723351478577
Cyclist 0.0 0 0.016382962465286255 285.9651184082031 179.46815490722656 326.1922912597656 216.9582977294922 1.8175342 1.8086072 0.57793325 -15.031873 2.14115 35.627743 -0.3828715980052948 0.7337031960487366
Car 0.0 0 -1.6062506437301636 588.8178100585938 172.89219665527344 620.9069213867188 203.0093994140625 4.3348036 1.6016879 1.6407818 -0.37134558 1.6043104 40.577366 -1.6154019832611084 0.8726365566253662
Car 0.0 0 -2.8287835121154785 1106.969482421875 147.13003540039062 1217.48291015625 189.24191284179688 4.575627 2.220147 1.8353223 30.813341 0.8643321 40.439507 -2.177670955657959 0.23514153063297272
Car 0.0 0 1.7802660465240479 411.6580505371094 165.68585205078125 472.24652099609375 203.94375610351562 4.2171593 1.4842582 1.6182928 -6.9663115 1.2065195 30.11281 1.5529248714447021 0.22881758213043213
Car 0.0 0 3.4113738536834717 186.69189453125 179.21533203125 293.20184326171875 217.17913818359375 3.9430072 1.6183724 1.7160996 -16.571337 1.9153912 32.408432 2.9387049674987793 0.1693548709154129
Car 0.0 0 -1.964979887008667 759.4798583984375 155.31382751464844 825.6199340820312 198.98960876464844 4.3630247 2.136057 1.7877415 9.377798 1.2785758 37.575962 -1.7204068899154663 0.16586467623710632
Car 0.0 0 -0.17338788509368896 628.7559814453125 177.80206298828125 680.2342529296875 199.98658752441406 3.6253574 1.6223712 1.6956005 3.2977893 2.0021338 54.27683 -0.11270379275083542 0.11468491703271866
