Pedestrian 0.0 0 1.7495800256729126 712.9740600585938 165.9156951904297 736.0430297851562 219.12806701660156 0.7059187 1.8724891 0.70270246 4.0600767 1.6286952 25.836212 1.905452013015747 0.27098169922828674
Pedestrian 0.0 0 2.0868053436279297 363.0986633300781 171.89036560058594 427.44561767578125 280.60638427734375 1.0677816 1.8876687 0.6862556 -3.9380417 1.8712949 13.1224 1.79525625705719 0.22859933972358704
Pedestrian 0.0 0 1.5206570625305176 695.0298461914062 170.62167358398438 710.87060546875 212.81617736816406 0.9698525 1.8396777 0.6463403 4.072195 1.7427068 31.964493 1.6473718881607056 0.18230880796909332
Pedestrian 0.0 0 -3.2036187648773193 668.0199584960938 176.2642822265625 680.5975952148438 203.932373046875 0.80144256 1.8314122 0.5643201 4.256232 2.0606086 48.122063 -3.1154017448425293 0.1739138513803482
Pedestrian 0.0 0 0.5790965557098389 324.74371337890625 171.46365356445312 390.9042663574219 289.74072265625 0.77390426 1.7991234 0.6151774 -4.015789 1.7783324 11.363197 0.2393932342529297 0.12711603939533234
Pedestrian 0.0 0 -0.10261261463165283 1128.1798095703125 146.26065063476562 1242.0 375.0 0.5894217 1.7614667 0.5902227 4.01556 1.5875665 5.131977 0.5613405704498291 0.10485770553350449
Cyclist 0.0 0 2.4311037063598633 384.770263671875 201.10499572753906 472.6405944824219 307.8492126464844 1.5363306 1.7524267 0.5823117 -3.3059595 2.2954068 13.060031 2.183176040649414 0.1272757649421692
Car 0.0 0 -1.688912034034729 651.6961059570312 194.16148376464844 699.7884521484375 231.8881378173828 4.090453 1.4516362 1.6496168 2.8236723 2.463115 32.16748 -1.6013561487197876 0.8049272894859314
Car 0.0 0 2.954664707183838 655.8440551757812 178.02598571777344 703.9483642578125 196.8079376220703 3.621028 1.4739254 1.5971516 5.5839953 1.89771 58.109146 3.0504655838012695 0.31896787881851196
Car 0.0 0 -2.042036771774292 839.4764404296875 153.41249084472656 1242.0 375.0 3.3560817 1.6180779 1.5735689 3.1011798 1.5064311 5.8449583 -1.5542305707931519 0.16266889870166779
Car 0.0 0 1.2246228456497192 551.0506591796875 192.29978942871094 589.4071044921875 214.2575225830078 4.0178957 1.5574672 1.7762448 -3.2212203 3.1603413 57.262486 1.1684285402297974 0.11917567253112793
Car 0.0 0 1.6098583936691284 546.8967895507812 196.39451599121094 581.7213745117188 226.93533325195312 4.2460194 1.5037465 1.810186 -2.577832 2.910895 40.97273 1.547025442123413 0.11716435849666595
