Cyclist 0.0 0 1.7095974683761597 499.2304992675781 178.61441040039062 523.7631225585938 234.15663146972656 1.8011224 1.7705326 0.5709809 -3.3183806 1.970397 24.0859 1.5726866722106934 0.9220374226570129
Car 0.0 0 3.5819029808044434 31.68472671508789 183.61024475097656 341.3385925292969 283.02557373046875 4.2459044 1.5254624 1.67438 -7.0525265 1.7240862 12.29171 3.0609989166259766 0.9744247198104858
Car 0.0 0 -1.7168142795562744 629.8289794921875 180.59498596191406 680.4814453125 216.46810913085938 4.1157193 1.4399227 1.6451693 1.8928088 1.8063426 31.99638 -1.6577261686325073 0.9416292905807495
Car 0.0 0 2.7657992839813232 758.3818359375 187.47804260253906 958.0946655273438 256.162353515625 3.9854076 1.4385288 1.5835859 5.493261 1.7891731 16.385178 3.0892810821533203 0.9068238139152527
Car 0.0 0 -2.4068288803100586 0.0 191.01174926757812 217.4681396484375 346.5994567871094 4.076762 1.4605232 1.5986856 -6.7699447 1.6785867 7.807472 -3.121173143386841 0.8745818734169006
Car 0.0 0 -0.5346499085426331 881.8905639648438 186.9077606201172 1182.0380859375 292.51922607421875 3.686501 1.4649698 1.577799 6.25437 1.6966821 11.050372 -0.01961527019739151 0.8714411854743958
Car 0.0 0 2.6765739917755127 795.1514892578125 189.60342407226562 1055.1800537109375 277.9186096191406 4.20694 1.503906 1.6406959 5.766328 1.8421311 13.5988865 3.077622175216675 0.8669636249542236
Car 0.0 0 3.3785879611968994 358.8464050292969 183.18902587890625 482.9494934082031 224.47219848632812 4.0877457 1.4228171 1.5803307 -6.815589 1.8090125 26.106857 3.123222589492798 0.8659033179283142
Car 0.0 0 -0.6129536628723145 943.4163818359375 194.8333282470703 1242.0 337.5150451660156 3.9155748 1.4688392 1.5669901 6.193517 1.752895 8.49365 0.017097949981689453 0.8620355129241943
Car 0.0 0 -0.34293267130851746 754.7843017578125 174.21505737304688 912.0349731445312 234.0551300048828 3.588223 1.4824814 1.5764666 5.6932425 1.5199331 18.787079 -0.048688918352127075 0.8232859373092651
Car 0.0 0 -0.7767689824104309 1092.052490234375 197.1640625 1242.0 375.0 3.9101148 1.524303 1.6685002 6.284061 1.7483952 5.6915274 0.05806732177734375 0.8084425926208496
Car 0.0 0 3.868912935256958 0.0 200.5669403076172 101.02835845947266 375.0 4.159112 1.4646332 1.6098267 -6.5269814 1.7125292 5.3163543 2.9816484451293945 0.7575786709785461
Car 0.0 0 -2.83004093170166 386.5614013671875 180.68028259277344 496.2297058105469 218.1559295654297 4.002119 1.4334576 1.5372094 -6.753742 1.7575643 28.914917 -3.059500217437744 0.7485625743865967
