Car 0.0 0 1.8522932529449463 251.7691650390625 192.67303466796875 491.8143310546875 351.7989501953125 4.482135 1.4437807 1.6594715 -2.7681112 1.7627311 9.349741 1.5644524097442627 0.978626012802124
Car 0.0 0 -1.67915940284729 656.7483520507812 180.65228271484375 716.6342163085938 231.86074829101562 3.5928316 1.593799 1.6503807 2.5178323 1.8817596 24.80545 -1.578002691268921 0.9619415998458862
Car 0.0 0 1.6544688940048218 498.7663879394531 186.74642944335938 554.5322265625 235.0949249267578 3.4526908 1.4482969 1.5871122 -2.7924278 1.9515448 24.366379 1.5403649806976318 0.9457245469093323
Car 0.0 0 1.0948407649993896 781.9534301757812 205.77978515625 1242.0 375.0 3.928497 1.472058 1.6687052 2.4753754 1.7919451 5.020581 1.5529093742370605 0.9308608770370483
Car 0.0 0 1.225147008895874 726.5537719726562 183.8226776123047 915.0033569335938 312.91998291015625 3.403885 1.5118359 1.5059094 2.8032308 1.6986917 10.505731 1.485900640487671 0.917680561542511
Car 0.0 0 1.701602578163147 550.0425415039062 185.5967254638672 579.8536987304688 210.8922119140625 3.6295772 1.5777653 1.5516497 -3.0374188 2.471918 48.74339 1.6393685340881348 0.5940365195274353
Car 0.0 0 -1.6698580980300903 635.4329223632812 179.40003967285156 666.206787109375 207.57122802734375 4.0027795 1.790361 1.684074 2.6911051 2.2522771 48.836018 -1.6148087978363037 0.3963521718978882
Car 0.0 0 1.6585767269134521 531.5248413085938 182.0126495361328 551.9528198242188 199.03909301757812 3.7296035 1.45616 1.5295488 -6.19842 2.3127918 65.58672 1.5643492937088013 0.38739320635795593
Car 0.0 0 -1.6388846635818481 643.5440673828125 180.3398895263672 683.7139282226562 217.11830139160156 3.9314504 1.6186196 1.6404781 2.4725282 1.9975922 34.522026 -1.567384958267212 0.35032856464385986
Car 0.0 0 -1.6944690942764282 648.9863891601562 183.8373260498047 697.04638671875 223.4194793701172 3.4409409 1.470282 1.5335435 2.4803052 1.9466634 29.519463 -1.6106432676315308 0.33663129806518555
