Car 0.0 0 -1.779355525970459 717.9832763671875 187.834228515625 875.4883422851562 302.0723571777344 3.96675 1.4241487 1.5666994 2.710307 1.7052187 11.517504 -1.5482397079467773 0.9822264909744263
Car 0.0 0 -1.3115637302398682 312.8979797363281 193.0125274658203 487.5615539550781 309.12615966796875 4.1742053 1.401507 1.6082659 -3.151257 1.7824466 11.526295 -1.5784392356872559 0.9584614634513855
Car 0.0 0 -1.78617525100708 684.9754028320312 191.76475524902344 794.7698364257812 270.0966491699219 4.0717416 1.5006806 1.6547263 2.8404348 1.9982793 16.895594 -1.619615912437439 0.9548341035842896
Car 0.0 0 1.9679490327835083 17.250408172607422 200.699951171875 427.8681945800781 375.0 3.6785 1.3362502 1.6539341 -2.8543963 1.6479403 6.197791 1.536355972290039 0.9547484517097473
Car 0.0 0 -1.437740445137024 493.5153503417969 187.06985473632812 556.6881103515625 236.19703674316406 3.858958 1.4545019 1.623421 -2.8356678 1.9744835 24.427805 -1.5533068180084229 0.938753068447113
Car 0.0 0 -1.77665114402771 659.0665893554688 185.97613525390625 737.8369750976562 240.53273010253906 3.9002628 1.4456916 1.6065849 2.561271 1.8846794 22.101156 -1.6612772941589355 0.9033084511756897
Car 0.0 0 -1.7230687141418457 653.8861694335938 177.44252014160156 714.47314453125 226.95860290527344 3.7055023 1.6723497 1.6630577 2.6169024 1.8540168 26.612722 -1.6250510215759277 0.8411464691162109
Car 0.0 0 1.63825261592865 532.4048461914062 182.14984130859375 569.8840942382812 216.80191040039062 3.9856892 1.5476366 1.5635867 -2.86595 2.028631 35.300743 1.5572435855865479 0.8132016062736511
Car 0.0 0 -1.6922404766082764 631.1090087890625 182.3611297607422 663.0455322265625 208.6649932861328 3.6450644 1.5249795 1.5540864 2.2441134 2.1437337 45.05658 -1.6424750089645386 0.7751304507255554
Car 0.0 0 1.5999666452407837 563.5430908203125 182.859619140625 584.1228637695312 201.42422485351562 3.996783 1.4857569 1.6504234 -3.0976763 2.3728893 61.93039 1.5499895811080933 0.6314843893051147
