Pedestrian 0.0 0 2.077493906021118 454.3976745605469 159.6547088623047 508.96478271484375 266.56732177734375 0.8605456 1.8739051 0.6474378 -2.2139504 1.4922885 13.101447 1.9100902080535889 0.8397048115730286
Pedestrian 0.0 0 1.5961575508117676 535.4097290039062 163.9663543701172 554.4448852539062 216.10232543945312 0.9895758 1.840878 0.6607523 -2.0508118 1.2228382 25.873013 1.5170583724975586 0.7979142069816589
Pedestrian 0.0 0 0.8787984848022461 844.4615478515625 141.40318298339844 935.085693359375 286.259765625 0.7439641 1.7010401 0.7356623 3.5118687 1.2315323 8.900656 1.2546089887619019 0.7955271601676941
Pedestrian 0.0 0 -1.7080888748168945 554.2882690429688 165.8277130126953 578.0403442382812 219.19467163085938 0.9930043 1.7582773 0.6677616 -1.2206116 1.2430112 24.21439 -1.7584547996520996 0.7503119707107544
Pedestrian 0.0 0 2.0833418369293213 557.6055908203125 161.8636016845703 613.2431640625 265.1496276855469 0.6693057 1.7570956 0.7522088 -0.31954575 1.424324 12.689475 2.0581653118133545 0.716751217842102
Pedestrian 0.0 0 2.0665292739868164 734.8978271484375 141.69573974609375 796.260009765625 253.43267822265625 0.8035564 1.7923697 0.7085792 2.7162051 1.1551642 12.055846 2.28813099861145 0.6392043232917786
Pedestrian 0.0 0 -1.24765145778656 289.4401550292969 188.39614868164062 380.0758361816406 342.15863037109375 0.76043504 1.6088083 0.73881876 -2.9725685 1.690192 7.941383 -1.6058202981948853 0.6145946383476257
Pedestrian 0.0 0 2.4423463344573975 593.6842651367188 166.03961181640625 621.1221313476562 213.66958618164062 0.7052829 1.665524 0.6806243 0.18954897 1.1259686 25.603157 2.44974946975708 0.5262304544448853
Pedestrian 0.0 0 1.402857780456543 589.2557983398438 164.49681091308594 608.073974609375 215.47427368164062 0.50543875 1.6927378 0.5549159 -0.12036789 1.129221 24.146824 1.397873044013977 0.522795557975769
Pedestrian 0.0 0 -2.680982828140259 370.1086730957031 181.39492797851562 423.5076599121094 271.6230163574219 0.85923415 1.7598447 0.5823748 -4.125821 1.7590469 14.371865 -2.960541248321533 0.5092679262161255
Pedestrian 0.0 0 -2.416823148727417 287.9589538574219 161.6183319091797 347.6361083984375 273.218994140625 0.622624 1.6755098 0.599986 -4.447642 1.3783238 11.169821 -2.795762777328491 0.4767788350582123
Pedestrian 0.0 0 -1.4224331378936768 571.5254516601562 167.271728515625 585.2582397460938 200.58570861816406 0.7393028 1.7780372 0.63900006 -1.2430303 1.019483 38.740673 -1.4545080661773682 0.3786280155181885
Pedestrian 0.0 0 -1.8592290878295898 608.82080078125 164.2471160888672 624.1904907226562 191.69406127929688 1.0599285 1.8090911 0.7544634 1.0118127 0.6725989 47.955322 -1.8381330966949463 0.3711704611778259
Pedestrian 0.0 0 -1.270611047744751 433.5121154785156 186.97402954101562 479.2099914550781 279.0149230957031 0.6604115 1.733059 0.7068395 -2.843883 1.8432455 13.9296665 -1.4720035791397095 0.36515459418296814
Pedestrian 0.0 0 1.0920087099075317 701.876708984375 146.51614379882812 729.1948852539062 200.56173706054688 0.75395435 1.8308661 0.6566716 3.9101481 0.6468179 24.79351 1.2484289407730103 0.3633851706981659
Pedestrian 0.0 0 1.1609255075454712 227.76890563964844 161.6403045654297 289.12811279296875 270.2125244140625 0.4870006 1.7515845 0.80129933 -5.7901955 1.4324827 12.048539 0.7129404544830322 0.29638341069221497
Pedestrian 0.0 0 2.3621675968170166 807.8237915039062 152.6101837158203 855.3968505859375 225.87158203125 0.93574125 1.713039 0.6037334 5.499849 1.0387256 17.275265 2.6703872680664062 0.2841677963733673
Pedestrian 0.0 0 -0.576736569404602 771.8893432617188 152.39151000976562 843.6765747070312 222.03106689453125 1.7446634 1.7004409 0.49634615 5.1478763 0.99086916 18.03135 -0.29863882064819336 0.12992407381534576
Cyclist 0.0 0 1.6545920372009277 508.6599426269531 167.24981689453125 540.1851196289062 244.28065490722656 1.7992615 1.6644946 0.5726107 -1.7772175 1.3578002 16.42552 1.5468127727508545 0.8119807243347168
Cyclist 0.0 0 -0.576736569404602 771.8893432617188 152.39151000976562 843.6765747070312 222.03106689453125 1.7446634 1.7004409 0.49634615 5.1478763 0.99086916 18.03135 -0.29863882064819336 0.2748635411262512
Cyclist 0.0 0 -2.7320666313171387 368.2256774902344 180.9694061279297 425.22698974609375 272.1925964355469 0.9397959 1.7802223 0.5920424 -4.1255054 1.7711191 14.370126 -3.011636734008789 0.1712491661310196
Cyclist 0.0 0 2.3621675968170166 807.8237915039062 152.6101837158203 855.3968505859375 225.87158203125 0.93574125 1.713039 0.6037334 5.499849 1.0387256 17.275265 2.6703872680664062 0.10460704565048218
