Pedestrian 0.0 0 1.5693588256835938 410.547119140625 171.46994018554688 439.019287109375 236.7986297607422 1.1339643 1.7866743 0.758004 -5.2788754 1.7491798 20.37483 1.3158451318740845 0.45851969718933105
Cyclist 0.0 0 1.6506106853485107 580.8004760742188 171.32432556152344 603.1544799804688 229.50816345214844 1.7046101 1.7475644 0.56738085 -0.59608084 1.7019781 22.535013 1.6241655349731445 0.8061744570732117
Car 0.0 0 -1.6453098058700562 702.5811157226562 185.88035583496094 808.479248046875 288.832275390625 3.4478643 1.5670922 1.6065298 2.4867005 1.8390458 13.238715 -1.4596377611160278 0.9589947462081909
Car 0.0 0 0.4615621268749237 111.05887603759766 175.74581909179688 377.5439758300781 254.22286987304688 4.486935 1.4708555 1.6502695 -7.2033815 1.5323075 14.411333 -0.0019586272537708282 0.9308011531829834
Car 0.0 0 -1.8073030710220337 741.0840454101562 194.96731567382812 931.266357421875 362.1347351074219 2.8232949 1.5419399 1.4462252 2.412584 1.8462107 8.473654 -1.5299266576766968 0.9275685548782349
Car 0.0 0 1.7193728685379028 462.0694885253906 171.25457763671875 543.93115234375 235.1530303955078 4.148718 1.6448355 1.7121859 -2.992315 1.6040223 20.64897 1.5754611492156982 0.8884202837944031
Car 0.0 0 -1.432026743888855 517.4478149414062 179.94989013671875 568.8720092773438 220.2784881591797 3.7250168 1.4520231 1.5244735 -2.6214569 1.7517291 28.539785 -1.5236223936080933 0.8231001496315002
Car 0.0 0 1.555788278579712 638.1345825195312 176.3100128173828 665.971923828125 200.99630737304688 4.095229 1.4633024 1.6712515 2.5801184 1.6912407 45.43033 1.6125202178955078 0.6621057391166687
Car 0.0 0 1.9766607284545898 262.41583251953125 163.29104614257812 348.89093017578125 211.32424926757812 3.0830033 1.4479165 1.4731787 -9.780647 1.1600084 23.294939 1.5791504383087158 0.4073643088340759
Car 0.0 0 1.6170363426208496 573.6248168945312 170.12094116210938 594.551025390625 190.34072875976562 4.2472925 1.7409692 1.6698315 -2.2975967 1.5060036 64.25555 1.5812944173812866 0.38695526123046875
Car 0.0 0 -1.5703612565994263 635.4373779296875 172.79257202148438 654.591796875 190.20355224609375 4.1409874 1.4861294 1.6340199 3.0684226 1.4812431 63.692467 -1.522222876548767 0.34758830070495605
