Pedestrian 0.0 0 2.299980640411377 355.7501220703125 173.11068725585938 369.7825012207031 198.37013244628906 0.90645564 1.8927487 0.5378119 -18.73177 1.9127145 54.59642 1.9694703817367554 0.21514256298542023
Pedestrian 0.0 0 0.8894123435020447 534.447021484375 172.52210998535156 557.802978515625 214.39158630371094 0.9051519 1.8203899 0.58952594 -2.866354 1.8063183 31.898075 0.7997932434082031 0.10693321377038956
Cyclist 0.0 0 -1.9947636127471924 800.9247436523438 174.9669952392578 822.6695556640625 211.87648010253906 1.4525722 1.5725995 0.3469163 8.778947 1.6675946 31.569202 -1.7235307693481445 0.13010720908641815
Car 0.0 0 -1.5904018878936768 552.82177734375 172.4147186279297 711.6179809570312 318.01568603515625 3.9352472 1.5959326 1.7407216 0.18736622 1.5914755 9.874204 -1.571428894996643 0.9164905548095703
Car 0.0 0 -1.7127742767333984 570.5497436523438 187.4589080810547 650.9202880859375 250.92494201660156 3.7484498 1.4534373 1.6194247 -0.12479624 1.886533 19.402779 -1.7192060947418213 0.39178040623664856
Car 0.0 0 -1.5310207605361938 594.740966796875 170.436767578125 629.0508422851562 201.77891540527344 3.4426897 1.4718043 1.5607162 0.09565328 1.3586503 35.633057 -1.5283364057540894 0.38006412982940674
Car 0.0 0 1.1713708639144897 799.9241943359375 168.11300659179688 879.7529907226562 207.21714782714844 4.2342196 1.5229605 1.6596358 9.494353 1.3386745 30.28514 1.4751653671264648 0.20637550950050354
Car 0.0 0 1.4302417039871216 567.6918334960938 176.62014770507812 589.7269287109375 193.0883026123047 3.8332129 1.4731517 1.532904 -2.9722986 1.8363782 67.49286 1.3862314224243164 0.12636274099349976
Car 0.0 0 1.2925488948822021 621.7236328125 175.49449157714844 654.5867309570312 195.0811309814453 3.9618633 1.4330235 1.4867659 2.0982518 1.6440176 55.454777 1.3303680419921875 0.1244758665561676
Car 0.0 0 -1.170908808708191 572.1004028320312 173.78933715820312 611.28271484375 194.57479858398438 3.7839174 1.4931114 1.5884087 -1.3588272 1.5662159 54.064495 -1.1960369348526 0.12259320914745331
