Pedestrian 0.0 0 1.8114347457885742 401.8330383300781 171.83676147460938 428.7139587402344 230.1095733642578 0.98682827 1.8916812 0.64816344 -6.1880465 1.5790821 23.814114 1.5572092533111572 0.7529340386390686
Pedestrian 0.0 0 1.4891128540039062 547.4696044921875 168.9992218017578 570.1233520507812 220.40313720703125 0.9720497 1.8089937 0.7334702 -1.5611165 1.3701296 25.809914 1.4287012815475464 0.6062546968460083
Pedestrian 0.0 0 0.562391459941864 728.7857666015625 151.32469177246094 787.8765869140625 261.5072021484375 0.8140727 1.833476 0.5844006 2.673838 1.3326343 12.444214 0.7740395069122314 0.5355486869812012
Pedestrian 0.0 0 -0.47185447812080383 650.790283203125 205.62635803222656 750.815185546875 370.2788391113281 0.7561578 1.5732436 0.78831667 0.9727526 1.8435006 7.5053415 -0.34296494722366333 0.48307114839553833
Pedestrian 0.0 0 1.0395861864089966 631.3961181640625 150.22634887695312 699.2727661132812 275.9888610839844 0.6067184 1.7949823 0.81082517 0.90311486 1.3499352 10.698829 1.1237990856170654 0.4354986548423767
Pedestrian 0.0 0 -2.890774726867676 488.1883239746094 173.9907684326172 506.04254150390625 203.74081420898438 0.9082331 1.7191586 0.6064303 -6.074774 1.2860087 41.85752 -3.034898281097412 0.41339460015296936
Pedestrian 0.0 0 -1.7391167879104614 527.70458984375 174.05618286132812 550.364013671875 222.57794189453125 0.82641214 1.7010278 0.6760935 -2.2570925 1.4411321 25.665417 -1.8268340826034546 0.32821834087371826
Pedestrian 0.0 0 -1.0667016506195068 37.53351593017578 186.51820373535156 132.77481079101562 342.6685791015625 0.64078337 1.6766769 0.6431994 -5.840906 1.7370528 8.090375 -1.6920126676559448 0.303129106760025
Pedestrian 0.0 0 -0.3308897912502289 577.533935546875 167.7588653564453 617.999755859375 244.138427734375 0.83266747 1.8115275 0.5998528 -0.12757568 1.4868233 17.455524 -0.3381982743740082 0.28998491168022156
Pedestrian 0.0 0 -2.39340877532959 0.0 191.15853881835938 26.33045768737793 240.77708435058594 0.76471215 1.7193923 0.58537763 -20.915497 2.0652313 25.325804 -3.083718776702881 0.28644683957099915
Pedestrian 0.0 0 1.8751397132873535 762.5787963867188 139.1273651123047 800.7086791992188 231.53262329101562 0.5312849 1.7418908 0.5854228 3.4546409 0.94440234 13.9176035 2.118443250656128 0.27282413840293884
Pedestrian 0.0 0 1.281237244606018 558.7703247070312 177.86056518554688 597.9663696289062 247.2125701904297 1.6645999 1.8857813 0.66089284 -0.70460975 1.7879775 20.424149 1.2467520236968994 0.20407314598560333
Cyclist 0.0 0 1.281237244606018 558.7703247070312 177.86056518554688 597.9663696289062 247.2125701904297 1.6645999 1.8857813 0.66089284 -0.70460975 1.7879775 20.424149 1.2467520236968994 0.35079145431518555
Cyclist 0.0 0 1.8022390604019165 321.9421691894531 171.45297241210938 355.14154052734375 234.77659606933594 1.5425735 1.721599 0.54593176 -7.4512734 1.4496052 20.325386 1.4508535861968994 0.28661924600601196
Cyclist 0.0 0 1.7504990100860596 0.0 192.7716064453125 59.60866928100586 319.54315185546875 1.7914876 1.7160963 0.55521095 -8.703275 1.9013878 10.804232 1.0723872184753418 0.2612338066101074
Cyclist 0.0 0 2.856438159942627 689.8448486328125 175.5976104736328 781.8726196289062 244.37997436523438 1.9831811 1.5755856 0.8243936 3.120292 1.4415908 16.964367 3.038337230682373 0.2235839068889618
Cyclist 0.0 0 -3.332796096801758 724.6083374023438 153.20347595214844 797.6527099609375 261.6565856933594 1.1724081 1.85512 0.4858728 2.7341332 1.372381 12.541313 -3.1181445121765137 0.2099830061197281
Cyclist 0.0 0 1.8351976871490479 402.9731140136719 173.331787109375 430.4270935058594 231.1580047607422 0.99908185 1.879081 0.6459041 -6.1480527 1.6147455 23.843302 1.5828423500061035 0.20328165590763092
Cyclist 0.0 0 -1.6947959661483765 529.02734375 170.4414825439453 551.4088134765625 221.10546875 0.863201 1.7787265 0.6950184 -2.2191443 1.3915421 25.711494 -1.780892014503479 0.1286071538925171
Car 0.0 0 2.0603160858154297 0.0 194.61688232421875 347.7817687988281 374.0 4.2705326 1.424489 1.6036122 -4.009472 1.5928155 6.9829774 1.539099931716919 0.9699113368988037
