Pedestrian 0.0 0 -0.48451924324035645 997.9240112304688 168.2151336669922 1096.6654052734375 250.02932739257812 1.776236 1.7251098 0.529157 9.339533 1.6276541 15.526155 0.05702853202819824 0.24106009304523468
Cyclist 0.0 0 -0.48451924324035645 997.9240112304688 168.2151336669922 1096.6654052734375 250.02932739257812 1.776236 1.7251098 0.529157 9.339533 1.6276541 15.526155 0.05702853202819824 0.39496633410453796
Car 0.0 0 -1.973888635635376 815.511474609375 193.85081481933594 1103.2003173828125 354.9256591796875 4.127816 1.444447 1.636665 3.928764 1.7691647 9.075259 -1.565337896347046 0.9843877553939819
Car 0.0 0 -1.831194281578064 757.184814453125 182.80319213867188 880.4197998046875 266.5328369140625 3.4418108 1.469948 1.5574317 4.086177 1.6982836 14.802894 -1.5618623495101929 0.9733136892318726
Car 0.0 0 -1.7253801822662354 726.0272216796875 185.48550415039062 810.3695068359375 249.34786987304688 4.03341 1.50843 1.6399664 4.1982636 1.8934305 19.91136 -1.5175762176513672 0.9524793028831482
Car 0.0 0 1.7618680000305176 455.3756408691406 185.49342346191406 524.9508056640625 232.3216552734375 3.812644 1.4257575 1.6748596 -4.0958858 1.8967755 24.93625 1.5990674495697021 0.9202670454978943
Car 0.0 0 -1.7193418741226196 705.251220703125 181.18869018554688 767.9495239257812 230.5880889892578 3.783532 1.5642266 1.6123898 4.329246 1.8800116 25.39616 -1.5504963397979736 0.8584651350975037
Car 0.0 0 -2.4085144996643066 1031.0328369140625 178.10255432128906 1242.0 375.0 3.5884585 1.5068089 1.4927956 3.807337 1.5458853 3.516506 -1.5834269523620605 0.8536649942398071
Car 0.0 0 1.7353694438934326 497.2901611328125 186.0811004638672 544.3287963867188 223.51271057128906 3.3996136 1.4420184 1.4527304 -3.7874188 2.0377207 30.74444 1.612796664237976 0.6330625414848328
Car 0.0 0 -1.6918082237243652 690.631103515625 180.7786865234375 740.3705444335938 218.88558959960938 4.02062 1.468902 1.6033691 4.375305 1.8285017 30.679546 -1.5501502752304077 0.43119433522224426
Car 0.0 0 1.7125229835510254 516.3665771484375 182.5381317138672 558.6070556640625 215.20401000976562 3.8962533 1.4769992 1.549688 -3.577495 1.9840984 35.774185 1.6128522157669067 0.42359817028045654
