Pedestrian 0.0 0 -1.3873649835586548 812.2114868164062 160.53172302246094 868.6416015625 279.388671875 0.9091777 1.6838309 0.64777845 3.5355828 1.3880924 10.72828 -1.069016695022583 0.8725880980491638
Pedestrian 0.0 0 1.3047778606414795 706.4873046875 154.93756103515625 742.2356567382812 232.7305450439453 0.97828877 2.0225458 0.70642424 3.2421687 1.3331195 19.195002 1.4721055030822754 0.5084969401359558
Pedestrian 0.0 0 1.4795314073562622 457.0015869140625 143.33506774902344 484.1296691894531 213.96875 0.7332989 1.8616046 0.65368927 -3.566113 0.85690695 19.370916 1.297473669052124 0.25920554995536804
Pedestrian 0.0 0 2.8352363109588623 530.0341796875 154.58987426757812 544.8026733398438 188.11383056640625 0.6809788 1.8698517 0.5937597 -3.6090355 0.36970583 40.468754 2.746290922164917 0.2174687683582306
Pedestrian 0.0 0 1.9081194400787354 391.6468200683594 165.5011749267578 417.8935852050781 216.8878631591797 0.85777366 1.731456 0.6214899 -6.766039 1.1934601 24.65084 1.6402413845062256 0.1929120272397995
Cyclist 0.0 0 1.8896114826202393 387.02911376953125 154.99520874023438 466.5549011230469 297.2574768066406 1.668326 1.7738023 0.563312 -2.3858855 1.4446636 9.808015 1.6509875059127808 0.96494060754776
Cyclist 0.0 0 1.8983402252197266 244.35342407226562 149.09548950195312 370.0071105957031 351.0357360839844 1.8456049 1.7156687 0.57290274 -2.851588 1.4417484 7.0380197 1.5133856534957886 0.890399694442749
Cyclist 0.0 0 2.098170518875122 0.0 167.63677978515625 112.30255126953125 374.0 1.3855921 1.7264067 0.584446 -4.9011993 1.6237125 6.11931 1.4228566884994507 0.2146177589893341
Car 0.0 0 -0.2114223837852478 886.2557983398438 170.74615478515625 1057.4805908203125 236.56907653808594 3.3574634 1.4567767 1.5473095 8.629086 1.2199947 17.069817 0.25662922859191895 0.41648852825164795
Car 0.0 0 -1.812760353088379 768.7329711914062 152.3937530517578 820.08740234375 189.70858764648438 2.7832325 1.543379 1.5172437 8.294508 0.3405004 31.113886 -1.5522338151931763 0.3847510516643524
Car 0.0 0 1.3651673793792725 759.807861328125 182.24609375 836.8506469726562 232.1105194091797 4.1205025 1.4311161 1.5197943 6.1041584 1.4580225 22.775215 1.627030611038208 0.3576160967350006
Car 0.0 0 0.6046782732009888 1128.8983154296875 120.6139144897461 1238.0 335.7471008300781 3.9175684 1.6085907 1.6386368 7.849256 1.1547325 7.4294043 1.4175491333007812 0.24680951237678528
Car 0.0 0 1.4186891317367554 569.3869018554688 158.38743591308594 604.1558837890625 185.24391174316406 3.5031843 1.5626516 1.5931685 -0.9258605 0.21862009 43.65663 1.397484540939331 0.19116783142089844
