Cyclist 0.0 0 1.5826241970062256 544.9217529296875 169.543212890625 557.7844848632812 203.81948852539062 1.6861192 1.6912735 0.6304546 -2.993813 1.5282692 36.462727 1.5007017850875854 0.8903980255126953
Car 0.0 0 -1.9654161930084229 783.3073120117188 195.2123565673828 1128.7412109375 375.0 3.4418645 1.3412596 1.5563339 2.761731 1.6036742 6.729281 -1.5759721994400024 0.9833283424377441
Car 0.0 0 -0.43872904777526855 863.0692138671875 172.1983642578125 1170.47705078125 269.3421325683594 4.0816584 1.4641172 1.6237926 6.4041944 1.4545934 11.801753 0.05845189094543457 0.9381917715072632
Car 0.0 0 3.5641605854034424 146.7969970703125 177.89852905273438 393.9492492675781 257.0404357910156 4.0493083 1.4350646 1.582153 -6.502924 1.5390286 14.000591 3.1293346881866455 0.9208182096481323
Car 0.0 0 3.6568479537963867 33.771888732910156 175.94049072265625 316.9218444824219 271.97064208984375 3.641156 1.4375719 1.5280653 -6.9158897 1.4912081 11.651231 3.1211655139923096 0.9033486843109131
Car 0.0 0 2.809312582015991 733.974365234375 175.00015258789062 885.3750610351562 228.12403869628906 4.1734233 1.5576688 1.6677312 6.026669 1.6269721 22.204535 3.0743439197540283 0.8553259372711182
Car 0.0 0 3.4202282428741455 300.1889343261719 170.52499389648438 453.6191711425781 228.52944946289062 3.9544334 1.6204149 1.6644795 -6.7526774 1.5557098 21.048847 3.109790802001953 0.8500910401344299
Car 0.0 0 0.6815868616104126 0.0 169.57159423828125 325.1640319824219 312.1170959472656 4.0705223 1.613903 1.6273311 -6.024773 1.5770974 9.180955 0.10084795951843262 0.8467094302177429
Car 0.0 0 -0.49786654114723206 820.8172607421875 176.80776977539062 1042.0264892578125 255.23184204101562 3.7150354 1.444934 1.5791154 6.240369 1.5290577 14.335454 -0.08729562908411026 0.8397013545036316
Car 0.0 0 -2.7144551277160645 215.1127471923828 174.4893035888672 418.97540283203125 244.6414337158203 4.023969 1.5169724 1.6139154 -6.6635313 1.556843 16.536367 -3.0975124835968018 0.832502007484436
Car 0.0 0 -0.37652140855789185 713.2880249023438 175.92410278320312 835.0068359375 219.52377319335938 3.8277688 1.4422878 1.5336185 5.620445 1.5538143 25.069256 -0.1559716761112213 0.8120836615562439
Car 0.0 0 -0.3434082865715027 785.9913940429688 177.08168029785156 964.4525146484375 244.23634338378906 3.634638 1.505083 1.5985641 6.1273646 1.610176 17.070877 0.0012056827545166016 0.795346200466156
Car 0.0 0 -1.6755295991897583 634.3367309570312 174.28158569335938 671.7517700195312 203.66363525390625 4.1860633 1.5605226 1.6650146 2.3373597 1.6455398 40.656197 -1.618101954460144 0.7905003428459167
Car 0.0 0 3.2775638103485107 439.48211669921875 175.17453002929688 519.4486694335938 208.0601806640625 3.6213045 1.5431119 1.5658662 -6.293551 1.6582769 34.835323 3.0988261699676514 0.7590335011482239
Car 0.0 0 0.8185915350914001 0.0 175.8275909423828 216.2271728515625 370.1643981933594 3.9930592 1.577169 1.6603329 -6.228703 1.6099597 6.875201 0.0824897289276123 0.7450414299964905
