Car 0.0 0 -1.8595304489135742 741.7868041992188 187.44430541992188 959.2456665039062 329.4181213378906 3.8470557 1.4194504 1.5893339 2.8338182 1.6514784 9.530325 -1.5705089569091797 0.9815334677696228
Car 0.0 0 -1.767378568649292 670.3154296875 165.56549072265625 757.5912475585938 243.8917236328125 3.8246248 1.8922042 1.5744089 2.632761 1.7164867 19.3853 -1.6323922872543335 0.960859477519989
Car 0.0 0 -1.8327137231826782 686.2257080078125 180.5279998779297 812.7997436523438 263.30841064453125 3.6865456 1.4310657 1.5924375 2.6421268 1.6083392 14.727654 -1.6552029848098755 0.9590284824371338
Car 0.0 0 -1.4222038984298706 440.84674072265625 184.9564208984375 532.7779541015625 256.6669921875 3.856381 1.4406775 1.5804232 -2.8438308 1.7602705 17.088987 -1.5871058702468872 0.9584549069404602
Car 0.0 0 -2.1477720737457275 836.6550903320312 182.72413635253906 1242.0 375.0 4.1264443 1.5360304 1.687772 2.7451944 1.6219426 4.185348 -1.567256212234497 0.9324136972427368
Car 0.0 0 -0.9433621168136597 0.0 201.7909393310547 366.58392333984375 375.0 3.9463096 1.500411 1.638367 -3.0981843 1.761034 4.4947305 -1.546865701675415 0.9231188297271729
Car 0.0 0 1.6123626232147217 512.3594360351562 179.1164093017578 560.2034912109375 220.293212890625 4.242597 1.4399322 1.6743929 -2.8375254 1.7026234 28.055391 1.5115653276443481 0.9121586084365845
Car 0.0 0 -1.6347700357437134 639.6668701171875 175.89573669433594 674.1170654296875 205.41778564453125 3.7156932 1.4533699 1.5548973 2.373069 1.6207588 37.760353 -1.5720070600509644 0.838335394859314
Car 0.0 0 1.6571907997131348 483.27935791015625 176.24346923828125 517.2848510742188 202.82337951660156 3.937051 1.4225054 1.5845897 -6.243727 1.6256099 41.141853 1.506579041481018 0.6554831862449646
Car 0.0 0 1.6540825366973877 556.8353881835938 175.47079467773438 582.6544799804688 196.21522521972656 4.123576 1.5023639 1.62456 -3.050811 1.7092552 54.86202 1.5985310077667236 0.5994043946266174
