Pedestrian 0.0 0 1.1225135326385498 566.5362548828125 161.54090881347656 603.4739990234375 231.14149475097656 0.8974274 1.7417061 0.6225832 -0.4629526 1.2434281 18.5145 1.0975139141082764 0.8223059177398682
Pedestrian 0.0 0 -1.1573247909545898 649.547119140625 162.3856658935547 681.0419921875 222.79917907714844 0.826083 1.6716726 0.6111214 1.7869197 1.1439213 20.38312 -1.0698816776275635 0.8130166530609131
Pedestrian 0.0 0 1.3642104864120483 600.0048217773438 163.69952392578125 625.2367553710938 214.3241424560547 0.98951024 1.8264412 0.7404423 0.38371453 1.185283 26.46991 1.3787057399749756 0.7816582918167114
Pedestrian 0.0 0 1.7483577728271484 842.7181396484375 148.5973358154297 947.109130859375 374.0 0.7604874 1.7811413 0.63659775 2.2574835 1.5474169 5.6218987 2.1302011013031006 0.7465411424636841
Pedestrian 0.0 0 -0.5786300897598267 611.4196166992188 160.12635803222656 646.3546752929688 223.88897705078125 0.70557666 1.685504 0.6470425 0.7094559 1.1216793 19.445047 -0.5421611070632935 0.703171968460083
Pedestrian 0.0 0 -0.13248389959335327 970.7264404296875 130.2507781982422 1094.2808837890625 308.4277648925781 1.0332404 1.7571794 0.68775475 4.4685907 1.2531294 7.5991983 0.3990910053253174 0.6965034008026123
Pedestrian 0.0 0 2.2463855743408203 622.6049194335938 163.3555450439453 656.6428833007812 230.68798828125 0.69130164 1.6772606 0.55863416 0.94354415 1.2264653 18.335114 2.2978012561798096 0.5179923176765442
Pedestrian 0.0 0 1.9132542610168457 470.9872741699219 166.56163024902344 488.3132629394531 203.7998809814453 0.7686669 1.6522609 0.54254234 -5.4844747 0.9903939 32.29544 1.7450371980667114 0.4974527955055237
Pedestrian 0.0 0 2.045154571533203 484.3414306640625 154.84986877441406 532.6272583007812 238.0259246826172 0.6301711 1.7434713 0.8385102 -2.0370076 1.1860858 15.492476 1.9144207239151 0.455841064453125
Pedestrian 0.0 0 -1.2072409391403198 168.03997802734375 200.7701873779297 272.52850341796875 373.7606201171875 0.6710715 1.5547954 0.6977558 -3.692543 1.7518357 6.9145446 -1.6977369785308838 0.4136931896209717
Pedestrian 0.0 0 -1.780300259590149 372.8403015136719 194.2264862060547 435.0148010253906 326.170654296875 0.7739906 1.6797377 0.6624033 -2.7310069 1.8623599 9.734519 -2.0538177490234375 0.3769317865371704
Pedestrian 0.0 0 1.8008593320846558 385.5257568359375 165.71046447753906 435.4535217285156 282.8482360839844 0.7723457 1.7145572 0.57459044 -2.9301023 1.4847549 10.906997 1.5384114980697632 0.37336036562919617
Pedestrian 0.0 0 -3.3071517944335938 808.4335327148438 133.2834930419922 859.8770751953125 223.22244262695312 0.90516376 1.786922 0.62168694 4.6927104 0.8301954 14.642194 -2.997002363204956 0.3558618426322937
Pedestrian 0.0 0 2.9884836673736572 430.8878479003906 189.61956787109375 469.9988708496094 281.6648864746094 0.64414644 1.7560635 0.7945352 -3.0467331 1.924159 14.273345 2.778183698654175 0.3242345154285431
Pedestrian 0.0 0 -3.2738888263702393 687.648193359375 156.76348876953125 718.739013671875 214.06800842285156 0.88144016 1.758703 0.62894773 3.133923 1.000643 22.360956 -3.1346442699432373 0.3204096853733063
Pedestrian 0.0 0 2.292696714401245 629.180419921875 165.39195251464844 664.0236206054688 225.1175079345703 0.8274703 1.7235262 0.6426092 1.3088742 1.259827 21.246565 2.3542230129241943 0.29669907689094543
Pedestrian 0.0 0 -2.0114588737487793 745.96337890625 151.3905487060547 781.3912963867188 209.5368194580078 1.4862489 1.772042 0.50063056 5.0772805 0.8555565 22.668932 -1.791119933128357 0.2653842866420746
Cyclist 0.0 0 0.15962253510951996 477.7987060546875 163.17733764648438 515.3929443359375 247.84010314941406 0.67486995 1.7760528 0.8780692 -2.2898343 1.392914 15.509994 0.013045310974121094 0.10604176670312881
Cyclist 0.0 0 2.8053925037384033 800.9563598632812 125.34712982177734 856.339111328125 218.39767456054688 0.91945994 1.8519995 0.6222244 4.575507 0.73562664 14.620586 3.108686923980713 0.10147741436958313
Car 0.0 0 1.6810144186019897 543.952392578125 167.65577697753906 573.3345947265625 192.16424560546875 3.9295864 1.6121851 1.5903025 -2.8829594 0.70218825 49.253334 1.6225478649139404 0.8617490530014038
Car 0.0 0 -1.7210443019866943 667.2937622070312 186.73928833007812 738.1131591796875 249.3915252685547 2.9486399 1.4817896 1.3829284 2.53474 1.6303195 18.719494 -1.5864564180374146 0.33047622442245483
Car 0.0 0 -1.0661466121673584 649.6286010742188 188.94256591796875 804.4774169921875 275.5299072265625 3.4146929 1.4404507 1.5191127 2.5115519 1.6060848 14.061685 -0.8894007205963135 0.28189000487327576
